5.0, {'J01': 0}, {'J01': 0}, {'J01': 0}, 
10.0, {'J01': 0}, {'J01': 0}, {'J01': 0}, 
15.0, {'J01': -10.5}, {'J01': 1}, {'J01': 5}, 
20.0, {'J01': -68.0}, {'J01': 3}, {'J01': 9}, 
25.0, {'J01': -106.5}, {'J01': 3}, {'J01': 8}, 
30.0, {'J01': -145.5}, {'J01': 4}, {'J01': 8}, 
35.0, {'J01': -120.0}, {'J01': 4}, {'J01': 6}, 
40.0, {'J01': -189.0}, {'J01': 4}, {'J01': 9}, 
45.0, {'J01': -210.5}, {'J01': 3}, {'J01': 16}, 
50.0, {'J01': -230.0}, {'J01': 5}, {'J01': 19}, 
55.0, {'J01': -388.5}, {'J01': 6}, {'J01': 22}, 
60.0, {'J01': -630.0}, {'J01': 8}, {'J01': 30}, 
65.0, {'J01': -644.5}, {'J01': 7}, {'J01': 28}, 
70.0, {'J01': -462.5}, {'J01': 4}, {'J01': 20}, 
75.0, {'J01': -455.0}, {'J01': 4}, {'J01': 18}, 
80.0, {'J01': -649.0}, {'J01': 4}, {'J01': 25}, 
85.0, {'J01': -725.5}, {'J01': 7}, {'J01': 26}, 
90.0, {'J01': -773.5}, {'J01': 8}, {'J01': 24}, 
95.0, {'J01': -972.0}, {'J01': 8}, {'J01': 27}, 
100.0, {'J01': -1252.0}, {'J01': 8}, {'J01': 32}, 
105.0, {'J01': -1146.5}, {'J01': 7}, {'J01': 27}, 
110.0, {'J01': -759.5}, {'J01': 5}, {'J01': 20}, 
115.0, {'J01': -740.0}, {'J01': 4}, {'J01': 19}, 
120.0, {'J01': -917.0}, {'J01': 4}, {'J01': 24}, 
125.0, {'J01': -1034.5}, {'J01': 6}, {'J01': 26}, 
130.0, {'J01': -1149.5}, {'J01': 8}, {'J01': 27}, 
135.0, {'J01': -1354.5}, {'J01': 8}, {'J01': 28}, 
140.0, {'J01': -1645.0}, {'J01': 8}, {'J01': 32}, 
145.0, {'J01': -1487.0}, {'J01': 7}, {'J01': 28}, 
150.0, {'J01': -733.0}, {'J01': 4}, {'J01': 18}, 
155.0, {'J01': -754.0}, {'J01': 4}, {'J01': 16}, 
160.0, {'J01': -930.0}, {'J01': 4}, {'J01': 24}, 
165.0, {'J01': -866.5}, {'J01': 6}, {'J01': 31}, 
170.0, {'J01': -880.5}, {'J01': 8}, {'J01': 33}, 
175.0, {'J01': -1196.0}, {'J01': 8}, {'J01': 35}, 
180.0, {'J01': -1554.5}, {'J01': 8}, {'J01': 39}, 
185.0, {'J01': -1545.5}, {'J01': 7}, {'J01': 36}, 
190.0, {'J01': -918.0}, {'J01': 5}, {'J01': 23}, 
195.0, {'J01': -970.0}, {'J01': 4}, {'J01': 22}, 
200.0, {'J01': -1116.0}, {'J01': 4}, {'J01': 25}, 
205.0, {'J01': -1155.0}, {'J01': 6}, {'J01': 27}, 
210.0, {'J01': -1254.0}, {'J01': 8}, {'J01': 28}, 
215.0, {'J01': -1474.5}, {'J01': 8}, {'J01': 30}, 
220.0, {'J01': -1786.0}, {'J01': 8}, {'J01': 34}, 
225.0, {'J01': -1376.0}, {'J01': 7}, {'J01': 27}, 
230.0, {'J01': -555.0}, {'J01': 4}, {'J01': 15}, 
235.0, {'J01': -611.0}, {'J01': 4}, {'J01': 16}, 
240.0, {'J01': -777.5}, {'J01': 4}, {'J01': 20}, 
245.0, {'J01': -817.0}, {'J01': 7}, {'J01': 25}, 
250.0, {'J01': -906.5}, {'J01': 8}, {'J01': 27}, 
255.0, {'J01': -1164.5}, {'J01': 8}, {'J01': 29}, 
260.0, {'J01': -1465.0}, {'J01': 8}, {'J01': 33}, 
265.0, {'J01': -1200.0}, {'J01': 7}, {'J01': 27}, 
270.0, {'J01': -624.5}, {'J01': 4}, {'J01': 18}, 
275.0, {'J01': -547.5}, {'J01': 4}, {'J01': 15}, 
280.0, {'J01': -707.5}, {'J01': 4}, {'J01': 21}, 
285.0, {'J01': -787.5}, {'J01': 6}, {'J01': 24}, 
290.0, {'J01': -816.0}, {'J01': 8}, {'J01': 28}, 
295.0, {'J01': -1041.0}, {'J01': 8}, {'J01': 31}, 
300.0, {'J01': -1362.0}, {'J01': 8}, {'J01': 35}, 
305.0, {'J01': -1269.5}, {'J01': 7}, {'J01': 29}, 
310.0, {'J01': -745.5}, {'J01': 5}, {'J01': 19}, 
315.0, {'J01': -758.5}, {'J01': 4}, {'J01': 20}, 
320.0, {'J01': -859.5}, {'J01': 4}, {'J01': 25}, 
325.0, {'J01': -953.0}, {'J01': 6}, {'J01': 26}, 
330.0, {'J01': -990.5}, {'J01': 8}, {'J01': 27}, 
335.0, {'J01': -1270.0}, {'J01': 8}, {'J01': 31}, 
340.0, {'J01': -1587.0}, {'J01': 8}, {'J01': 34}, 
345.0, {'J01': -1447.0}, {'J01': 7}, {'J01': 31}, 
350.0, {'J01': -688.5}, {'J01': 4}, {'J01': 19}, 
355.0, {'J01': -555.5}, {'J01': 4}, {'J01': 15}, 
360.0, {'J01': -724.5}, {'J01': 4}, {'J01': 22}, 
365.0, {'J01': -903.5}, {'J01': 6}, {'J01': 28}, 
370.0, {'J01': -942.0}, {'J01': 8}, {'J01': 29}, 
375.0, {'J01': -1147.5}, {'J01': 8}, {'J01': 28}, 
380.0, {'J01': -1404.0}, {'J01': 8}, {'J01': 31}, 
385.0, {'J01': -1430.5}, {'J01': 8}, {'J01': 28}, 
390.0, {'J01': -840.5}, {'J01': 6}, {'J01': 18}, 
395.0, {'J01': -826.5}, {'J01': 5}, {'J01': 21}, 
400.0, {'J01': -1049.0}, {'J01': 5}, {'J01': 26}, 
405.0, {'J01': -1318.5}, {'J01': 7}, {'J01': 31}, 
410.0, {'J01': -1443.0}, {'J01': 8}, {'J01': 35}, 
415.0, {'J01': -1643.0}, {'J01': 8}, {'J01': 35}, 
420.0, {'J01': -2000.0}, {'J01': 8}, {'J01': 38}, 
425.0, {'J01': -1581.0}, {'J01': 7}, {'J01': 29}, 
430.0, {'J01': -980.0}, {'J01': 4}, {'J01': 19}, 
435.0, {'J01': -892.5}, {'J01': 4}, {'J01': 17}, 
440.0, {'J01': -1073.5}, {'J01': 4}, {'J01': 23}, 
445.0, {'J01': -906.5}, {'J01': 6}, {'J01': 25}, 
450.0, {'J01': -911.0}, {'J01': 8}, {'J01': 26}, 
455.0, {'J01': -1151.0}, {'J01': 8}, {'J01': 27}, 
460.0, {'J01': -1430.5}, {'J01': 8}, {'J01': 31}, 
465.0, {'J01': -1383.0}, {'J01': 7}, {'J01': 29}, 
470.0, {'J01': -863.0}, {'J01': 5}, {'J01': 20}, 
475.0, {'J01': -842.5}, {'J01': 4}, {'J01': 17}, 
480.0, {'J01': -1027.5}, {'J01': 4}, {'J01': 23}, 
485.0, {'J01': -1076.5}, {'J01': 6}, {'J01': 26}, 
490.0, {'J01': -1031.0}, {'J01': 8}, {'J01': 28}, 
495.0, {'J01': -1319.5}, {'J01': 8}, {'J01': 33}, 
500.0, {'J01': -1660.0}, {'J01': 8}, {'J01': 38}, 
505.0, {'J01': -1416.5}, {'J01': 7}, {'J01': 31}, 
510.0, {'J01': -614.5}, {'J01': 4}, {'J01': 24}, 
515.0, {'J01': -730.5}, {'J01': 4}, {'J01': 24}, 
520.0, {'J01': -861.5}, {'J01': 4}, {'J01': 27}, 
525.0, {'J01': -1083.5}, {'J01': 7}, {'J01': 32}, 
530.0, {'J01': -1305.5}, {'J01': 8}, {'J01': 36}, 
535.0, {'J01': -1502.5}, {'J01': 8}, {'J01': 34}, 
540.0, {'J01': -1805.0}, {'J01': 8}, {'J01': 39}, 
545.0, {'J01': -1694.5}, {'J01': 7}, {'J01': 33}, 
550.0, {'J01': -1003.0}, {'J01': 4}, {'J01': 21}, 
555.0, {'J01': -1007.5}, {'J01': 4}, {'J01': 18}, 
560.0, {'J01': -1195.5}, {'J01': 4}, {'J01': 23}, 
565.0, {'J01': -1325.0}, {'J01': 6}, {'J01': 28}, 
570.0, {'J01': -809.0}, {'J01': 8}, {'J01': 24}, 
575.0, {'J01': -996.0}, {'J01': 8}, {'J01': 27}, 
580.0, {'J01': -1284.0}, {'J01': 8}, {'J01': 33}, 
585.0, {'J01': -1176.0}, {'J01': 7}, {'J01': 26}, 
590.0, {'J01': -528.5}, {'J01': 4}, {'J01': 15}, 
595.0, {'J01': -544.5}, {'J01': 4}, {'J01': 14}, 
600.0, {'J01': -696.5}, {'J01': 4}, {'J01': 20}, 
605.0, {'J01': -854.0}, {'J01': 6}, {'J01': 28}, 
610.0, {'J01': -1003.0}, {'J01': 8}, {'J01': 30}, 
615.0, {'J01': -1303.5}, {'J01': 8}, {'J01': 31}, 
620.0, {'J01': -1628.0}, {'J01': 8}, {'J01': 37}, 
625.0, {'J01': -1455.0}, {'J01': 7}, {'J01': 30}, 
630.0, {'J01': -842.5}, {'J01': 4}, {'J01': 18}, 
635.0, {'J01': -908.5}, {'J01': 4}, {'J01': 18}, 
640.0, {'J01': -1061.0}, {'J01': 4}, {'J01': 23}, 
645.0, {'J01': -941.0}, {'J01': 7}, {'J01': 25}, 
650.0, {'J01': -1137.0}, {'J01': 8}, {'J01': 27}, 
655.0, {'J01': -1378.0}, {'J01': 8}, {'J01': 28}, 
660.0, {'J01': -1667.5}, {'J01': 8}, {'J01': 32}, 
665.0, {'J01': -1585.5}, {'J01': 7}, {'J01': 30}, 
670.0, {'J01': -945.5}, {'J01': 5}, {'J01': 19}, 
675.0, {'J01': -1119.0}, {'J01': 5}, {'J01': 21}, 
680.0, {'J01': -1345.0}, {'J01': 5}, {'J01': 29}, 
685.0, {'J01': -1442.0}, {'J01': 7}, {'J01': 35}, 
690.0, {'J01': -1252.5}, {'J01': 8}, {'J01': 29}, 
695.0, {'J01': -1413.0}, {'J01': 8}, {'J01': 31}, 
700.0, {'J01': -1731.5}, {'J01': 8}, {'J01': 34}, 
705.0, {'J01': -1312.5}, {'J01': 7}, {'J01': 25}, 
710.0, {'J01': -683.5}, {'J01': 4}, {'J01': 16}, 
715.0, {'J01': -573.5}, {'J01': 4}, {'J01': 16}, 
720.0, {'J01': -742.5}, {'J01': 4}, {'J01': 20}, 
725.0, {'J01': -778.5}, {'J01': 6}, {'J01': 23}, 
730.0, {'J01': -841.5}, {'J01': 8}, {'J01': 24}, 
735.0, {'J01': -1045.0}, {'J01': 8}, {'J01': 27}, 
740.0, {'J01': -1322.5}, {'J01': 8}, {'J01': 30}, 
745.0, {'J01': -1024.5}, {'J01': 7}, {'J01': 25}, 
750.0, {'J01': -605.0}, {'J01': 4}, {'J01': 18}, 
755.0, {'J01': -652.0}, {'J01': 4}, {'J01': 20}, 
760.0, {'J01': -871.5}, {'J01': 4}, {'J01': 27}, 
765.0, {'J01': -1034.0}, {'J01': 7}, {'J01': 31}, 
770.0, {'J01': -1078.5}, {'J01': 8}, {'J01': 29}, 
775.0, {'J01': -1182.5}, {'J01': 8}, {'J01': 28}, 
780.0, {'J01': -1425.5}, {'J01': 8}, {'J01': 31}, 
785.0, {'J01': -1198.0}, {'J01': 7}, {'J01': 27}, 
790.0, {'J01': -696.0}, {'J01': 5}, {'J01': 19}, 
795.0, {'J01': -681.0}, {'J01': 4}, {'J01': 18}, 
800.0, {'J01': -871.0}, {'J01': 4}, {'J01': 24}, 
805.0, {'J01': -923.0}, {'J01': 6}, {'J01': 24}, 
810.0, {'J01': -1055.5}, {'J01': 8}, {'J01': 28}, 
815.0, {'J01': -1278.0}, {'J01': 8}, {'J01': 29}, 
820.0, {'J01': -1511.5}, {'J01': 8}, {'J01': 32}, 
825.0, {'J01': -1840.5}, {'J01': 8}, {'J01': 36}, 
830.0, {'J01': -1347.0}, {'J01': 6}, {'J01': 26}, 
835.0, {'J01': -1073.0}, {'J01': 5}, {'J01': 22}, 
840.0, {'J01': -1304.0}, {'J01': 5}, {'J01': 27}, 
845.0, {'J01': -1576.0}, {'J01': 6}, {'J01': 29}, 
850.0, {'J01': -1564.0}, {'J01': 8}, {'J01': 30}, 
855.0, {'J01': -1648.0}, {'J01': 8}, {'J01': 29}, 
860.0, {'J01': -1948.5}, {'J01': 8}, {'J01': 33}, 
865.0, {'J01': -1689.5}, {'J01': 7}, {'J01': 26}, 
870.0, {'J01': -909.0}, {'J01': 4}, {'J01': 16}, 
875.0, {'J01': -762.0}, {'J01': 4}, {'J01': 15}, 
880.0, {'J01': -924.5}, {'J01': 4}, {'J01': 21}, 
885.0, {'J01': -945.0}, {'J01': 6}, {'J01': 23}, 
890.0, {'J01': -964.0}, {'J01': 8}, {'J01': 26}, 
895.0, {'J01': -1087.5}, {'J01': 8}, {'J01': 27}, 
900.0, {'J01': -1368.0}, {'J01': 8}, {'J01': 32}, 
905.0, {'J01': -1697.5}, {'J01': 8}, {'J01': 35}, 
910.0, {'J01': -1152.5}, {'J01': 6}, {'J01': 26}, 
915.0, {'J01': -935.0}, {'J01': 5}, {'J01': 24}, 
920.0, {'J01': -1185.0}, {'J01': 5}, {'J01': 29}, 
925.0, {'J01': -1355.0}, {'J01': 6}, {'J01': 33}, 
930.0, {'J01': -1584.5}, {'J01': 8}, {'J01': 37}, 
935.0, {'J01': -1748.5}, {'J01': 8}, {'J01': 32}, 
940.0, {'J01': -1960.0}, {'J01': 8}, {'J01': 34}, 
945.0, {'J01': -2245.0}, {'J01': 8}, {'J01': 35}, 
950.0, {'J01': -1944.5}, {'J01': 7}, {'J01': 28}, 
955.0, {'J01': -1765.5}, {'J01': 6}, {'J01': 25}, 
960.0, {'J01': -2027.5}, {'J01': 6}, {'J01': 31}, 
965.0, {'J01': -1756.0}, {'J01': 7}, {'J01': 29}, 
970.0, {'J01': -1908.0}, {'J01': 8}, {'J01': 29}, 
975.0, {'J01': -2146.5}, {'J01': 8}, {'J01': 30}, 
980.0, {'J01': -2454.0}, {'J01': 8}, {'J01': 34}, 
985.0, {'J01': -1812.0}, {'J01': 7}, {'J01': 27}, 
990.0, {'J01': -841.0}, {'J01': 4}, {'J01': 17}, 
995.0, {'J01': -865.5}, {'J01': 4}, {'J01': 17}, 
1000.0, {'J01': -1045.0}, {'J01': 4}, {'J01': 23}, 
1005.0, {'J01': -1079.0}, {'J01': 7}, {'J01': 24}, 
1010.0, {'J01': -1094.0}, {'J01': 8}, {'J01': 24}, 
1015.0, {'J01': -1347.0}, {'J01': 8}, {'J01': 29}, 
1020.0, {'J01': -1653.5}, {'J01': 8}, {'J01': 34}, 
1025.0, {'J01': -1436.5}, {'J01': 7}, {'J01': 30}, 
1030.0, {'J01': -788.0}, {'J01': 5}, {'J01': 19}, 
1035.0, {'J01': -707.5}, {'J01': 4}, {'J01': 18}, 
1040.0, {'J01': -898.0}, {'J01': 4}, {'J01': 22}, 
1045.0, {'J01': -1011.5}, {'J01': 7}, {'J01': 25}, 
1050.0, {'J01': -1020.5}, {'J01': 8}, {'J01': 25}, 
1055.0, {'J01': -1177.0}, {'J01': 8}, {'J01': 26}, 
1060.0, {'J01': -1443.0}, {'J01': 8}, {'J01': 30}, 
1065.0, {'J01': -1188.5}, {'J01': 7}, {'J01': 24}, 
1070.0, {'J01': -609.5}, {'J01': 4}, {'J01': 16}, 
1075.0, {'J01': -618.0}, {'J01': 4}, {'J01': 16}, 
1080.0, {'J01': -785.5}, {'J01': 4}, {'J01': 21}, 
1085.0, {'J01': -957.5}, {'J01': 7}, {'J01': 28}, 
1090.0, {'J01': -1021.5}, {'J01': 8}, {'J01': 27}, 
1095.0, {'J01': -1251.5}, {'J01': 8}, {'J01': 28}, 
1100.0, {'J01': -1550.0}, {'J01': 8}, {'J01': 35}, 
1105.0, {'J01': -1491.5}, {'J01': 7}, {'J01': 31}, 
1110.0, {'J01': -993.5}, {'J01': 5}, {'J01': 23}, 
1115.0, {'J01': -901.5}, {'J01': 5}, {'J01': 20}, 
1120.0, {'J01': -1075.0}, {'J01': 5}, {'J01': 24}, 
1125.0, {'J01': -1171.0}, {'J01': 6}, {'J01': 26}, 
1130.0, {'J01': -1177.0}, {'J01': 8}, {'J01': 27}, 
1135.0, {'J01': -1257.0}, {'J01': 8}, {'J01': 27}, 
1140.0, {'J01': -1536.0}, {'J01': 8}, {'J01': 31}, 
1145.0, {'J01': -1302.0}, {'J01': 7}, {'J01': 26}, 
1150.0, {'J01': -656.0}, {'J01': 4}, {'J01': 16}, 
1155.0, {'J01': -649.0}, {'J01': 4}, {'J01': 16}, 
1160.0, {'J01': -821.5}, {'J01': 4}, {'J01': 22}, 
1165.0, {'J01': -808.5}, {'J01': 6}, {'J01': 25}, 
1170.0, {'J01': -945.5}, {'J01': 8}, {'J01': 27}, 
1175.0, {'J01': -1220.5}, {'J01': 8}, {'J01': 29}, 
1180.0, {'J01': -1519.0}, {'J01': 8}, {'J01': 33}, 
1185.0, {'J01': -1348.0}, {'J01': 7}, {'J01': 27}, 
1190.0, {'J01': -706.5}, {'J01': 4}, {'J01': 16}, 
1195.0, {'J01': -778.5}, {'J01': 4}, {'J01': 17}, 
1200.0, {'J01': -962.0}, {'J01': 4}, {'J01': 23}, 
1205.0, {'J01': -886.0}, {'J01': 7}, {'J01': 28}, 
1210.0, {'J01': -990.0}, {'J01': 8}, {'J01': 29}, 
1215.0, {'J01': -1174.0}, {'J01': 8}, {'J01': 27}, 
1220.0, {'J01': -1453.0}, {'J01': 8}, {'J01': 30}, 
1225.0, {'J01': -1151.0}, {'J01': 7}, {'J01': 24}, 
1230.0, {'J01': -615.0}, {'J01': 5}, {'J01': 17}, 
1235.0, {'J01': -595.5}, {'J01': 4}, {'J01': 16}, 
1240.0, {'J01': -769.0}, {'J01': 4}, {'J01': 22}, 
1245.0, {'J01': -789.0}, {'J01': 6}, {'J01': 22}, 
1250.0, {'J01': -866.5}, {'J01': 8}, {'J01': 23}, 
1255.0, {'J01': -1100.0}, {'J01': 8}, {'J01': 25}, 
1260.0, {'J01': -1364.5}, {'J01': 8}, {'J01': 31}, 
1265.0, {'J01': -1260.5}, {'J01': 7}, {'J01': 29}, 
1270.0, {'J01': -570.5}, {'J01': 4}, {'J01': 17}, 
1275.0, {'J01': -602.5}, {'J01': 4}, {'J01': 18}, 
1280.0, {'J01': -796.0}, {'J01': 4}, {'J01': 25}, 
1285.0, {'J01': -875.5}, {'J01': 6}, {'J01': 28}, 
1290.0, {'J01': -1057.0}, {'J01': 8}, {'J01': 35}, 
1295.0, {'J01': -1274.5}, {'J01': 8}, {'J01': 35}, 
1300.0, {'J01': -1609.5}, {'J01': 8}, {'J01': 38}, 
1305.0, {'J01': -1876.5}, {'J01': 8}, {'J01': 36}, 
1310.0, {'J01': -2139.0}, {'J01': 8}, {'J01': 34}, 
1315.0, {'J01': -2241.0}, {'J01': 8}, {'J01': 30}, 
1320.0, {'J01': -2497.5}, {'J01': 8}, {'J01': 32}, 
1325.0, {'J01': -2691.5}, {'J01': 8}, {'J01': 32}, 
1330.0, {'J01': -2757.0}, {'J01': 8}, {'J01': 31}, 
1335.0, {'J01': -3070.0}, {'J01': 8}, {'J01': 32}, 
1340.0, {'J01': -3397.5}, {'J01': 8}, {'J01': 35}, 
1345.0, {'J01': -2456.0}, {'J01': 6}, {'J01': 27}, 
1350.0, {'J01': -1386.5}, {'J01': 4}, {'J01': 16}, 
1355.0, {'J01': -1214.0}, {'J01': 4}, {'J01': 15}, 
1360.0, {'J01': -1375.5}, {'J01': 4}, {'J01': 20}, 
1365.0, {'J01': -1385.0}, {'J01': 6}, {'J01': 24}, 
1370.0, {'J01': -1347.5}, {'J01': 8}, {'J01': 26}, 
1375.0, {'J01': -1543.0}, {'J01': 8}, {'J01': 28}, 
1380.0, {'J01': -1831.0}, {'J01': 8}, {'J01': 32}, 
1385.0, {'J01': -1486.0}, {'J01': 7}, {'J01': 26}, 
1390.0, {'J01': -693.0}, {'J01': 5}, {'J01': 20}, 
1395.0, {'J01': -713.0}, {'J01': 4}, {'J01': 19}, 
1400.0, {'J01': -875.5}, {'J01': 4}, {'J01': 24}, 
1405.0, {'J01': -1067.0}, {'J01': 6}, {'J01': 28}, 
1410.0, {'J01': -1235.5}, {'J01': 8}, {'J01': 32}, 
1415.0, {'J01': -1287.5}, {'J01': 8}, {'J01': 29}, 
1420.0, {'J01': -1548.5}, {'J01': 8}, {'J01': 32}, 
1425.0, {'J01': -1469.5}, {'J01': 8}, {'J01': 30}, 
1430.0, {'J01': -925.5}, {'J01': 6}, {'J01': 20}, 
1435.0, {'J01': -856.5}, {'J01': 5}, {'J01': 19}, 
1440.0, {'J01': -1061.0}, {'J01': 5}, {'J01': 26}, 
1445.0, {'J01': -1201.5}, {'J01': 7}, {'J01': 32}, 
1450.0, {'J01': -1277.5}, {'J01': 8}, {'J01': 31}, 
1455.0, {'J01': -1457.5}, {'J01': 8}, {'J01': 33}, 
1460.0, {'J01': -1807.5}, {'J01': 8}, {'J01': 40}, 
1465.0, {'J01': -1572.5}, {'J01': 7}, {'J01': 34}, 
1470.0, {'J01': -932.5}, {'J01': 5}, {'J01': 22}, 
1475.0, {'J01': -893.5}, {'J01': 4}, {'J01': 21}, 
1480.0, {'J01': -1117.5}, {'J01': 4}, {'J01': 27}, 
1485.0, {'J01': -1323.5}, {'J01': 6}, {'J01': 30}, 
1490.0, {'J01': -1516.5}, {'J01': 8}, {'J01': 33}, 
1495.0, {'J01': -1826.5}, {'J01': 8}, {'J01': 35}, 
1500.0, {'J01': -2188.5}, {'J01': 8}, {'J01': 39}, 
1505.0, {'J01': -2433.5}, {'J01': 8}, {'J01': 40}, 
1510.0, {'J01': -1796.0}, {'J01': 6}, {'J01': 30}, 
1515.0, {'J01': -1507.0}, {'J01': 5}, {'J01': 25}, 
1520.0, {'J01': -1716.5}, {'J01': 5}, {'J01': 30}, 
1525.0, {'J01': -1898.5}, {'J01': 7}, {'J01': 34}, 
1530.0, {'J01': -1712.5}, {'J01': 8}, {'J01': 32}, 
1535.0, {'J01': -1717.5}, {'J01': 8}, {'J01': 30}, 
1540.0, {'J01': -2030.0}, {'J01': 8}, {'J01': 34}, 
1545.0, {'J01': -1726.0}, {'J01': 7}, {'J01': 29}, 
1550.0, {'J01': -894.0}, {'J01': 4}, {'J01': 19}, 
1555.0, {'J01': -890.0}, {'J01': 4}, {'J01': 17}, 
1560.0, {'J01': -1072.5}, {'J01': 4}, {'J01': 23}, 
1565.0, {'J01': -1070.0}, {'J01': 7}, {'J01': 26}, 
1570.0, {'J01': -1096.0}, {'J01': 8}, {'J01': 27}, 
1575.0, {'J01': -1235.5}, {'J01': 8}, {'J01': 28}, 
1580.0, {'J01': -1530.5}, {'J01': 8}, {'J01': 33}, 
1585.0, {'J01': -1212.0}, {'J01': 7}, {'J01': 28}, 
1590.0, {'J01': -584.5}, {'J01': 4}, {'J01': 16}, 
1595.0, {'J01': -568.0}, {'J01': 4}, {'J01': 15}, 
1600.0, {'J01': -729.5}, {'J01': 4}, {'J01': 20}, 
1605.0, {'J01': -881.0}, {'J01': 6}, {'J01': 25}, 
1610.0, {'J01': -952.0}, {'J01': 8}, {'J01': 28}, 
1615.0, {'J01': -1036.5}, {'J01': 8}, {'J01': 28}, 
1620.0, {'J01': -1329.5}, {'J01': 8}, {'J01': 32}, 
1625.0, {'J01': -1142.0}, {'J01': 7}, {'J01': 26}, 
1630.0, {'J01': -577.0}, {'J01': 4}, {'J01': 16}, 
1635.0, {'J01': -543.0}, {'J01': 4}, {'J01': 14}, 
1640.0, {'J01': -695.0}, {'J01': 4}, {'J01': 20}, 
1645.0, {'J01': -777.0}, {'J01': 6}, {'J01': 24}, 
1650.0, {'J01': -787.5}, {'J01': 8}, {'J01': 25}, 
1655.0, {'J01': -985.5}, {'J01': 8}, {'J01': 27}, 
1660.0, {'J01': -1269.0}, {'J01': 8}, {'J01': 32}, 
1665.0, {'J01': -1182.0}, {'J01': 7}, {'J01': 26}, 
1670.0, {'J01': -602.5}, {'J01': 4}, {'J01': 18}, 
1675.0, {'J01': -598.5}, {'J01': 4}, {'J01': 17}, 
1680.0, {'J01': -727.0}, {'J01': 4}, {'J01': 22}, 
1685.0, {'J01': -889.5}, {'J01': 6}, {'J01': 26}, 
1690.0, {'J01': -937.5}, {'J01': 8}, {'J01': 27}, 
1695.0, {'J01': -981.0}, {'J01': 8}, {'J01': 26}, 
1700.0, {'J01': -1253.5}, {'J01': 8}, {'J01': 30}, 
1705.0, {'J01': -1170.5}, {'J01': 7}, {'J01': 26}, 
1710.0, {'J01': -690.0}, {'J01': 5}, {'J01': 18}, 
1715.0, {'J01': -695.5}, {'J01': 4}, {'J01': 17}, 
1720.0, {'J01': -874.5}, {'J01': 4}, {'J01': 21}, 
1725.0, {'J01': -918.0}, {'J01': 6}, {'J01': 23}, 
1730.0, {'J01': -923.5}, {'J01': 8}, {'J01': 24}, 
1735.0, {'J01': -1177.5}, {'J01': 8}, {'J01': 29}, 
1740.0, {'J01': -1478.0}, {'J01': 8}, {'J01': 33}, 
1745.0, {'J01': -1375.0}, {'J01': 7}, {'J01': 30}, 
1750.0, {'J01': -647.5}, {'J01': 4}, {'J01': 20}, 
1755.0, {'J01': -672.5}, {'J01': 4}, {'J01': 19}, 
1760.0, {'J01': -767.0}, {'J01': 4}, {'J01': 22}, 
1765.0, {'J01': -850.0}, {'J01': 6}, {'J01': 25}, 
1770.0, {'J01': -912.5}, {'J01': 8}, {'J01': 26}, 
1775.0, {'J01': -1179.0}, {'J01': 8}, {'J01': 29}, 
1780.0, {'J01': -1479.5}, {'J01': 8}, {'J01': 33}, 
1785.0, {'J01': -1204.5}, {'J01': 7}, {'J01': 26}, 
1790.0, {'J01': -860.0}, {'J01': 5}, {'J01': 21}, 
1795.0, {'J01': -792.5}, {'J01': 4}, {'J01': 16}, 
1800.0, {'J01': -969.0}, {'J01': 4}, {'J01': 23}, 
1805.0, {'J01': -1012.0}, {'J01': 6}, {'J01': 27}, 
1810.0, {'J01': -947.0}, {'J01': 8}, {'J01': 27}, 
1815.0, {'J01': -1160.0}, {'J01': 8}, {'J01': 30}, 
1820.0, {'J01': -1477.0}, {'J01': 8}, {'J01': 37}, 
1825.0, {'J01': -1321.5}, {'J01': 7}, {'J01': 35}, 
1830.0, {'J01': -707.5}, {'J01': 4}, {'J01': 22}, 
1835.0, {'J01': -736.5}, {'J01': 4}, {'J01': 20}, 
1840.0, {'J01': -915.5}, {'J01': 4}, {'J01': 25}, 
1845.0, {'J01': -1072.0}, {'J01': 7}, {'J01': 30}, 
1850.0, {'J01': -1260.5}, {'J01': 8}, {'J01': 32}, 
1855.0, {'J01': -1429.0}, {'J01': 8}, {'J01': 31}, 
1860.0, {'J01': -1714.0}, {'J01': 8}, {'J01': 32}, 
1865.0, {'J01': -1497.5}, {'J01': 7}, {'J01': 27}, 
1870.0, {'J01': -847.0}, {'J01': 4}, {'J01': 16}, 
1875.0, {'J01': -768.5}, {'J01': 4}, {'J01': 14}, 
1880.0, {'J01': -917.5}, {'J01': 4}, {'J01': 19}, 
1885.0, {'J01': -856.0}, {'J01': 6}, {'J01': 23}, 
1890.0, {'J01': -835.0}, {'J01': 8}, {'J01': 27}, 
1895.0, {'J01': -1046.5}, {'J01': 8}, {'J01': 30}, 
1900.0, {'J01': -1361.0}, {'J01': 8}, {'J01': 36}, 
1905.0, {'J01': -1250.5}, {'J01': 7}, {'J01': 30}, 
1910.0, {'J01': -678.5}, {'J01': 4}, {'J01': 21}, 
1915.0, {'J01': -670.0}, {'J01': 4}, {'J01': 19}, 
1920.0, {'J01': -767.0}, {'J01': 4}, {'J01': 23}, 
1925.0, {'J01': -948.5}, {'J01': 6}, {'J01': 28}, 
1930.0, {'J01': -1119.0}, {'J01': 8}, {'J01': 31}, 
1935.0, {'J01': -1380.5}, {'J01': 8}, {'J01': 31}, 
1940.0, {'J01': -1703.0}, {'J01': 8}, {'J01': 35}, 
1945.0, {'J01': -2053.0}, {'J01': 8}, {'J01': 35}, 
1950.0, {'J01': -1930.0}, {'J01': 7}, {'J01': 31}, 
1955.0, {'J01': -1661.5}, {'J01': 6}, {'J01': 26}, 
1960.0, {'J01': -1909.5}, {'J01': 6}, {'J01': 30}, 
1965.0, {'J01': -1952.0}, {'J01': 7}, {'J01': 29}, 
1970.0, {'J01': -2193.0}, {'J01': 8}, {'J01': 32}, 
1975.0, {'J01': -2444.5}, {'J01': 8}, {'J01': 33}, 
1980.0, {'J01': -2788.5}, {'J01': 8}, {'J01': 38}, 
1985.0, {'J01': -2707.0}, {'J01': 8}, {'J01': 36}, 
1990.0, {'J01': -2557.0}, {'J01': 8}, {'J01': 31}, 
1995.0, {'J01': -2471.5}, {'J01': 7}, {'J01': 30}, 
2000.0, {'J01': -2782.0}, {'J01': 7}, {'J01': 35}, 
2005.0, {'J01': -2357.5}, {'J01': 7}, {'J01': 31}, 
2010.0, {'J01': -2479.0}, {'J01': 8}, {'J01': 30}, 
2015.0, {'J01': -2723.0}, {'J01': 8}, {'J01': 32}, 
2020.0, {'J01': -3049.0}, {'J01': 8}, {'J01': 34}, 
2025.0, {'J01': -2570.0}, {'J01': 7}, {'J01': 29}, 
2030.0, {'J01': -1198.0}, {'J01': 4}, {'J01': 18}, 
2035.0, {'J01': -1001.0}, {'J01': 4}, {'J01': 18}, 
2040.0, {'J01': -1196.5}, {'J01': 4}, {'J01': 25}, 
2045.0, {'J01': -1346.0}, {'J01': 7}, {'J01': 29}, 
2050.0, {'J01': -1381.0}, {'J01': 8}, {'J01': 29}, 
2055.0, {'J01': -1547.5}, {'J01': 8}, {'J01': 30}, 
2060.0, {'J01': -1861.5}, {'J01': 8}, {'J01': 35}, 
2065.0, {'J01': -1492.0}, {'J01': 7}, {'J01': 30}, 
2070.0, {'J01': -707.0}, {'J01': 4}, {'J01': 21}, 
2075.0, {'J01': -671.0}, {'J01': 4}, {'J01': 18}, 
2080.0, {'J01': -767.0}, {'J01': 4}, {'J01': 25}, 
2085.0, {'J01': -969.5}, {'J01': 6}, {'J01': 30}, 
2090.0, {'J01': -1220.0}, {'J01': 8}, {'J01': 33}, 
2095.0, {'J01': -1479.5}, {'J01': 8}, {'J01': 32}, 
2100.0, {'J01': -1808.0}, {'J01': 8}, {'J01': 35}, 
2105.0, {'J01': -1698.0}, {'J01': 7}, {'J01': 32}, 
2110.0, {'J01': -1095.5}, {'J01': 4}, {'J01': 22}, 
2115.0, {'J01': -1261.5}, {'J01': 4}, {'J01': 23}, 
2120.0, {'J01': -1508.0}, {'J01': 4}, {'J01': 30}, 
2125.0, {'J01': -1233.0}, {'J01': 7}, {'J01': 32}, 
2130.0, {'J01': -1101.5}, {'J01': 8}, {'J01': 30}, 
2135.0, {'J01': -1413.5}, {'J01': 8}, {'J01': 36}, 
2140.0, {'J01': -1781.0}, {'J01': 8}, {'J01': 39}, 
2145.0, {'J01': -1318.0}, {'J01': 6}, {'J01': 30}, 
2150.0, {'J01': -719.5}, {'J01': 4}, {'J01': 19}, 
2155.0, {'J01': -692.5}, {'J01': 4}, {'J01': 18}, 
2160.0, {'J01': -783.5}, {'J01': 4}, {'J01': 23}, 
2165.0, {'J01': -962.0}, {'J01': 6}, {'J01': 29}, 
2170.0, {'J01': -1057.5}, {'J01': 8}, {'J01': 30}, 
2175.0, {'J01': -1295.5}, {'J01': 8}, {'J01': 33}, 
2180.0, {'J01': -1639.5}, {'J01': 8}, {'J01': 38}, 
2185.0, {'J01': -1596.5}, {'J01': 7}, {'J01': 35}, 
2190.0, {'J01': -922.5}, {'J01': 5}, {'J01': 22}, 
2195.0, {'J01': -905.5}, {'J01': 4}, {'J01': 19}, 
2200.0, {'J01': -1114.0}, {'J01': 4}, {'J01': 26}, 
2205.0, {'J01': -1214.5}, {'J01': 7}, {'J01': 27}, 
2210.0, {'J01': -1158.0}, {'J01': 8}, {'J01': 27}, 
2215.0, {'J01': -1365.0}, {'J01': 8}, {'J01': 29}, 
2220.0, {'J01': -1666.5}, {'J01': 8}, {'J01': 33}, 
2225.0, {'J01': -1434.0}, {'J01': 7}, {'J01': 28}, 
2230.0, {'J01': -655.0}, {'J01': 4}, {'J01': 16}, 
2235.0, {'J01': -651.0}, {'J01': 4}, {'J01': 17}, 
2240.0, {'J01': -828.5}, {'J01': 4}, {'J01': 21}, 
2245.0, {'J01': -857.5}, {'J01': 6}, {'J01': 25}, 
2250.0, {'J01': -847.5}, {'J01': 8}, {'J01': 25}, 
2255.0, {'J01': -1043.0}, {'J01': 8}, {'J01': 28}, 
2260.0, {'J01': -1342.5}, {'J01': 8}, {'J01': 35}, 
2265.0, {'J01': -1204.5}, {'J01': 7}, {'J01': 28}, 
2270.0, {'J01': -583.5}, {'J01': 4}, {'J01': 17}, 
2275.0, {'J01': -656.0}, {'J01': 4}, {'J01': 19}, 
2280.0, {'J01': -852.0}, {'J01': 4}, {'J01': 23}, 
2285.0, {'J01': -874.5}, {'J01': 7}, {'J01': 27}, 
2290.0, {'J01': -905.5}, {'J01': 8}, {'J01': 28}, 
2295.0, {'J01': -1194.0}, {'J01': 8}, {'J01': 31}, 
2300.0, {'J01': -1511.5}, {'J01': 8}, {'J01': 34}, 
2305.0, {'J01': -1399.5}, {'J01': 7}, {'J01': 31}, 
2310.0, {'J01': -870.5}, {'J01': 5}, {'J01': 23}, 
2315.0, {'J01': -803.5}, {'J01': 4}, {'J01': 22}, 
2320.0, {'J01': -938.0}, {'J01': 4}, {'J01': 24}, 
2325.0, {'J01': -1124.5}, {'J01': 6}, {'J01': 27}, 
2330.0, {'J01': -1188.0}, {'J01': 8}, {'J01': 28}, 
2335.0, {'J01': -1297.5}, {'J01': 8}, {'J01': 26}, 
2340.0, {'J01': -1561.5}, {'J01': 8}, {'J01': 28}, 
2345.0, {'J01': -1421.0}, {'J01': 7}, {'J01': 24}, 
2350.0, {'J01': -915.5}, {'J01': 5}, {'J01': 16}, 
2355.0, {'J01': -813.0}, {'J01': 4}, {'J01': 17}, 
2360.0, {'J01': -996.0}, {'J01': 4}, {'J01': 22}, 
2365.0, {'J01': -968.5}, {'J01': 6}, {'J01': 24}, 
2370.0, {'J01': -978.0}, {'J01': 8}, {'J01': 26}, 
2375.0, {'J01': -1205.5}, {'J01': 8}, {'J01': 29}, 
2380.0, {'J01': -1508.0}, {'J01': 8}, {'J01': 33}, 
2385.0, {'J01': -1416.0}, {'J01': 7}, {'J01': 29}, 
2390.0, {'J01': -740.0}, {'J01': 5}, {'J01': 20}, 
2395.0, {'J01': -815.5}, {'J01': 5}, {'J01': 21}, 
2400.0, {'J01': -980.5}, {'J01': 5}, {'J01': 24}, 
2405.0, {'J01': -1006.5}, {'J01': 7}, {'J01': 28}, 
2410.0, {'J01': -1142.5}, {'J01': 8}, {'J01': 30}, 
2415.0, {'J01': -1390.0}, {'J01': 8}, {'J01': 31}, 
2420.0, {'J01': -1721.5}, {'J01': 8}, {'J01': 39}, 
2425.0, {'J01': -1475.5}, {'J01': 7}, {'J01': 33}, 
2430.0, {'J01': -685.0}, {'J01': 4}, {'J01': 18}, 
2435.0, {'J01': -611.0}, {'J01': 4}, {'J01': 18}, 
2440.0, {'J01': -730.0}, {'J01': 4}, {'J01': 23}, 
2445.0, {'J01': -854.5}, {'J01': 6}, {'J01': 28}, 
2450.0, {'J01': -887.5}, {'J01': 8}, {'J01': 28}, 
2455.0, {'J01': -1122.5}, {'J01': 8}, {'J01': 34}, 
2460.0, {'J01': -1475.5}, {'J01': 8}, {'J01': 38}, 
2465.0, {'J01': -1434.5}, {'J01': 7}, {'J01': 35}, 
2470.0, {'J01': -883.5}, {'J01': 5}, {'J01': 24}, 
2475.0, {'J01': -915.0}, {'J01': 4}, {'J01': 22}, 
2480.0, {'J01': -1048.0}, {'J01': 4}, {'J01': 26}, 
2485.0, {'J01': -1019.5}, {'J01': 6}, {'J01': 24}, 
2490.0, {'J01': -939.5}, {'J01': 8}, {'J01': 26}, 
2495.0, {'J01': -1206.0}, {'J01': 8}, {'J01': 30}, 
2500.0, {'J01': -1512.0}, {'J01': 8}, {'J01': 32}, 
2505.0, {'J01': -1436.5}, {'J01': 7}, {'J01': 30}, 
2510.0, {'J01': -799.5}, {'J01': 5}, {'J01': 18}, 
2515.0, {'J01': -687.0}, {'J01': 4}, {'J01': 19}, 
2520.0, {'J01': -885.5}, {'J01': 4}, {'J01': 23}, 
2525.0, {'J01': -1045.5}, {'J01': 7}, {'J01': 28}, 
2530.0, {'J01': -1168.5}, {'J01': 8}, {'J01': 29}, 
2535.0, {'J01': -1413.0}, {'J01': 8}, {'J01': 33}, 
2540.0, {'J01': -1755.0}, {'J01': 8}, {'J01': 37}, 
2545.0, {'J01': -2027.0}, {'J01': 8}, {'J01': 36}, 
2550.0, {'J01': -2163.5}, {'J01': 8}, {'J01': 32}, 
2555.0, {'J01': -2428.5}, {'J01': 8}, {'J01': 31}, 
2560.0, {'J01': -2744.0}, {'J01': 8}, {'J01': 34}, 
2565.0, {'J01': -2808.0}, {'J01': 8}, {'J01': 30}, 
2570.0, {'J01': -2790.0}, {'J01': 8}, {'J01': 28}, 
2575.0, {'J01': -3079.5}, {'J01': 8}, {'J01': 33}, 
2580.0, {'J01': -3420.0}, {'J01': 8}, {'J01': 38}, 
2585.0, {'J01': -2575.0}, {'J01': 7}, {'J01': 31}, 
2590.0, {'J01': -1572.0}, {'J01': 6}, {'J01': 22}, 
2595.0, {'J01': -1232.5}, {'J01': 4}, {'J01': 20}, 
2600.0, {'J01': -1446.0}, {'J01': 4}, {'J01': 25}, 
2605.0, {'J01': -1588.5}, {'J01': 6}, {'J01': 30}, 
2610.0, {'J01': -1661.5}, {'J01': 8}, {'J01': 31}, 
2615.0, {'J01': -1873.5}, {'J01': 8}, {'J01': 32}, 
2620.0, {'J01': -2212.0}, {'J01': 8}, {'J01': 38}, 
2625.0, {'J01': -1952.5}, {'J01': 7}, {'J01': 33}, 
2630.0, {'J01': -779.5}, {'J01': 4}, {'J01': 21}, 
2635.0, {'J01': -692.5}, {'J01': 4}, {'J01': 18}, 
2640.0, {'J01': -788.0}, {'J01': 4}, {'J01': 22}, 
2645.0, {'J01': -961.0}, {'J01': 7}, {'J01': 27}, 
2650.0, {'J01': -1194.0}, {'J01': 8}, {'J01': 33}, 
2655.0, {'J01': -1473.5}, {'J01': 8}, {'J01': 32}, 
2660.0, {'J01': -1796.0}, {'J01': 8}, {'J01': 34}, 
2665.0, {'J01': -2139.5}, {'J01': 8}, {'J01': 36}, 
2670.0, {'J01': -2239.5}, {'J01': 8}, {'J01': 31}, 
2675.0, {'J01': -2403.0}, {'J01': 8}, {'J01': 30}, 
2680.0, {'J01': -2716.0}, {'J01': 8}, {'J01': 36}, 
2685.0, {'J01': -2849.5}, {'J01': 8}, {'J01': 35}, 
2690.0, {'J01': -2650.5}, {'J01': 8}, {'J01': 29}, 
2695.0, {'J01': -2871.5}, {'J01': 8}, {'J01': 29}, 
2700.0, {'J01': -3170.5}, {'J01': 8}, {'J01': 32}, 
2705.0, {'J01': -2181.5}, {'J01': 6}, {'J01': 25}, 
2710.0, {'J01': -1384.0}, {'J01': 4}, {'J01': 16}, 
2715.0, {'J01': -1208.0}, {'J01': 4}, {'J01': 15}, 
2720.0, {'J01': -1367.0}, {'J01': 4}, {'J01': 20}, 
2725.0, {'J01': -1522.5}, {'J01': 6}, {'J01': 26}, 
2730.0, {'J01': -1444.5}, {'J01': 8}, {'J01': 27}, 
2735.0, {'J01': -1584.5}, {'J01': 8}, {'J01': 27}, 
2740.0, {'J01': -1867.5}, {'J01': 8}, {'J01': 31}, 
2745.0, {'J01': -1566.0}, {'J01': 7}, {'J01': 25}, 
2750.0, {'J01': -586.5}, {'J01': 4}, {'J01': 14}, 
2755.0, {'J01': -604.0}, {'J01': 4}, {'J01': 13}, 
2760.0, {'J01': -751.5}, {'J01': 4}, {'J01': 19}, 
2765.0, {'J01': -776.5}, {'J01': 6}, {'J01': 25}, 
2770.0, {'J01': -842.0}, {'J01': 8}, {'J01': 26}, 
2775.0, {'J01': -1042.5}, {'J01': 8}, {'J01': 28}, 
2780.0, {'J01': -1333.0}, {'J01': 8}, {'J01': 32}, 
2785.0, {'J01': -1033.0}, {'J01': 7}, {'J01': 27}, 
2790.0, {'J01': -550.0}, {'J01': 4}, {'J01': 17}, 
2795.0, {'J01': -648.0}, {'J01': 4}, {'J01': 17}, 
2800.0, {'J01': -834.5}, {'J01': 4}, {'J01': 25}, 
2805.0, {'J01': -929.0}, {'J01': 7}, {'J01': 30}, 
2810.0, {'J01': -1005.0}, {'J01': 8}, {'J01': 31}, 
2815.0, {'J01': -1225.0}, {'J01': 8}, {'J01': 33}, 
2820.0, {'J01': -1564.5}, {'J01': 8}, {'J01': 37}, 
2825.0, {'J01': -1749.0}, {'J01': 8}, {'J01': 35}, 
2830.0, {'J01': -1183.0}, {'J01': 6}, {'J01': 27}, 
2835.0, {'J01': -1154.5}, {'J01': 6}, {'J01': 24}, 
2840.0, {'J01': -1367.0}, {'J01': 6}, {'J01': 31}, 
2845.0, {'J01': -1619.0}, {'J01': 7}, {'J01': 33}, 
2850.0, {'J01': -1805.5}, {'J01': 8}, {'J01': 32}, 
2855.0, {'J01': -2017.5}, {'J01': 8}, {'J01': 32}, 
2860.0, {'J01': -2288.0}, {'J01': 8}, {'J01': 34}, 
2865.0, {'J01': -2518.0}, {'J01': 8}, {'J01': 33}, 
2870.0, {'J01': -2170.0}, {'J01': 7}, {'J01': 28}, 
2875.0, {'J01': -2409.5}, {'J01': 7}, {'J01': 28}, 
2880.0, {'J01': -2646.5}, {'J01': 7}, {'J01': 28}, 
2885.0, {'J01': -2603.0}, {'J01': 7}, {'J01': 26}, 
2890.0, {'J01': -2551.0}, {'J01': 8}, {'J01': 25}, 
2895.0, {'J01': -2805.0}, {'J01': 8}, {'J01': 28}, 
2900.0, {'J01': -3100.0}, {'J01': 8}, {'J01': 34}, 
2905.0, {'J01': -2428.5}, {'J01': 7}, {'J01': 27}, 
2910.0, {'J01': -1100.5}, {'J01': 4}, {'J01': 19}, 
2915.0, {'J01': -864.5}, {'J01': 4}, {'J01': 16}, 
2920.0, {'J01': -1015.0}, {'J01': 4}, {'J01': 21}, 
2925.0, {'J01': -1105.5}, {'J01': 6}, {'J01': 24}, 
2930.0, {'J01': -1129.5}, {'J01': 8}, {'J01': 25}, 
2935.0, {'J01': -1342.0}, {'J01': 8}, {'J01': 29}, 
2940.0, {'J01': -1614.0}, {'J01': 8}, {'J01': 30}, 
2945.0, {'J01': -1813.0}, {'J01': 8}, {'J01': 30}, 
2950.0, {'J01': -964.5}, {'J01': 6}, {'J01': 23}, 
2955.0, {'J01': -838.0}, {'J01': 5}, {'J01': 20}, 
2960.0, {'J01': -1050.0}, {'J01': 5}, {'J01': 27}, 
2965.0, {'J01': -1239.5}, {'J01': 6}, {'J01': 28}, 
2970.0, {'J01': -1367.5}, {'J01': 8}, {'J01': 31}, 
2975.0, {'J01': -1627.5}, {'J01': 8}, {'J01': 31}, 
2980.0, {'J01': -1945.5}, {'J01': 8}, {'J01': 34}, 
2985.0, {'J01': -2222.5}, {'J01': 8}, {'J01': 36}, 
2990.0, {'J01': -1751.0}, {'J01': 6}, {'J01': 27}, 
2995.0, {'J01': -1555.0}, {'J01': 5}, {'J01': 23}, 
3000.0, {'J01': -1735.0}, {'J01': 5}, {'J01': 28}, 
3005.0, {'J01': -1958.0}, {'J01': 6}, {'J01': 30}, 
3010.0, {'J01': -1710.0}, {'J01': 8}, {'J01': 28}, 
3015.0, {'J01': -1995.5}, {'J01': 8}, {'J01': 31}, 
3020.0, {'J01': -2313.5}, {'J01': 8}, {'J01': 34}, 
3025.0, {'J01': -1871.0}, {'J01': 7}, {'J01': 29}, 
3030.0, {'J01': -1062.0}, {'J01': 4}, {'J01': 16}, 
3035.0, {'J01': -877.0}, {'J01': 4}, {'J01': 14}, 
3040.0, {'J01': -1025.0}, {'J01': 4}, {'J01': 19}, 
3045.0, {'J01': -1165.0}, {'J01': 6}, {'J01': 24}, 
3050.0, {'J01': -1125.0}, {'J01': 8}, {'J01': 27}, 
3055.0, {'J01': -1171.0}, {'J01': 8}, {'J01': 29}, 
3060.0, {'J01': -1469.5}, {'J01': 8}, {'J01': 32}, 
3065.0, {'J01': -1292.0}, {'J01': 7}, {'J01': 28}, 
3070.0, {'J01': -761.5}, {'J01': 5}, {'J01': 17}, 
3075.0, {'J01': -715.0}, {'J01': 5}, {'J01': 15}, 
3080.0, {'J01': -873.0}, {'J01': 5}, {'J01': 19}, 
3085.0, {'J01': -946.5}, {'J01': 6}, {'J01': 25}, 
3090.0, {'J01': -935.5}, {'J01': 8}, {'J01': 26}, 
3095.0, {'J01': -1183.5}, {'J01': 8}, {'J01': 28}, 
3100.0, {'J01': -1470.5}, {'J01': 8}, {'J01': 31}, 
3105.0, {'J01': -1230.0}, {'J01': 7}, {'J01': 25}, 
3110.0, {'J01': -783.5}, {'J01': 4}, {'J01': 16}, 
3115.0, {'J01': -782.5}, {'J01': 4}, {'J01': 16}, 
3120.0, {'J01': -951.0}, {'J01': 4}, {'J01': 20}, 
3125.0, {'J01': -1047.0}, {'J01': 6}, {'J01': 27}, 
3130.0, {'J01': -1074.5}, {'J01': 8}, {'J01': 28}, 
3135.0, {'J01': -1230.5}, {'J01': 8}, {'J01': 29}, 
3140.0, {'J01': -1531.0}, {'J01': 8}, {'J01': 34}, 
3145.0, {'J01': -1330.5}, {'J01': 7}, {'J01': 28}, 
3150.0, {'J01': -816.0}, {'J01': 4}, {'J01': 18}, 
3155.0, {'J01': -813.0}, {'J01': 4}, {'J01': 17}, 
3160.0, {'J01': -1002.5}, {'J01': 4}, {'J01': 26}, 
3165.0, {'J01': -1196.5}, {'J01': 6}, {'J01': 30}, 
3170.0, {'J01': -938.5}, {'J01': 8}, {'J01': 34}, 
3175.0, {'J01': -1292.0}, {'J01': 10}, {'J01': 39}, 
3180.0, {'J01': -1695.5}, {'J01': 10}, {'J01': 44}, 
3185.0, {'J01': -1614.5}, {'J01': 10}, {'J01': 40}, 
3190.0, {'J01': -958.5}, {'J01': 7}, {'J01': 28}, 
3195.0, {'J01': -952.5}, {'J01': 6}, {'J01': 23}, 
3200.0, {'J01': -1198.5}, {'J01': 7}, {'J01': 32}, 
3205.0, {'J01': -1393.5}, {'J01': 9}, {'J01': 37}, 
3210.0, {'J01': -1538.5}, {'J01': 9}, {'J01': 39}, 
3215.0, {'J01': -1775.0}, {'J01': 9}, {'J01': 38}, 
3220.0, {'J01': -2128.5}, {'J01': 9}, {'J01': 42}, 
3225.0, {'J01': -2453.5}, {'J01': 9}, {'J01': 40}, 
3230.0, {'J01': -2790.5}, {'J01': 9}, {'J01': 39}, 
3235.0, {'J01': -3023.0}, {'J01': 10}, {'J01': 40}, 
3240.0, {'J01': -3385.0}, {'J01': 11}, {'J01': 42}, 
3245.0, {'J01': -3433.0}, {'J01': 13}, {'J01': 40}, 
3250.0, {'J01': -3645.0}, {'J01': 13}, {'J01': 37}, 
3255.0, {'J01': -3938.5}, {'J01': 14}, {'J01': 39}, 
3260.0, {'J01': -4345.5}, {'J01': 15}, {'J01': 45}, 
3265.0, {'J01': -3096.0}, {'J01': 12}, {'J01': 35}, 
3270.0, {'J01': -1713.0}, {'J01': 7}, {'J01': 24}, 
3275.0, {'J01': -1297.0}, {'J01': 4}, {'J01': 20}, 
3280.0, {'J01': -1388.0}, {'J01': 4}, {'J01': 23}, 
3285.0, {'J01': -1497.0}, {'J01': 6}, {'J01': 26}, 
3290.0, {'J01': -1422.0}, {'J01': 8}, {'J01': 24}, 
3295.0, {'J01': -1672.0}, {'J01': 8}, {'J01': 28}, 
3300.0, {'J01': -1959.5}, {'J01': 8}, {'J01': 31}, 
3305.0, {'J01': -1498.5}, {'J01': 7}, {'J01': 26}, 
3310.0, {'J01': -563.5}, {'J01': 4}, {'J01': 17}, 
3315.0, {'J01': -677.5}, {'J01': 4}, {'J01': 19}, 
3320.0, {'J01': -875.0}, {'J01': 4}, {'J01': 24}, 
3325.0, {'J01': -876.5}, {'J01': 7}, {'J01': 23}, 
3330.0, {'J01': -893.0}, {'J01': 8}, {'J01': 27}, 
3335.0, {'J01': -1115.0}, {'J01': 8}, {'J01': 29}, 
3340.0, {'J01': -1424.5}, {'J01': 8}, {'J01': 36}, 
3345.0, {'J01': -1355.5}, {'J01': 7}, {'J01': 31}, 
3350.0, {'J01': -874.5}, {'J01': 5}, {'J01': 22}, 
3355.0, {'J01': -979.0}, {'J01': 5}, {'J01': 21}, 
3360.0, {'J01': -1100.5}, {'J01': 5}, {'J01': 23}, 
3365.0, {'J01': -1283.0}, {'J01': 7}, {'J01': 29}, 
3370.0, {'J01': -1461.5}, {'J01': 8}, {'J01': 31}, 
3375.0, {'J01': -1778.0}, {'J01': 8}, {'J01': 33}, 
3380.0, {'J01': -2119.5}, {'J01': 8}, {'J01': 38}, 
3385.0, {'J01': -2504.5}, {'J01': 8}, {'J01': 39}, 
3390.0, {'J01': -2296.0}, {'J01': 7}, {'J01': 35}, 
3395.0, {'J01': -2525.5}, {'J01': 7}, {'J01': 34}, 
3400.0, {'J01': -2829.5}, {'J01': 7}, {'J01': 37}, 
3405.0, {'J01': -3014.5}, {'J01': 7}, {'J01': 37}, 
3410.0, {'J01': -3335.0}, {'J01': 8}, {'J01': 39}, 
3415.0, {'J01': -3666.0}, {'J01': 8}, {'J01': 40}, 
3420.0, {'J01': -4070.0}, {'J01': 8}, {'J01': 43}, 
3425.0, {'J01': -3376.5}, {'J01': 7}, {'J01': 39}, 
3430.0, {'J01': -2002.5}, {'J01': 6}, {'J01': 25}, 
3435.0, {'J01': -1907.0}, {'J01': 6}, {'J01': 23}, 
3440.0, {'J01': -2145.0}, {'J01': 6}, {'J01': 28}, 
3445.0, {'J01': -1238.5}, {'J01': 6}, {'J01': 25}, 
3450.0, {'J01': -1183.0}, {'J01': 8}, {'J01': 27}, 
3455.0, {'J01': -1385.5}, {'J01': 8}, {'J01': 30}, 
3460.0, {'J01': -1698.5}, {'J01': 8}, {'J01': 35}, 
3465.0, {'J01': -1388.5}, {'J01': 7}, {'J01': 29}, 
3470.0, {'J01': -572.0}, {'J01': 4}, {'J01': 17}, 
3475.0, {'J01': -610.0}, {'J01': 4}, {'J01': 17}, 
3480.0, {'J01': -788.0}, {'J01': 4}, {'J01': 22}, 
3485.0, {'J01': -888.5}, {'J01': 7}, {'J01': 26}, 
3490.0, {'J01': -923.5}, {'J01': 8}, {'J01': 27}, 
3495.0, {'J01': -1093.5}, {'J01': 8}, {'J01': 27}, 
3500.0, {'J01': -1370.5}, {'J01': 8}, {'J01': 30}, 
3505.0, {'J01': -1677.5}, {'J01': 8}, {'J01': 32}, 
3510.0, {'J01': -1517.5}, {'J01': 7}, {'J01': 26}, 
3515.0, {'J01': -1313.0}, {'J01': 6}, {'J01': 23}, 
3520.0, {'J01': -1497.5}, {'J01': 6}, {'J01': 27}, 
3525.0, {'J01': -1559.5}, {'J01': 7}, {'J01': 23}, 
3530.0, {'J01': -1639.0}, {'J01': 8}, {'J01': 24}, 
3535.0, {'J01': -1891.5}, {'J01': 8}, {'J01': 29}, 
3540.0, {'J01': -2197.0}, {'J01': 8}, {'J01': 36}, 
3545.0, {'J01': -1629.0}, {'J01': 7}, {'J01': 30}, 
3550.0, {'J01': -931.5}, {'J01': 4}, {'J01': 19}, 
3555.0, {'J01': -761.5}, {'J01': 4}, {'J01': 17}, 
3560.0, {'J01': -845.0}, {'J01': 4}, {'J01': 19}, 
3565.0, {'J01': -972.5}, {'J01': 6}, {'J01': 23}, 
3570.0, {'J01': -906.0}, {'J01': 8}, {'J01': 24}, 
3575.0, {'J01': -1147.5}, {'J01': 8}, {'J01': 26}, 
3580.0, {'J01': -1416.0}, {'J01': 8}, {'J01': 29}, 
3585.0, {'J01': -1153.0}, {'J01': 7}, {'J01': 28}, 
3590.0, {'J01': -697.5}, {'J01': 5}, {'J01': 20}, 
3595.0, {'J01': -699.5}, {'J01': 4}, {'J01': 19}, 
3600.0, {'J01': -896.5}, {'J01': 4}, {'J01': 23}, 
3605.0, {'J01': -963.5}, {'J01': 7}, {'J01': 26}, 
3610.0, {'J01': -1000.0}, {'J01': 8}, {'J01': 24}, 
3615.0, {'J01': -1246.5}, {'J01': 8}, {'J01': 27}, 
3620.0, {'J01': -1522.5}, {'J01': 8}, {'J01': 30}, 
3625.0, {'J01': -1405.0}, {'J01': 7}, {'J01': 30}, 
3630.0, {'J01': -743.5}, {'J01': 5}, {'J01': 20}, 
3635.0, {'J01': -684.0}, {'J01': 4}, {'J01': 18}, 
3640.0, {'J01': -799.0}, {'J01': 4}, {'J01': 21}, 
3645.0, {'J01': -957.0}, {'J01': 6}, {'J01': 24}, 
3650.0, {'J01': -1029.5}, {'J01': 8}, {'J01': 27}, 
3655.0, {'J01': -1149.5}, {'J01': 8}, {'J01': 27}, 
3660.0, {'J01': -1426.5}, {'J01': 8}, {'J01': 30}, 
3665.0, {'J01': -1242.0}, {'J01': 7}, {'J01': 26}, 
3670.0, {'J01': -693.0}, {'J01': 4}, {'J01': 17}, 
3675.0, {'J01': -689.5}, {'J01': 4}, {'J01': 16}, 
3680.0, {'J01': -753.0}, {'J01': 4}, {'J01': 18}, 
3685.0, {'J01': -751.0}, {'J01': 6}, {'J01': 21}, 
3690.0, {'J01': -737.5}, {'J01': 8}, {'J01': 22}, 
3695.0, {'J01': -959.5}, {'J01': 8}, {'J01': 24}, 
3700.0, {'J01': -1206.0}, {'J01': 8}, {'J01': 27}, 
3705.0, {'J01': -1122.5}, {'J01': 7}, {'J01': 25}, 
3710.0, {'J01': -525.0}, {'J01': 4}, {'J01': 15}, 
3715.0, {'J01': -553.5}, {'J01': 4}, {'J01': 15}, 
3720.0, {'J01': -711.5}, {'J01': 4}, {'J01': 19}, 
3725.0, {'J01': -792.0}, {'J01': 6}, {'J01': 22}, 
3730.0, {'J01': -788.5}, {'J01': 8}, {'J01': 23}, 
3735.0, {'J01': -960.0}, {'J01': 8}, {'J01': 24}, 
3740.0, {'J01': -1206.0}, {'J01': 8}, {'J01': 27}, 
3745.0, {'J01': -1123.0}, {'J01': 7}, {'J01': 25}, 
3750.0, {'J01': -525.0}, {'J01': 4}, {'J01': 15}, 
3755.0, {'J01': -615.5}, {'J01': 4}, {'J01': 16}, 
3760.0, {'J01': -783.0}, {'J01': 4}, {'J01': 20}, 
3765.0, {'J01': -823.0}, {'J01': 7}, {'J01': 23}, 
3770.0, {'J01': -886.0}, {'J01': 8}, {'J01': 23}, 
3775.0, {'J01': -1058.5}, {'J01': 8}, {'J01': 24}, 
3780.0, {'J01': -1309.0}, {'J01': 8}, {'J01': 28}, 
3785.0, {'J01': -1000.0}, {'J01': 6}, {'J01': 24}, 
3790.0, {'J01': -575.5}, {'J01': 4}, {'J01': 17}, 
3795.0, {'J01': -568.0}, {'J01': 4}, {'J01': 15}, 
3800.0, {'J01': -725.5}, {'J01': 4}, {'J01': 19}, 
3805.0, {'J01': -805.5}, {'J01': 6}, {'J01': 23}, 
3810.0, {'J01': -809.0}, {'J01': 8}, {'J01': 24}, 
3815.0, {'J01': -996.5}, {'J01': 8}, {'J01': 25}, 
3820.0, {'J01': -1253.5}, {'J01': 8}, {'J01': 28}, 
3825.0, {'J01': -883.5}, {'J01': 6}, {'J01': 22}, 
3830.0, {'J01': -564.5}, {'J01': 4}, {'J01': 15}, 
3835.0, {'J01': -542.0}, {'J01': 4}, {'J01': 14}, 
3840.0, {'J01': -691.5}, {'J01': 4}, {'J01': 18}, 
3845.0, {'J01': -709.5}, {'J01': 6}, {'J01': 21}, 
3850.0, {'J01': -754.0}, {'J01': 8}, {'J01': 22}, 
3855.0, {'J01': -976.5}, {'J01': 8}, {'J01': 24}, 
3860.0, {'J01': -1223.0}, {'J01': 8}, {'J01': 27}, 
3865.0, {'J01': -1134.5}, {'J01': 7}, {'J01': 25}, 
3870.0, {'J01': -533.5}, {'J01': 4}, {'J01': 15}, 
3875.0, {'J01': -561.5}, {'J01': 4}, {'J01': 15}, 
3880.0, {'J01': -718.5}, {'J01': 4}, {'J01': 19}, 
3885.0, {'J01': -745.0}, {'J01': 6}, {'J01': 21}, 
3890.0, {'J01': -795.5}, {'J01': 8}, {'J01': 23}, 
3895.0, {'J01': -970.0}, {'J01': 8}, {'J01': 25}, 
3900.0, {'J01': -1227.5}, {'J01': 8}, {'J01': 28}, 
3905.0, {'J01': -982.0}, {'J01': 7}, {'J01': 24}, 
3910.0, {'J01': -561.5}, {'J01': 4}, {'J01': 16}, 
3915.0, {'J01': -555.5}, {'J01': 4}, {'J01': 15}, 
3920.0, {'J01': -713.0}, {'J01': 4}, {'J01': 19}, 
3925.0, {'J01': -794.5}, {'J01': 6}, {'J01': 23}, 
3930.0, {'J01': -804.5}, {'J01': 8}, {'J01': 25}, 
3935.0, {'J01': -995.5}, {'J01': 8}, {'J01': 26}, 
3940.0, {'J01': -1262.0}, {'J01': 8}, {'J01': 29}, 
3945.0, {'J01': -1145.0}, {'J01': 7}, {'J01': 25}, 
3950.0, {'J01': -610.5}, {'J01': 4}, {'J01': 17}, 
3955.0, {'J01': -550.5}, {'J01': 4}, {'J01': 15}, 
3960.0, {'J01': -686.0}, {'J01': 4}, {'J01': 17}, 
3965.0, {'J01': -751.0}, {'J01': 6}, {'J01': 21}, 
3970.0, {'J01': -737.5}, {'J01': 8}, {'J01': 22}, 
3975.0, {'J01': -959.5}, {'J01': 8}, {'J01': 24}, 
3980.0, {'J01': -1206.5}, {'J01': 8}, {'J01': 27}, 
3985.0, {'J01': -1002.0}, {'J01': 7}, {'J01': 23}, 
3990.0, {'J01': -515.0}, {'J01': 4}, {'J01': 15}, 
3995.0, {'J01': -533.5}, {'J01': 4}, {'J01': 14}, 
4000.0, {'J01': -684.0}, {'J01': 4}, {'J01': 20}, 
4005.0, {'J01': -752.5}, {'J01': 6}, {'J01': 22}, 
4010.0, {'J01': -747.0}, {'J01': 8}, {'J01': 24}, 
4015.0, {'J01': -995.5}, {'J01': 8}, {'J01': 28}, 
4020.0, {'J01': -1281.5}, {'J01': 8}, {'J01': 31}, 
4025.0, {'J01': -1595.0}, {'J01': 8}, {'J01': 32}, 
4030.0, {'J01': -1144.0}, {'J01': 6}, {'J01': 24}, 
4035.0, {'J01': -876.5}, {'J01': 5}, {'J01': 20}, 
4040.0, {'J01': -978.5}, {'J01': 5}, {'J01': 22}, 
4045.0, {'J01': -1080.0}, {'J01': 6}, {'J01': 22}, 
4050.0, {'J01': -1077.5}, {'J01': 8}, {'J01': 22}, 
4055.0, {'J01': -1299.0}, {'J01': 8}, {'J01': 24}, 
4060.0, {'J01': -1545.0}, {'J01': 8}, {'J01': 27}, 
4065.0, {'J01': -1448.0}, {'J01': 7}, {'J01': 24}, 
4070.0, {'J01': -665.0}, {'J01': 4}, {'J01': 14}, 
4075.0, {'J01': -543.5}, {'J01': 4}, {'J01': 14}, 
4080.0, {'J01': -691.0}, {'J01': 4}, {'J01': 17}, 
4085.0, {'J01': -703.5}, {'J01': 6}, {'J01': 20}, 
4090.0, {'J01': -744.0}, {'J01': 8}, {'J01': 22}, 
4095.0, {'J01': -966.0}, {'J01': 8}, {'J01': 24}, 
4100.0, {'J01': -1212.0}, {'J01': 8}, {'J01': 27}, 
4105.0, {'J01': -1068.0}, {'J01': 7}, {'J01': 23}, 
4110.0, {'J01': -513.5}, {'J01': 4}, {'J01': 14}, 
4115.0, {'J01': -533.5}, {'J01': 4}, {'J01': 15}, 
4120.0, {'J01': -697.5}, {'J01': 4}, {'J01': 21}, 
4125.0, {'J01': -773.5}, {'J01': 6}, {'J01': 23}, 
4130.0, {'J01': -777.0}, {'J01': 8}, {'J01': 23}, 
4135.0, {'J01': -968.0}, {'J01': 8}, {'J01': 24}, 
4140.0, {'J01': -1214.5}, {'J01': 8}, {'J01': 27}, 
4145.0, {'J01': -1488.5}, {'J01': 8}, {'J01': 28}, 
4150.0, {'J01': -995.5}, {'J01': 6}, {'J01': 20}, 
4155.0, {'J01': -790.0}, {'J01': 5}, {'J01': 18}, 
4160.0, {'J01': -975.5}, {'J01': 5}, {'J01': 21}, 
4165.0, {'J01': -1017.5}, {'J01': 6}, {'J01': 21}, 
4170.0, {'J01': -1065.5}, {'J01': 8}, {'J01': 22}, 
4175.0, {'J01': -1288.5}, {'J01': 8}, {'J01': 24}, 
4180.0, {'J01': -1536.0}, {'J01': 8}, {'J01': 27}, 
4185.0, {'J01': -1441.0}, {'J01': 7}, {'J01': 24}, 
4190.0, {'J01': -667.0}, {'J01': 4}, {'J01': 14}, 
4195.0, {'J01': -545.0}, {'J01': 4}, {'J01': 14}, 
4200.0, {'J01': -693.5}, {'J01': 4}, {'J01': 18}, 
4205.0, {'J01': -710.5}, {'J01': 6}, {'J01': 21}, 
4210.0, {'J01': -755.5}, {'J01': 8}, {'J01': 22}, 
4215.0, {'J01': -978.0}, {'J01': 8}, {'J01': 24}, 
4220.0, {'J01': -1229.5}, {'J01': 8}, {'J01': 28}, 
4225.0, {'J01': -919.0}, {'J01': 6}, {'J01': 23}, 
4230.0, {'J01': -546.5}, {'J01': 4}, {'J01': 15}, 
4235.0, {'J01': -541.5}, {'J01': 4}, {'J01': 14}, 
4240.0, {'J01': -689.0}, {'J01': 4}, {'J01': 18}, 
4245.0, {'J01': -762.0}, {'J01': 6}, {'J01': 22}, 
4250.0, {'J01': -754.5}, {'J01': 8}, {'J01': 22}, 
4255.0, {'J01': -977.5}, {'J01': 8}, {'J01': 24}, 
4260.0, {'J01': -1226.0}, {'J01': 8}, {'J01': 28}, 
4265.0, {'J01': -1034.0}, {'J01': 7}, {'J01': 25}, 
4270.0, {'J01': -559.0}, {'J01': 4}, {'J01': 16}, 
4275.0, {'J01': -563.0}, {'J01': 4}, {'J01': 15}, 
4280.0, {'J01': -647.0}, {'J01': 4}, {'J01': 17}, 
4285.0, {'J01': -654.0}, {'J01': 6}, {'J01': 19}, 
4290.0, {'J01': -748.0}, {'J01': 8}, {'J01': 23}, 
4295.0, {'J01': -982.5}, {'J01': 8}, {'J01': 25}, 
4300.0, {'J01': -1241.5}, {'J01': 8}, {'J01': 28}, 
4305.0, {'J01': -1160.5}, {'J01': 7}, {'J01': 25}, 
4310.0, {'J01': -561.5}, {'J01': 4}, {'J01': 15}, 
4315.0, {'J01': -536.5}, {'J01': 4}, {'J01': 14}, 
4320.0, {'J01': -585.0}, {'J01': 4}, {'J01': 16}, 
4325.0, {'J01': -696.0}, {'J01': 6}, {'J01': 21}, 
4330.0, {'J01': -740.5}, {'J01': 8}, {'J01': 22}, 
4335.0, {'J01': -966.0}, {'J01': 8}, {'J01': 25}, 
4340.0, {'J01': -1220.0}, {'J01': 8}, {'J01': 27}, 
4345.0, {'J01': -1024.0}, {'J01': 7}, {'J01': 23}, 
4350.0, {'J01': -532.0}, {'J01': 4}, {'J01': 14}, 
4355.0, {'J01': -568.5}, {'J01': 4}, {'J01': 14}, 
4360.0, {'J01': -665.5}, {'J01': 4}, {'J01': 17}, 
4365.0, {'J01': -788.0}, {'J01': 7}, {'J01': 22}, 
4370.0, {'J01': -846.0}, {'J01': 8}, {'J01': 24}, 
4375.0, {'J01': -1091.5}, {'J01': 8}, {'J01': 26}, 
4380.0, {'J01': -1355.5}, {'J01': 8}, {'J01': 28}, 
4385.0, {'J01': -1274.5}, {'J01': 7}, {'J01': 25}, 
4390.0, {'J01': -600.5}, {'J01': 4}, {'J01': 15}, 
4395.0, {'J01': -520.0}, {'J01': 4}, {'J01': 13}, 
4400.0, {'J01': -603.5}, {'J01': 4}, {'J01': 16}, 
4405.0, {'J01': -715.0}, {'J01': 6}, {'J01': 20}, 
4410.0, {'J01': -759.0}, {'J01': 8}, {'J01': 24}, 
4415.0, {'J01': -1003.5}, {'J01': 8}, {'J01': 26}, 
4420.0, {'J01': -1267.0}, {'J01': 8}, {'J01': 28}, 
4425.0, {'J01': -1132.5}, {'J01': 7}, {'J01': 24}, 
4430.0, {'J01': -580.0}, {'J01': 4}, {'J01': 15}, 
4435.0, {'J01': -616.0}, {'J01': 4}, {'J01': 15}, 
4440.0, {'J01': -659.5}, {'J01': 4}, {'J01': 17}, 
4445.0, {'J01': -785.5}, {'J01': 7}, {'J01': 23}, 
4450.0, {'J01': -853.5}, {'J01': 8}, {'J01': 25}, 
4455.0, {'J01': -1108.0}, {'J01': 8}, {'J01': 27}, 
4460.0, {'J01': -1382.0}, {'J01': 8}, {'J01': 29}, 
4465.0, {'J01': -1310.5}, {'J01': 7}, {'J01': 26}, 
4470.0, {'J01': -598.0}, {'J01': 4}, {'J01': 15}, 
4475.0, {'J01': -569.0}, {'J01': 4}, {'J01': 13}, 
4480.0, {'J01': -597.0}, {'J01': 4}, {'J01': 16}, 
4485.0, {'J01': -657.5}, {'J01': 6}, {'J01': 21}, 
4490.0, {'J01': -768.0}, {'J01': 8}, {'J01': 24}, 
4495.0, {'J01': -1008.5}, {'J01': 8}, {'J01': 25}, 
4500.0, {'J01': -1264.0}, {'J01': 8}, {'J01': 28}, 
4505.0, {'J01': -1188.5}, {'J01': 7}, {'J01': 25}, 
4510.0, {'J01': -586.0}, {'J01': 4}, {'J01': 16}, 
4515.0, {'J01': -611.5}, {'J01': 4}, {'J01': 15}, 
4520.0, {'J01': -664.0}, {'J01': 4}, {'J01': 17}, 
4525.0, {'J01': -787.5}, {'J01': 7}, {'J01': 22}, 
4530.0, {'J01': -845.5}, {'J01': 8}, {'J01': 23}, 
4535.0, {'J01': -1084.5}, {'J01': 8}, {'J01': 26}, 
4540.0, {'J01': -1348.5}, {'J01': 8}, {'J01': 28}, 
4545.0, {'J01': -1093.5}, {'J01': 7}, {'J01': 23}, 
4550.0, {'J01': -592.0}, {'J01': 4}, {'J01': 15}, 
4555.0, {'J01': -564.0}, {'J01': 4}, {'J01': 14}, 
4560.0, {'J01': -604.0}, {'J01': 4}, {'J01': 16}, 
4565.0, {'J01': -717.0}, {'J01': 6}, {'J01': 21}, 
4570.0, {'J01': -761.5}, {'J01': 8}, {'J01': 22}, 
4575.0, {'J01': -985.5}, {'J01': 8}, {'J01': 24}, 
4580.0, {'J01': -1229.0}, {'J01': 8}, {'J01': 26}, 
4585.0, {'J01': -1074.5}, {'J01': 7}, {'J01': 22}, 
4590.0, {'J01': -500.0}, {'J01': 4}, {'J01': 13}, 
4595.0, {'J01': -527.0}, {'J01': 4}, {'J01': 13}, 
4600.0, {'J01': -666.0}, {'J01': 4}, {'J01': 17}, 
4605.0, {'J01': -788.5}, {'J01': 7}, {'J01': 22}, 
4610.0, {'J01': -841.0}, {'J01': 8}, {'J01': 22}, 
4615.0, {'J01': -1062.5}, {'J01': 8}, {'J01': 23}, 
4620.0, {'J01': -1296.5}, {'J01': 8}, {'J01': 25}, 
4625.0, {'J01': -1185.0}, {'J01': 7}, {'J01': 22}, 
4630.0, {'J01': -479.5}, {'J01': 4}, {'J01': 12}, 
4635.0, {'J01': -539.0}, {'J01': 4}, {'J01': 13}, 
4640.0, {'J01': -675.5}, {'J01': 4}, {'J01': 17}, 
4645.0, {'J01': -798.0}, {'J01': 7}, {'J01': 22}, 
4650.0, {'J01': -852.0}, {'J01': 8}, {'J01': 23}, 
4655.0, {'J01': -1083.0}, {'J01': 8}, {'J01': 24}, 
4660.0, {'J01': -1327.0}, {'J01': 8}, {'J01': 26}, 
4665.0, {'J01': -1102.0}, {'J01': 7}, {'J01': 22}, 
4670.0, {'J01': -520.5}, {'J01': 4}, {'J01': 13}, 
4675.0, {'J01': -474.0}, {'J01': 4}, {'J01': 12}, 
4680.0, {'J01': -601.0}, {'J01': 4}, {'J01': 16}, 
4685.0, {'J01': -713.0}, {'J01': 6}, {'J01': 21}, 
4690.0, {'J01': -762.5}, {'J01': 8}, {'J01': 23}, 
4695.0, {'J01': -993.5}, {'J01': 8}, {'J01': 24}, 
4700.0, {'J01': -1237.0}, {'J01': 8}, {'J01': 26}, 
4705.0, {'J01': -901.0}, {'J01': 6}, {'J01': 21}, 
4710.0, {'J01': -510.5}, {'J01': 4}, {'J01': 13}, 
4715.0, {'J01': -465.5}, {'J01': 4}, {'J01': 12}, 
4720.0, {'J01': -593.5}, {'J01': 4}, {'J01': 16}, 
4725.0, {'J01': -708.0}, {'J01': 6}, {'J01': 22}, 
4730.0, {'J01': -767.0}, {'J01': 8}, {'J01': 24}, 
4735.0, {'J01': -1014.5}, {'J01': 8}, {'J01': 27}, 
4740.0, {'J01': -1288.0}, {'J01': 8}, {'J01': 29}, 
4745.0, {'J01': -1164.5}, {'J01': 7}, {'J01': 25}, 
4750.0, {'J01': -628.5}, {'J01': 4}, {'J01': 16}, 
4755.0, {'J01': -615.0}, {'J01': 4}, {'J01': 15}, 
4760.0, {'J01': -665.0}, {'J01': 4}, {'J01': 17}, 
4765.0, {'J01': -786.0}, {'J01': 6}, {'J01': 21}, 
4770.0, {'J01': -838.0}, {'J01': 8}, {'J01': 23}, 
4775.0, {'J01': -1069.0}, {'J01': 8}, {'J01': 24}, 
4780.0, {'J01': -1312.5}, {'J01': 8}, {'J01': 26}, 
4785.0, {'J01': -1089.0}, {'J01': 7}, {'J01': 22}, 
4790.0, {'J01': -515.5}, {'J01': 4}, {'J01': 13}, 
4795.0, {'J01': -467.5}, {'J01': 4}, {'J01': 12}, 
4800.0, {'J01': -595.5}, {'J01': 4}, {'J01': 16}, 
4805.0, {'J01': -707.5}, {'J01': 6}, {'J01': 21}, 
4810.0, {'J01': -752.5}, {'J01': 8}, {'J01': 22}, 
4815.0, {'J01': -973.5}, {'J01': 8}, {'J01': 23}, 
4820.0, {'J01': -1211.5}, {'J01': 8}, {'J01': 27}, 
4825.0, {'J01': -957.0}, {'J01': 7}, {'J01': 23}, 
4830.0, {'J01': -523.5}, {'J01': 4}, {'J01': 15}, 
4835.0, {'J01': -518.0}, {'J01': 4}, {'J01': 14}, 
4840.0, {'J01': -591.0}, {'J01': 4}, {'J01': 16}, 
4845.0, {'J01': -703.0}, {'J01': 6}, {'J01': 21}, 
4850.0, {'J01': -750.0}, {'J01': 8}, {'J01': 23}, 
4855.0, {'J01': -981.0}, {'J01': 8}, {'J01': 24}, 
4860.0, {'J01': -1226.0}, {'J01': 8}, {'J01': 27}, 
4865.0, {'J01': -1141.0}, {'J01': 7}, {'J01': 25}, 
4870.0, {'J01': -546.5}, {'J01': 4}, {'J01': 16}, 
4875.0, {'J01': -488.5}, {'J01': 4}, {'J01': 13}, 
4880.0, {'J01': -591.0}, {'J01': 4}, {'J01': 16}, 
4885.0, {'J01': -702.0}, {'J01': 6}, {'J01': 20}, 
4890.0, {'J01': -740.5}, {'J01': 8}, {'J01': 22}, 
4895.0, {'J01': -967.5}, {'J01': 8}, {'J01': 26}, 
4900.0, {'J01': -1230.5}, {'J01': 8}, {'J01': 27}, 
4905.0, {'J01': -1084.5}, {'J01': 7}, {'J01': 22}, 
4910.0, {'J01': -520.0}, {'J01': 4}, {'J01': 13}, 
4915.0, {'J01': -541.0}, {'J01': 4}, {'J01': 13}, 
4920.0, {'J01': -576.5}, {'J01': 4}, {'J01': 15}, 
4925.0, {'J01': -680.5}, {'J01': 7}, {'J01': 20}, 
4930.0, {'J01': -829.0}, {'J01': 8}, {'J01': 22}, 
4935.0, {'J01': -1049.0}, {'J01': 8}, {'J01': 22}, 
4940.0, {'J01': -1269.0}, {'J01': 8}, {'J01': 22}, 
4945.0, {'J01': -901.5}, {'J01': 7}, {'J01': 15}, 
4950.0, {'J01': -392.5}, {'J01': 4}, {'J01': 8}, 
4955.0, {'J01': -348.5}, {'J01': 3}, {'J01': 8}, 
4960.0, {'J01': -436.5}, {'J01': 3}, {'J01': 12}, 
4965.0, {'J01': -569.5}, {'J01': 6}, {'J01': 17}, 
4970.0, {'J01': -758.5}, {'J01': 8}, {'J01': 23}, 
4975.0, {'J01': -988.5}, {'J01': 8}, {'J01': 23}, 
4980.0, {'J01': -1218.5}, {'J01': 8}, {'J01': 23}, 
4985.0, {'J01': -1029.5}, {'J01': 7}, {'J01': 18}, 
4990.0, {'J01': -414.5}, {'J01': 4}, {'J01': 9}, 
4995.0, {'J01': -331.0}, {'J01': 3}, {'J01': 8}, 
5000.0, {'J01': -418.5}, {'J01': 3}, {'J01': 12}, 
5005.0, {'J01': -550.0}, {'J01': 6}, {'J01': 17}, 
5010.0, {'J01': -737.5}, {'J01': 8}, {'J01': 22}, 
5015.0, {'J01': -957.5}, {'J01': 8}, {'J01': 22}, 
5020.0, {'J01': -1177.5}, {'J01': 8}, {'J01': 22}, 
5025.0, {'J01': -926.0}, {'J01': 7}, {'J01': 17}, 
5030.0, {'J01': -372.0}, {'J01': 4}, {'J01': 8}, 
5035.0, {'J01': -391.5}, {'J01': 4}, {'J01': 8}, 
5040.0, {'J01': -471.5}, {'J01': 4}, {'J01': 8}, 
5045.0, {'J01': -565.5}, {'J01': 7}, {'J01': 14}, 
5050.0, {'J01': -717.5}, {'J01': 8}, {'J01': 17}, 
5055.0, {'J01': -887.5}, {'J01': 8}, {'J01': 17}, 
5060.0, {'J01': -1057.5}, {'J01': 8}, {'J01': 17}, 
5065.0, {'J01': -808.5}, {'J01': 7}, {'J01': 13}, 
5070.0, {'J01': -392.0}, {'J01': 4}, {'J01': 8}, 
5075.0, {'J01': -345.5}, {'J01': 3}, {'J01': 6}, 
5080.0, {'J01': -405.5}, {'J01': 3}, {'J01': 6}, 
5085.0, {'J01': -477.5}, {'J01': 6}, {'J01': 11}, 
5090.0, {'J01': -605.0}, {'J01': 8}, {'J01': 16}, 
5095.0, {'J01': -765.0}, {'J01': 8}, {'J01': 16}, 
5100.0, {'J01': -925.0}, {'J01': 8}, {'J01': 16}, 
5105.0, {'J01': -842.0}, {'J01': 7}, {'J01': 14}, 
5110.0, {'J01': -372.0}, {'J01': 4}, {'J01': 8}, 
5115.0, {'J01': -390.0}, {'J01': 4}, {'J01': 7}, 
5120.0, {'J01': -460.0}, {'J01': 4}, {'J01': 7}, 
5125.0, {'J01': -543.0}, {'J01': 7}, {'J01': 13}, 
5130.0, {'J01': -684.0}, {'J01': 8}, {'J01': 16}, 
5135.0, {'J01': -844.0}, {'J01': 8}, {'J01': 16}, 
5140.0, {'J01': -1004.0}, {'J01': 8}, {'J01': 16}, 
5145.0, {'J01': -806.5}, {'J01': 7}, {'J01': 13}, 
5150.0, {'J01': -390.5}, {'J01': 4}, {'J01': 8}, 
5155.0, {'J01': -344.5}, {'J01': 3}, {'J01': 6}, 
5160.0, {'J01': -404.5}, {'J01': 3}, {'J01': 6}, 
5165.0, {'J01': -477.0}, {'J01': 6}, {'J01': 12}, 
5170.0, {'J01': -609.0}, {'J01': 8}, {'J01': 16}, 
5175.0, {'J01': -776.5}, {'J01': 8}, {'J01': 18}, 
5180.0, {'J01': -956.5}, {'J01': 8}, {'J01': 18}, 
5185.0, {'J01': -893.5}, {'J01': 7}, {'J01': 16}, 
5190.0, {'J01': -444.5}, {'J01': 4}, {'J01': 10}, 
5195.0, {'J01': -431.5}, {'J01': 4}, {'J01': 8}, 
5200.0, {'J01': -459.0}, {'J01': 4}, {'J01': 7}, 
5205.0, {'J01': -542.5}, {'J01': 7}, {'J01': 12}, 
5210.0, {'J01': -678.5}, {'J01': 8}, {'J01': 16}, 
5215.0, {'J01': -838.5}, {'J01': 8}, {'J01': 16}, 
5220.0, {'J01': -998.5}, {'J01': 8}, {'J01': 16}, 
5225.0, {'J01': -916.0}, {'J01': 7}, {'J01': 14}, 
5230.0, {'J01': -385.5}, {'J01': 4}, {'J01': 8}, 
5235.0, {'J01': -339.5}, {'J01': 3}, {'J01': 6}, 
5240.0, {'J01': -399.5}, {'J01': 3}, {'J01': 6}, 
5245.0, {'J01': -471.0}, {'J01': 6}, {'J01': 11}, 
5250.0, {'J01': -598.5}, {'J01': 8}, {'J01': 16}, 
5255.0, {'J01': -758.5}, {'J01': 8}, {'J01': 16}, 
5260.0, {'J01': -918.5}, {'J01': 8}, {'J01': 16}, 
5265.0, {'J01': -841.0}, {'J01': 7}, {'J01': 14}, 
5270.0, {'J01': -372.0}, {'J01': 4}, {'J01': 8}, 
5275.0, {'J01': -328.0}, {'J01': 3}, {'J01': 6}, 
5280.0, {'J01': -388.0}, {'J01': 3}, {'J01': 6}, 
5285.0, {'J01': -460.5}, {'J01': 6}, {'J01': 12}, 
5290.0, {'J01': -593.0}, {'J01': 8}, {'J01': 17}, 
5295.0, {'J01': -763.0}, {'J01': 8}, {'J01': 17}, 
5300.0, {'J01': -933.0}, {'J01': 8}, {'J01': 17}, 
5305.0, {'J01': -867.5}, {'J01': 7}, {'J01': 15}, 
5310.0, {'J01': -418.0}, {'J01': 4}, {'J01': 9}, 
5315.0, {'J01': -395.0}, {'J01': 4}, {'J01': 7}, 
5320.0, {'J01': -465.0}, {'J01': 4}, {'J01': 7}, 
5325.0, {'J01': -549.5}, {'J01': 7}, {'J01': 13}, 
5330.0, {'J01': -690.0}, {'J01': 8}, {'J01': 16}, 
5335.0, {'J01': -850.0}, {'J01': 8}, {'J01': 16}, 
5340.0, {'J01': -1010.0}, {'J01': 8}, {'J01': 16}, 
5345.0, {'J01': -806.5}, {'J01': 7}, {'J01': 13}, 
5350.0, {'J01': -391.0}, {'J01': 4}, {'J01': 8}, 
5355.0, {'J01': -345.0}, {'J01': 3}, {'J01': 6}, 
5360.0, {'J01': -405.0}, {'J01': 3}, {'J01': 6}, 
5365.0, {'J01': -479.0}, {'J01': 6}, {'J01': 12}, 
5370.0, {'J01': -611.0}, {'J01': 8}, {'J01': 16}, 
5375.0, {'J01': -771.0}, {'J01': 8}, {'J01': 16}, 
5380.0, {'J01': -931.0}, {'J01': 8}, {'J01': 16}, 
5385.0, {'J01': -733.5}, {'J01': 7}, {'J01': 13}, 
5390.0, {'J01': -377.5}, {'J01': 4}, {'J01': 8}, 
5395.0, {'J01': -333.0}, {'J01': 3}, {'J01': 6}, 
5400.0, {'J01': -393.0}, {'J01': 3}, {'J01': 6}, 
