5.0, {'J01': np.float32(0.0)}, {'J01': 0}, {'J01': 0}, 
10.0, {'J01': np.float32(-0.011160715)}, {'J01': 1}, {'J01': 1}, 
15.0, {'J01': np.float32(-0.11160714)}, {'J01': 3}, {'J01': 6}, 
20.0, {'J01': np.float32(-0.39732143)}, {'J01': 4}, {'J01': 7}, 
25.0, {'J01': np.float32(-0.7120536)}, {'J01': 4}, {'J01': 8}, 
30.0, {'J01': np.float32(-1.0736607)}, {'J01': 4}, {'J01': 9}, 
35.0, {'J01': np.float32(-1.4866072)}, {'J01': 4}, {'J01': 10}, 
40.0, {'J01': np.float32(-1.9330357)}, {'J01': 4}, {'J01': 10}, 
45.0, {'J01': np.float32(-2.3794644)}, {'J01': 4}, {'J01': 10}, 
50.0, {'J01': np.float32(-2.872768)}, {'J01': 4}, {'J01': 14}, 
55.0, {'J01': np.float32(-3.529018)}, {'J01': 4}, {'J01': 17}, 
60.0, {'J01': np.float32(-4.0)}, {'J01': 4}, {'J01': 17}, 
65.0, {'J01': np.float32(-4.0)}, {'J01': 4}, {'J01': 18}, 
70.0, {'J01': np.float32(-4.0)}, {'J01': 4}, {'J01': 20}, 
75.0, {'J01': np.float32(-4.0)}, {'J01': 4}, {'J01': 27}, 
80.0, {'J01': np.float32(-4.0)}, {'J01': 4}, {'J01': 30}, 
85.0, {'J01': np.float32(-4.0)}, {'J01': 6}, {'J01': 29}, 
90.0, {'J01': np.float32(-4.0)}, {'J01': 8}, {'J01': 28}, 
95.0, {'J01': np.float32(-4.0)}, {'J01': 8}, {'J01': 33}, 
100.0, {'J01': np.float32(-4.0)}, {'J01': 8}, {'J01': 34}, 
105.0, {'J01': np.float32(-4.0)}, {'J01': 8}, {'J01': 35}, 
110.0, {'J01': np.float32(-4.0)}, {'J01': 8}, {'J01': 37}, 
115.0, {'J01': np.float32(-4.0)}, {'J01': 8}, {'J01': 40}, 
120.0, {'J01': np.float32(-4.0)}, {'J01': 8}, {'J01': 38}, 
125.0, {'J01': np.float32(-4.0)}, {'J01': 7}, {'J01': 39}, 
130.0, {'J01': np.float32(-4.0)}, {'J01': 7}, {'J01': 45}, 
135.0, {'J01': np.float32(-4.0)}, {'J01': 6}, {'J01': 38}, 
140.0, {'J01': np.float32(-4.0)}, {'J01': 4}, {'J01': 25}, 
145.0, {'J01': np.float32(-4.0)}, {'J01': 4}, {'J01': 23}, 
150.0, {'J01': np.float32(-4.0)}, {'J01': 4}, {'J01': 21}, 
155.0, {'J01': np.float32(-4.0)}, {'J01': 5}, {'J01': 22}, 
160.0, {'J01': np.float32(-4.0)}, {'J01': 7}, {'J01': 25}, 
165.0, {'J01': np.float32(-4.0)}, {'J01': 8}, {'J01': 27}, 
170.0, {'J01': np.float32(-4.0)}, {'J01': 8}, {'J01': 27}, 
175.0, {'J01': np.float32(-4.0)}, {'J01': 9}, {'J01': 31}, 
180.0, {'J01': np.float32(-4.0)}, {'J01': 11}, {'J01': 33}, 
185.0, {'J01': np.float32(-4.0)}, {'J01': 11}, {'J01': 33}, 
190.0, {'J01': np.float32(-4.0)}, {'J01': 11}, {'J01': 34}, 
195.0, {'J01': np.float32(-4.0)}, {'J01': 9}, {'J01': 31}, 
200.0, {'J01': np.float32(-4.0)}, {'J01': 8}, {'J01': 32}, 
205.0, {'J01': np.float32(-4.0)}, {'J01': 5}, {'J01': 27}, 
210.0, {'J01': np.float32(-4.0)}, {'J01': 5}, {'J01': 24}, 
215.0, {'J01': np.float32(-4.0)}, {'J01': 5}, {'J01': 25}, 
220.0, {'J01': np.float32(-4.0)}, {'J01': 5}, {'J01': 26}, 
225.0, {'J01': np.float32(-4.0)}, {'J01': 5}, {'J01': 26}, 
230.0, {'J01': np.float32(-4.0)}, {'J01': 5}, {'J01': 26}, 
235.0, {'J01': np.float32(-4.0)}, {'J01': 5}, {'J01': 26}, 
240.0, {'J01': np.float32(-4.0)}, {'J01': 5}, {'J01': 26}, 
245.0, {'J01': np.float32(-4.0)}, {'J01': 6}, {'J01': 27}, 
250.0, {'J01': np.float32(-4.0)}, {'J01': 6}, {'J01': 29}, 
255.0, {'J01': np.float32(-4.0)}, {'J01': 6}, {'J01': 35}, 
260.0, {'J01': np.float32(-4.0)}, {'J01': 8}, {'J01': 42}, 
265.0, {'J01': np.float32(-4.0)}, {'J01': 8}, {'J01': 38}, 
270.0, {'J01': np.float32(-4.0)}, {'J01': 8}, {'J01': 37}, 
275.0, {'J01': np.float32(-4.0)}, {'J01': 8}, {'J01': 41}, 
280.0, {'J01': np.float32(-4.0)}, {'J01': 8}, {'J01': 43}, 
285.0, {'J01': np.float32(-4.0)}, {'J01': 7}, {'J01': 40}, 
290.0, {'J01': np.float32(-4.0)}, {'J01': 6}, {'J01': 37}, 
295.0, {'J01': np.float32(-4.0)}, {'J01': 6}, {'J01': 34}, 
300.0, {'J01': np.float32(-4.0)}, {'J01': 6}, {'J01': 29}, 
305.0, {'J01': np.float32(-4.0)}, {'J01': 7}, {'J01': 30}, 
310.0, {'J01': np.float32(-4.0)}, {'J01': 7}, {'J01': 31}, 
315.0, {'J01': np.float32(-4.0)}, {'J01': 5}, {'J01': 26}, 
320.0, {'J01': np.float32(-4.0)}, {'J01': 5}, {'J01': 32}, 
325.0, {'J01': np.float32(-4.0)}, {'J01': 6}, {'J01': 40}, 
330.0, {'J01': np.float32(-4.0)}, {'J01': 8}, {'J01': 46}, 
335.0, {'J01': np.float32(-4.0)}, {'J01': 9}, {'J01': 48}, 
340.0, {'J01': np.float32(-4.0)}, {'J01': 10}, {'J01': 51}, 
345.0, {'J01': np.float32(-4.0)}, {'J01': 10}, {'J01': 51}, 
350.0, {'J01': np.float32(-4.0)}, {'J01': 10}, {'J01': 52}, 
355.0, {'J01': np.float32(-4.0)}, {'J01': 11}, {'J01': 51}, 
360.0, {'J01': np.float32(-4.0)}, {'J01': 11}, {'J01': 48}, 
365.0, {'J01': np.float32(-4.0)}, {'J01': 10}, {'J01': 45}, 
370.0, {'J01': np.float32(-4.0)}, {'J01': 5}, {'J01': 35}, 
375.0, {'J01': np.float32(-4.0)}, {'J01': 4}, {'J01': 30}, 
380.0, {'J01': np.float32(-4.0)}, {'J01': 4}, {'J01': 29}, 
385.0, {'J01': np.float32(-4.0)}, {'J01': 6}, {'J01': 33}, 
390.0, {'J01': np.float32(-4.0)}, {'J01': 8}, {'J01': 41}, 
395.0, {'J01': np.float32(-4.0)}, {'J01': 8}, {'J01': 44}, 
400.0, {'J01': np.float32(-4.0)}, {'J01': 8}, {'J01': 46}, 
405.0, {'J01': np.float32(-4.0)}, {'J01': 8}, {'J01': 47}, 
410.0, {'J01': np.float32(-4.0)}, {'J01': 9}, {'J01': 48}, 
415.0, {'J01': np.float32(-4.0)}, {'J01': 10}, {'J01': 48}, 
420.0, {'J01': np.float32(-4.0)}, {'J01': 10}, {'J01': 48}, 
425.0, {'J01': np.float32(-4.0)}, {'J01': 10}, {'J01': 50}, 
430.0, {'J01': np.float32(-4.0)}, {'J01': 10}, {'J01': 50}, 
435.0, {'J01': np.float32(-4.0)}, {'J01': 10}, {'J01': 52}, 
440.0, {'J01': np.float32(-4.0)}, {'J01': 10}, {'J01': 52}, 
445.0, {'J01': np.float32(-4.0)}, {'J01': 11}, {'J01': 53}, 
450.0, {'J01': np.float32(-4.0)}, {'J01': 12}, {'J01': 54}, 
455.0, {'J01': np.float32(-4.0)}, {'J01': 13}, {'J01': 56}, 
460.0, {'J01': np.float32(-4.0)}, {'J01': 10}, {'J01': 47}, 
465.0, {'J01': np.float32(-4.0)}, {'J01': 10}, {'J01': 43}, 
470.0, {'J01': np.float32(-4.0)}, {'J01': 11}, {'J01': 48}, 
475.0, {'J01': np.float32(-4.0)}, {'J01': 12}, {'J01': 52}, 
480.0, {'J01': np.float32(-4.0)}, {'J01': 12}, {'J01': 56}, 
485.0, {'J01': np.float32(-4.0)}, {'J01': 12}, {'J01': 56}, 
490.0, {'J01': np.float32(-4.0)}, {'J01': 12}, {'J01': 56}, 
495.0, {'J01': np.float32(-4.0)}, {'J01': 14}, {'J01': 59}, 
500.0, {'J01': np.float32(-4.0)}, {'J01': 16}, {'J01': 61}, 
505.0, {'J01': np.float32(-4.0)}, {'J01': 18}, {'J01': 64}, 
510.0, {'J01': np.float32(-4.0)}, {'J01': 18}, {'J01': 65}, 
515.0, {'J01': np.float32(-4.0)}, {'J01': 18}, {'J01': 65}, 
520.0, {'J01': np.float32(-4.0)}, {'J01': 19}, {'J01': 69}, 
525.0, {'J01': np.float32(-4.0)}, {'J01': 16}, {'J01': 59}, 
530.0, {'J01': np.float32(-4.0)}, {'J01': 15}, {'J01': 54}, 
535.0, {'J01': np.float32(-4.0)}, {'J01': 15}, {'J01': 58}, 
540.0, {'J01': np.float32(-4.0)}, {'J01': 16}, {'J01': 63}, 
545.0, {'J01': np.float32(-4.0)}, {'J01': 17}, {'J01': 66}, 
550.0, {'J01': np.float32(-4.0)}, {'J01': 17}, {'J01': 66}, 
555.0, {'J01': np.float32(-4.0)}, {'J01': 17}, {'J01': 66}, 
560.0, {'J01': np.float32(-4.0)}, {'J01': 18}, {'J01': 67}, 
565.0, {'J01': np.float32(-4.0)}, {'J01': 18}, {'J01': 67}, 
570.0, {'J01': np.float32(-4.0)}, {'J01': 18}, {'J01': 69}, 
575.0, {'J01': np.float32(-4.0)}, {'J01': 19}, {'J01': 66}, 
580.0, {'J01': np.float32(-4.0)}, {'J01': 19}, {'J01': 58}, 
585.0, {'J01': np.float32(-4.0)}, {'J01': 21}, {'J01': 57}, 
590.0, {'J01': np.float32(-4.0)}, {'J01': 21}, {'J01': 57}, 
595.0, {'J01': np.float32(-4.0)}, {'J01': 22}, {'J01': 58}, 
600.0, {'J01': np.float32(-4.0)}, {'J01': 23}, {'J01': 59}, 
605.0, {'J01': np.float32(-4.0)}, {'J01': 24}, {'J01': 61}, 
610.0, {'J01': np.float32(-4.0)}, {'J01': 24}, {'J01': 58}, 
615.0, {'J01': np.float32(-4.0)}, {'J01': 22}, {'J01': 51}, 
620.0, {'J01': np.float32(-4.0)}, {'J01': 21}, {'J01': 47}, 
625.0, {'J01': np.float32(-4.0)}, {'J01': 19}, {'J01': 46}, 
630.0, {'J01': np.float32(-4.0)}, {'J01': 19}, {'J01': 50}, 
635.0, {'J01': np.float32(-4.0)}, {'J01': 22}, {'J01': 54}, 
640.0, {'J01': np.float32(-4.0)}, {'J01': 22}, {'J01': 58}, 
645.0, {'J01': np.float32(-4.0)}, {'J01': 23}, {'J01': 63}, 
650.0, {'J01': np.float32(-4.0)}, {'J01': 24}, {'J01': 68}, 
655.0, {'J01': np.float32(-4.0)}, {'J01': 22}, {'J01': 66}, 
660.0, {'J01': np.float32(-4.0)}, {'J01': 21}, {'J01': 64}, 
665.0, {'J01': np.float32(-4.0)}, {'J01': 21}, {'J01': 68}, 
670.0, {'J01': np.float32(-4.0)}, {'J01': 21}, {'J01': 70}, 
675.0, {'J01': np.float32(-4.0)}, {'J01': 23}, {'J01': 74}, 
680.0, {'J01': np.float32(-4.0)}, {'J01': 25}, {'J01': 78}, 
685.0, {'J01': np.float32(-4.0)}, {'J01': 25}, {'J01': 79}, 
690.0, {'J01': np.float32(-4.0)}, {'J01': 26}, {'J01': 80}, 
695.0, {'J01': np.float32(-4.0)}, {'J01': 25}, {'J01': 74}, 
700.0, {'J01': np.float32(-4.0)}, {'J01': 24}, {'J01': 62}, 
705.0, {'J01': np.float32(-4.0)}, {'J01': 24}, {'J01': 55}, 
710.0, {'J01': np.float32(-4.0)}, {'J01': 24}, {'J01': 49}, 
715.0, {'J01': np.float32(-4.0)}, {'J01': 24}, {'J01': 49}, 
720.0, {'J01': np.float32(-4.0)}, {'J01': 26}, {'J01': 51}, 
725.0, {'J01': np.float32(-4.0)}, {'J01': 26}, {'J01': 51}, 
730.0, {'J01': np.float32(-4.0)}, {'J01': 26}, {'J01': 52}, 
735.0, {'J01': np.float32(-4.0)}, {'J01': 26}, {'J01': 52}, 
740.0, {'J01': np.float32(-4.0)}, {'J01': 26}, {'J01': 54}, 
745.0, {'J01': np.float32(-4.0)}, {'J01': 26}, {'J01': 54}, 
750.0, {'J01': np.float32(-4.0)}, {'J01': 28}, {'J01': 56}, 
755.0, {'J01': np.float32(-4.0)}, {'J01': 26}, {'J01': 54}, 
760.0, {'J01': np.float32(-4.0)}, {'J01': 27}, {'J01': 55}, 
765.0, {'J01': np.float32(-4.0)}, {'J01': 24}, {'J01': 53}, 
770.0, {'J01': np.float32(-4.0)}, {'J01': 21}, {'J01': 52}, 
775.0, {'J01': np.float32(-4.0)}, {'J01': 19}, {'J01': 53}, 
780.0, {'J01': np.float32(-4.0)}, {'J01': 17}, {'J01': 53}, 
785.0, {'J01': np.float32(-4.0)}, {'J01': 17}, {'J01': 54}, 
790.0, {'J01': np.float32(-4.0)}, {'J01': 18}, {'J01': 61}, 
795.0, {'J01': np.float32(-4.0)}, {'J01': 18}, {'J01': 64}, 
800.0, {'J01': np.float32(-4.0)}, {'J01': 19}, {'J01': 65}, 
805.0, {'J01': np.float32(-4.0)}, {'J01': 19}, {'J01': 65}, 
810.0, {'J01': np.float32(-4.0)}, {'J01': 19}, {'J01': 67}, 
815.0, {'J01': np.float32(-4.0)}, {'J01': 19}, {'J01': 66}, 
820.0, {'J01': np.float32(-4.0)}, {'J01': 18}, {'J01': 59}, 
825.0, {'J01': np.float32(-4.0)}, {'J01': 19}, {'J01': 61}, 
830.0, {'J01': np.float32(-4.0)}, {'J01': 19}, {'J01': 66}, 
835.0, {'J01': np.float32(-4.0)}, {'J01': 19}, {'J01': 67}, 
840.0, {'J01': np.float32(-4.0)}, {'J01': 20}, {'J01': 62}, 
845.0, {'J01': np.float32(-4.0)}, {'J01': 20}, {'J01': 58}, 
850.0, {'J01': np.float32(-4.0)}, {'J01': 20}, {'J01': 58}, 
855.0, {'J01': np.float32(-4.0)}, {'J01': 20}, {'J01': 63}, 
860.0, {'J01': np.float32(-4.0)}, {'J01': 20}, {'J01': 69}, 
865.0, {'J01': np.float32(-4.0)}, {'J01': 20}, {'J01': 68}, 
870.0, {'J01': np.float32(-4.0)}, {'J01': 20}, {'J01': 64}, 
875.0, {'J01': np.float32(-4.0)}, {'J01': 20}, {'J01': 59}, 
880.0, {'J01': np.float32(-4.0)}, {'J01': 20}, {'J01': 57}, 
885.0, {'J01': np.float32(-4.0)}, {'J01': 18}, {'J01': 54}, 
890.0, {'J01': np.float32(-4.0)}, {'J01': 15}, {'J01': 52}, 
895.0, {'J01': np.float32(-4.0)}, {'J01': 15}, {'J01': 58}, 
900.0, {'J01': np.float32(-4.0)}, {'J01': 16}, {'J01': 64}, 
905.0, {'J01': np.float32(-4.0)}, {'J01': 18}, {'J01': 67}, 
910.0, {'J01': np.float32(-4.0)}, {'J01': 18}, {'J01': 69}, 
915.0, {'J01': np.float32(-4.0)}, {'J01': 19}, {'J01': 71}, 
920.0, {'J01': np.float32(-4.0)}, {'J01': 19}, {'J01': 73}, 
925.0, {'J01': np.float32(-4.0)}, {'J01': 20}, {'J01': 74}, 
930.0, {'J01': np.float32(-4.0)}, {'J01': 20}, {'J01': 75}, 
935.0, {'J01': np.float32(-4.0)}, {'J01': 20}, {'J01': 78}, 
940.0, {'J01': np.float32(-4.0)}, {'J01': 20}, {'J01': 79}, 
945.0, {'J01': np.float32(-4.0)}, {'J01': 20}, {'J01': 78}, 
950.0, {'J01': np.float32(-4.0)}, {'J01': 20}, {'J01': 77}, 
955.0, {'J01': np.float32(-4.0)}, {'J01': 21}, {'J01': 79}, 
960.0, {'J01': np.float32(-4.0)}, {'J01': 25}, {'J01': 77}, 
965.0, {'J01': np.float32(-4.0)}, {'J01': 25}, {'J01': 80}, 
970.0, {'J01': np.float32(-4.0)}, {'J01': 25}, {'J01': 82}, 
975.0, {'J01': np.float32(-4.0)}, {'J01': 25}, {'J01': 82}, 
980.0, {'J01': np.float32(-4.0)}, {'J01': 25}, {'J01': 83}, 
985.0, {'J01': np.float32(-4.0)}, {'J01': 26}, {'J01': 84}, 
990.0, {'J01': np.float32(-4.0)}, {'J01': 26}, {'J01': 84}, 
995.0, {'J01': np.float32(-4.0)}, {'J01': 27}, {'J01': 88}, 
1000.0, {'J01': np.float32(-4.0)}, {'J01': 27}, {'J01': 88}, 
1005.0, {'J01': np.float32(-4.0)}, {'J01': 27}, {'J01': 89}, 
1010.0, {'J01': np.float32(-4.0)}, {'J01': 28}, {'J01': 91}, 
1015.0, {'J01': np.float32(-4.0)}, {'J01': 28}, {'J01': 93}, 
1020.0, {'J01': np.float32(-4.0)}, {'J01': 29}, {'J01': 95}, 
1025.0, {'J01': np.float32(-4.0)}, {'J01': 29}, {'J01': 95}, 
1030.0, {'J01': np.float32(-4.0)}, {'J01': 30}, {'J01': 96}, 
1035.0, {'J01': np.float32(-4.0)}, {'J01': 30}, {'J01': 96}, 
1040.0, {'J01': np.float32(-4.0)}, {'J01': 30}, {'J01': 96}, 
1045.0, {'J01': np.float32(-4.0)}, {'J01': 30}, {'J01': 96}, 
1050.0, {'J01': np.float32(-4.0)}, {'J01': 30}, {'J01': 98}, 
1055.0, {'J01': np.float32(-4.0)}, {'J01': 28}, {'J01': 89}, 
1060.0, {'J01': np.float32(-4.0)}, {'J01': 27}, {'J01': 84}, 
1065.0, {'J01': np.float32(-4.0)}, {'J01': 27}, {'J01': 88}, 
1070.0, {'J01': np.float32(-4.0)}, {'J01': 27}, {'J01': 90}, 
1075.0, {'J01': np.float32(-4.0)}, {'J01': 27}, {'J01': 93}, 
1080.0, {'J01': np.float32(-4.0)}, {'J01': 27}, {'J01': 93}, 
1085.0, {'J01': np.float32(-4.0)}, {'J01': 28}, {'J01': 95}, 
1090.0, {'J01': np.float32(-4.0)}, {'J01': 29}, {'J01': 96}, 
1095.0, {'J01': np.float32(-4.0)}, {'J01': 30}, {'J01': 97}, 
1100.0, {'J01': np.float32(-4.0)}, {'J01': 31}, {'J01': 98}, 
1105.0, {'J01': np.float32(-4.0)}, {'J01': 29}, {'J01': 88}, 
1110.0, {'J01': np.float32(-4.0)}, {'J01': 28}, {'J01': 83}, 
1115.0, {'J01': np.float32(-4.0)}, {'J01': 29}, {'J01': 89}, 
1120.0, {'J01': np.float32(-4.0)}, {'J01': 29}, {'J01': 91}, 
1125.0, {'J01': np.float32(-4.0)}, {'J01': 29}, {'J01': 93}, 
1130.0, {'J01': np.float32(-4.0)}, {'J01': 27}, {'J01': 80}, 
1135.0, {'J01': np.float32(-4.0)}, {'J01': 26}, {'J01': 69}, 
1140.0, {'J01': np.float32(-4.0)}, {'J01': 26}, {'J01': 63}, 
1145.0, {'J01': np.float32(-4.0)}, {'J01': 26}, {'J01': 60}, 
1150.0, {'J01': np.float32(-4.0)}, {'J01': 26}, {'J01': 60}, 
1155.0, {'J01': np.float32(-4.0)}, {'J01': 26}, {'J01': 61}, 
1160.0, {'J01': np.float32(-4.0)}, {'J01': 28}, {'J01': 65}, 
1165.0, {'J01': np.float32(-4.0)}, {'J01': 28}, {'J01': 70}, 
1170.0, {'J01': np.float32(-4.0)}, {'J01': 29}, {'J01': 71}, 
1175.0, {'J01': np.float32(-4.0)}, {'J01': 28}, {'J01': 73}, 
1180.0, {'J01': np.float32(-4.0)}, {'J01': 27}, {'J01': 80}, 
1185.0, {'J01': np.float32(-4.0)}, {'J01': 27}, {'J01': 82}, 
1190.0, {'J01': np.float32(-4.0)}, {'J01': 27}, {'J01': 80}, 
1195.0, {'J01': np.float32(-4.0)}, {'J01': 27}, {'J01': 83}, 
1200.0, {'J01': np.float32(-4.0)}, {'J01': 28}, {'J01': 85}, 
1205.0, {'J01': np.float32(-4.0)}, {'J01': 29}, {'J01': 86}, 
1210.0, {'J01': np.float32(-4.0)}, {'J01': 29}, {'J01': 86}, 
1215.0, {'J01': np.float32(-4.0)}, {'J01': 30}, {'J01': 81}, 
1220.0, {'J01': np.float32(-4.0)}, {'J01': 30}, {'J01': 66}, 
1225.0, {'J01': np.float32(-4.0)}, {'J01': 30}, {'J01': 55}, 
1230.0, {'J01': np.float32(-4.0)}, {'J01': 31}, {'J01': 55}, 
1235.0, {'J01': np.float32(-4.0)}, {'J01': 33}, {'J01': 59}, 
1240.0, {'J01': np.float32(-4.0)}, {'J01': 33}, {'J01': 62}, 
1245.0, {'J01': np.float32(-4.0)}, {'J01': 34}, {'J01': 64}, 
1250.0, {'J01': np.float32(-4.0)}, {'J01': 34}, {'J01': 66}, 
1255.0, {'J01': np.float32(-4.0)}, {'J01': 34}, {'J01': 67}, 
1260.0, {'J01': np.float32(-4.0)}, {'J01': 34}, {'J01': 69}, 
1265.0, {'J01': np.float32(-4.0)}, {'J01': 32}, {'J01': 62}, 
1270.0, {'J01': np.float32(-4.0)}, {'J01': 32}, {'J01': 50}, 
1275.0, {'J01': np.float32(-4.0)}, {'J01': 32}, {'J01': 44}, 
1280.0, {'J01': np.float32(-4.0)}, {'J01': 32}, {'J01': 41}, 
1285.0, {'J01': np.float32(-4.0)}, {'J01': 32}, {'J01': 41}, 
1290.0, {'J01': np.float32(-4.0)}, {'J01': 33}, {'J01': 44}, 
1295.0, {'J01': np.float32(-4.0)}, {'J01': 33}, {'J01': 46}, 
1300.0, {'J01': np.float32(-4.0)}, {'J01': 33}, {'J01': 46}, 
1305.0, {'J01': np.float32(-4.0)}, {'J01': 31}, {'J01': 45}, 
1310.0, {'J01': np.float32(-4.0)}, {'J01': 31}, {'J01': 50}, 
1315.0, {'J01': np.float32(-4.0)}, {'J01': 32}, {'J01': 59}, 
1320.0, {'J01': np.float32(-4.0)}, {'J01': 32}, {'J01': 64}, 
1325.0, {'J01': np.float32(-4.0)}, {'J01': 32}, {'J01': 65}, 
1330.0, {'J01': np.float32(-4.0)}, {'J01': 33}, {'J01': 66}, 
1335.0, {'J01': np.float32(-4.0)}, {'J01': 33}, {'J01': 67}, 
1340.0, {'J01': np.float32(-4.0)}, {'J01': 33}, {'J01': 67}, 
1345.0, {'J01': np.float32(-4.0)}, {'J01': 33}, {'J01': 67}, 
1350.0, {'J01': np.float32(-4.0)}, {'J01': 33}, {'J01': 67}, 
1355.0, {'J01': np.float32(-4.0)}, {'J01': 34}, {'J01': 69}, 
1360.0, {'J01': np.float32(-4.0)}, {'J01': 34}, {'J01': 70}, 
1365.0, {'J01': np.float32(-4.0)}, {'J01': 33}, {'J01': 64}, 
1370.0, {'J01': np.float32(-4.0)}, {'J01': 30}, {'J01': 49}, 
1375.0, {'J01': np.float32(-4.0)}, {'J01': 28}, {'J01': 43}, 
1380.0, {'J01': np.float32(-4.0)}, {'J01': 28}, {'J01': 39}, 
1385.0, {'J01': np.float32(-4.0)}, {'J01': 28}, {'J01': 39}, 
1390.0, {'J01': np.float32(-4.0)}, {'J01': 28}, {'J01': 40}, 
1395.0, {'J01': np.float32(-4.0)}, {'J01': 28}, {'J01': 41}, 
1400.0, {'J01': np.float32(-4.0)}, {'J01': 29}, {'J01': 45}, 
1405.0, {'J01': np.float32(-4.0)}, {'J01': 31}, {'J01': 47}, 
1410.0, {'J01': np.float32(-4.0)}, {'J01': 31}, {'J01': 47}, 
1415.0, {'J01': np.float32(-4.0)}, {'J01': 31}, {'J01': 47}, 
1420.0, {'J01': np.float32(-4.0)}, {'J01': 31}, {'J01': 48}, 
1425.0, {'J01': np.float32(-4.0)}, {'J01': 29}, {'J01': 48}, 
1430.0, {'J01': np.float32(-4.0)}, {'J01': 29}, {'J01': 47}, 
1435.0, {'J01': np.float32(-4.0)}, {'J01': 29}, {'J01': 56}, 
1440.0, {'J01': np.float32(-4.0)}, {'J01': 27}, {'J01': 60}, 
1445.0, {'J01': np.float32(-4.0)}, {'J01': 26}, {'J01': 55}, 
1450.0, {'J01': np.float32(-4.0)}, {'J01': 26}, {'J01': 52}, 
1455.0, {'J01': np.float32(-4.0)}, {'J01': 26}, {'J01': 49}, 
1460.0, {'J01': np.float32(-4.0)}, {'J01': 27}, {'J01': 55}, 
1465.0, {'J01': np.float32(-4.0)}, {'J01': 29}, {'J01': 59}, 
1470.0, {'J01': np.float32(-4.0)}, {'J01': 31}, {'J01': 66}, 
1475.0, {'J01': np.float32(-4.0)}, {'J01': 31}, {'J01': 67}, 
1480.0, {'J01': np.float32(-4.0)}, {'J01': 31}, {'J01': 66}, 
1485.0, {'J01': np.float32(-4.0)}, {'J01': 31}, {'J01': 64}, 
1490.0, {'J01': np.float32(-4.0)}, {'J01': 29}, {'J01': 61}, 
1495.0, {'J01': np.float32(-4.0)}, {'J01': 30}, {'J01': 62}, 
1500.0, {'J01': np.float32(-4.0)}, {'J01': 30}, {'J01': 64}, 
1505.0, {'J01': np.float32(-4.0)}, {'J01': 30}, {'J01': 67}, 
1510.0, {'J01': np.float32(-4.0)}, {'J01': 30}, {'J01': 70}, 
1515.0, {'J01': np.float32(-4.0)}, {'J01': 30}, {'J01': 66}, 
1520.0, {'J01': np.float32(-4.0)}, {'J01': 31}, {'J01': 67}, 
1525.0, {'J01': np.float32(-4.0)}, {'J01': 32}, {'J01': 73}, 
1530.0, {'J01': np.float32(-4.0)}, {'J01': 32}, {'J01': 70}, 
1535.0, {'J01': np.float32(-4.0)}, {'J01': 32}, {'J01': 69}, 
1540.0, {'J01': np.float32(-4.0)}, {'J01': 32}, {'J01': 72}, 
1545.0, {'J01': np.float32(-4.0)}, {'J01': 32}, {'J01': 76}, 
1550.0, {'J01': np.float32(-4.0)}, {'J01': 32}, {'J01': 78}, 
1555.0, {'J01': np.float32(-4.0)}, {'J01': 33}, {'J01': 79}, 
1560.0, {'J01': np.float32(-4.0)}, {'J01': 33}, {'J01': 80}, 
1565.0, {'J01': np.float32(-4.0)}, {'J01': 34}, {'J01': 82}, 
1570.0, {'J01': np.float32(-4.0)}, {'J01': 34}, {'J01': 82}, 
1575.0, {'J01': np.float32(-4.0)}, {'J01': 35}, {'J01': 80}, 
1580.0, {'J01': np.float32(-4.0)}, {'J01': 35}, {'J01': 75}, 
1585.0, {'J01': np.float32(-4.0)}, {'J01': 35}, {'J01': 73}, 
1590.0, {'J01': np.float32(-4.0)}, {'J01': 35}, {'J01': 73}, 
1595.0, {'J01': np.float32(-4.0)}, {'J01': 38}, {'J01': 73}, 
1600.0, {'J01': np.float32(-4.0)}, {'J01': 39}, {'J01': 71}, 
1605.0, {'J01': np.float32(-4.0)}, {'J01': 39}, {'J01': 71}, 
1610.0, {'J01': np.float32(-4.0)}, {'J01': 39}, {'J01': 71}, 
1615.0, {'J01': np.float32(-4.0)}, {'J01': 39}, {'J01': 71}, 
1620.0, {'J01': np.float32(-4.0)}, {'J01': 39}, {'J01': 72}, 
1625.0, {'J01': np.float32(-4.0)}, {'J01': 39}, {'J01': 74}, 
1630.0, {'J01': np.float32(-4.0)}, {'J01': 40}, {'J01': 76}, 
1635.0, {'J01': np.float32(-4.0)}, {'J01': 40}, {'J01': 77}, 
1640.0, {'J01': np.float32(-4.0)}, {'J01': 40}, {'J01': 78}, 
1645.0, {'J01': np.float32(-4.0)}, {'J01': 40}, {'J01': 78}, 
1650.0, {'J01': np.float32(-4.0)}, {'J01': 40}, {'J01': 76}, 
1655.0, {'J01': np.float32(-4.0)}, {'J01': 40}, {'J01': 80}, 
1660.0, {'J01': np.float32(-4.0)}, {'J01': 40}, {'J01': 80}, 
1665.0, {'J01': np.float32(-4.0)}, {'J01': 40}, {'J01': 82}, 
1670.0, {'J01': np.float32(-4.0)}, {'J01': 40}, {'J01': 82}, 
1675.0, {'J01': np.float32(-4.0)}, {'J01': 37}, {'J01': 76}, 
1680.0, {'J01': np.float32(-4.0)}, {'J01': 37}, {'J01': 77}, 
1685.0, {'J01': np.float32(-4.0)}, {'J01': 37}, {'J01': 76}, 
1690.0, {'J01': np.float32(-4.0)}, {'J01': 37}, {'J01': 79}, 
1695.0, {'J01': np.float32(-4.0)}, {'J01': 37}, {'J01': 80}, 
1700.0, {'J01': np.float32(-4.0)}, {'J01': 37}, {'J01': 80}, 
1705.0, {'J01': np.float32(-4.0)}, {'J01': 40}, {'J01': 84}, 
1710.0, {'J01': np.float32(-4.0)}, {'J01': 40}, {'J01': 85}, 
1715.0, {'J01': np.float32(-4.0)}, {'J01': 40}, {'J01': 86}, 
1720.0, {'J01': np.float32(-4.0)}, {'J01': 40}, {'J01': 86}, 
1725.0, {'J01': np.float32(-4.0)}, {'J01': 40}, {'J01': 88}, 
1730.0, {'J01': np.float32(-4.0)}, {'J01': 40}, {'J01': 90}, 
1735.0, {'J01': np.float32(-4.0)}, {'J01': 40}, {'J01': 91}, 
1740.0, {'J01': np.float32(-4.0)}, {'J01': 38}, {'J01': 84}, 
1745.0, {'J01': np.float32(-4.0)}, {'J01': 37}, {'J01': 81}, 
1750.0, {'J01': np.float32(-4.0)}, {'J01': 36}, {'J01': 73}, 
1755.0, {'J01': np.float32(-4.0)}, {'J01': 36}, {'J01': 64}, 
1760.0, {'J01': np.float32(-4.0)}, {'J01': 36}, {'J01': 57}, 
1765.0, {'J01': np.float32(-4.0)}, {'J01': 36}, {'J01': 56}, 
1770.0, {'J01': np.float32(-4.0)}, {'J01': 34}, {'J01': 58}, 
1775.0, {'J01': np.float32(-4.0)}, {'J01': 35}, {'J01': 68}, 
1780.0, {'J01': np.float32(-4.0)}, {'J01': 36}, {'J01': 72}, 
1785.0, {'J01': np.float32(-4.0)}, {'J01': 36}, {'J01': 76}, 
1790.0, {'J01': np.float32(-4.0)}, {'J01': 36}, {'J01': 77}, 
1795.0, {'J01': np.float32(-4.0)}, {'J01': 37}, {'J01': 75}, 
1800.0, {'J01': np.float32(-4.0)}, {'J01': 38}, {'J01': 77}, 
1805.0, {'J01': np.float32(-4.0)}, {'J01': 38}, {'J01': 77}, 
1810.0, {'J01': np.float32(-4.0)}, {'J01': 38}, {'J01': 73}, 
1815.0, {'J01': np.float32(-4.0)}, {'J01': 38}, {'J01': 73}, 
1820.0, {'J01': np.float32(-4.0)}, {'J01': 38}, {'J01': 73}, 
1825.0, {'J01': np.float32(-4.0)}, {'J01': 38}, {'J01': 74}, 
1830.0, {'J01': np.float32(-4.0)}, {'J01': 38}, {'J01': 76}, 
1835.0, {'J01': np.float32(-4.0)}, {'J01': 36}, {'J01': 69}, 
1840.0, {'J01': np.float32(-4.0)}, {'J01': 31}, {'J01': 53}, 
1845.0, {'J01': np.float32(-4.0)}, {'J01': 29}, {'J01': 48}, 
1850.0, {'J01': np.float32(-4.0)}, {'J01': 28}, {'J01': 44}, 
1855.0, {'J01': np.float32(-4.0)}, {'J01': 28}, {'J01': 50}, 
1860.0, {'J01': np.float32(-4.0)}, {'J01': 28}, {'J01': 57}, 
1865.0, {'J01': np.float32(-4.0)}, {'J01': 28}, {'J01': 61}, 
1870.0, {'J01': np.float32(-4.0)}, {'J01': 32}, {'J01': 66}, 
1875.0, {'J01': np.float32(-4.0)}, {'J01': 38}, {'J01': 74}, 
1880.0, {'J01': np.float32(-4.0)}, {'J01': 38}, {'J01': 73}, 
1885.0, {'J01': np.float32(-4.0)}, {'J01': 38}, {'J01': 74}, 
1890.0, {'J01': np.float32(-4.0)}, {'J01': 38}, {'J01': 74}, 
1895.0, {'J01': np.float32(-4.0)}, {'J01': 38}, {'J01': 69}, 
1900.0, {'J01': np.float32(-4.0)}, {'J01': 38}, {'J01': 59}, 
1905.0, {'J01': np.float32(-4.0)}, {'J01': 38}, {'J01': 55}, 
1910.0, {'J01': np.float32(-4.0)}, {'J01': 38}, {'J01': 51}, 
1915.0, {'J01': np.float32(-4.0)}, {'J01': 38}, {'J01': 52}, 
1920.0, {'J01': np.float32(-4.0)}, {'J01': 38}, {'J01': 52}, 
1925.0, {'J01': np.float32(-4.0)}, {'J01': 38}, {'J01': 53}, 
1930.0, {'J01': np.float32(-4.0)}, {'J01': 38}, {'J01': 53}, 
1935.0, {'J01': np.float32(-4.0)}, {'J01': 38}, {'J01': 53}, 
1940.0, {'J01': np.float32(-4.0)}, {'J01': 38}, {'J01': 53}, 
1945.0, {'J01': np.float32(-4.0)}, {'J01': 38}, {'J01': 53}, 
1950.0, {'J01': np.float32(-4.0)}, {'J01': 38}, {'J01': 53}, 
1955.0, {'J01': np.float32(-4.0)}, {'J01': 36}, {'J01': 49}, 
1960.0, {'J01': np.float32(-4.0)}, {'J01': 36}, {'J01': 52}, 
1965.0, {'J01': np.float32(-4.0)}, {'J01': 34}, {'J01': 47}, 
1970.0, {'J01': np.float32(-4.0)}, {'J01': 34}, {'J01': 53}, 
1975.0, {'J01': np.float32(-4.0)}, {'J01': 34}, {'J01': 61}, 
1980.0, {'J01': np.float32(-4.0)}, {'J01': 34}, {'J01': 69}, 
1985.0, {'J01': np.float32(-4.0)}, {'J01': 34}, {'J01': 71}, 
1990.0, {'J01': np.float32(-4.0)}, {'J01': 38}, {'J01': 76}, 
1995.0, {'J01': np.float32(-4.0)}, {'J01': 38}, {'J01': 69}, 
2000.0, {'J01': np.float32(-4.0)}, {'J01': 37}, {'J01': 61}, 
2005.0, {'J01': np.float32(-4.0)}, {'J01': 37}, {'J01': 63}, 
2010.0, {'J01': np.float32(-4.0)}, {'J01': 37}, {'J01': 67}, 
2015.0, {'J01': np.float32(-4.0)}, {'J01': 37}, {'J01': 71}, 
2020.0, {'J01': np.float32(-4.0)}, {'J01': 37}, {'J01': 72}, 
2025.0, {'J01': np.float32(-4.0)}, {'J01': 38}, {'J01': 73}, 
2030.0, {'J01': np.float32(-4.0)}, {'J01': 38}, {'J01': 73}, 
2035.0, {'J01': np.float32(-4.0)}, {'J01': 38}, {'J01': 77}, 
2040.0, {'J01': np.float32(-4.0)}, {'J01': 38}, {'J01': 79}, 
2045.0, {'J01': np.float32(-4.0)}, {'J01': 38}, {'J01': 86}, 
2050.0, {'J01': np.float32(-4.0)}, {'J01': 38}, {'J01': 87}, 
2055.0, {'J01': np.float32(-4.0)}, {'J01': 38}, {'J01': 88}, 
2060.0, {'J01': np.float32(-4.0)}, {'J01': 38}, {'J01': 88}, 
2065.0, {'J01': np.float32(-4.0)}, {'J01': 38}, {'J01': 85}, 
2070.0, {'J01': np.float32(-4.0)}, {'J01': 38}, {'J01': 83}, 
2075.0, {'J01': np.float32(-4.0)}, {'J01': 38}, {'J01': 86}, 
2080.0, {'J01': np.float32(-4.0)}, {'J01': 38}, {'J01': 87}, 
2085.0, {'J01': np.float32(-4.0)}, {'J01': 36}, {'J01': 79}, 
2090.0, {'J01': np.float32(-4.0)}, {'J01': 33}, {'J01': 66}, 
2095.0, {'J01': np.float32(-4.0)}, {'J01': 32}, {'J01': 59}, 
2100.0, {'J01': np.float32(-4.0)}, {'J01': 31}, {'J01': 57}, 
2105.0, {'J01': np.float32(-4.0)}, {'J01': 29}, {'J01': 58}, 
2110.0, {'J01': np.float32(-4.0)}, {'J01': 29}, {'J01': 60}, 
2115.0, {'J01': np.float32(-4.0)}, {'J01': 30}, {'J01': 61}, 
2120.0, {'J01': np.float32(-4.0)}, {'J01': 30}, {'J01': 64}, 
2125.0, {'J01': np.float32(-4.0)}, {'J01': 32}, {'J01': 62}, 
2130.0, {'J01': np.float32(-4.0)}, {'J01': 37}, {'J01': 70}, 
2135.0, {'J01': np.float32(-4.0)}, {'J01': 38}, {'J01': 74}, 
2140.0, {'J01': np.float32(-4.0)}, {'J01': 38}, {'J01': 74}, 
2145.0, {'J01': np.float32(-4.0)}, {'J01': 38}, {'J01': 74}, 
2150.0, {'J01': np.float32(-4.0)}, {'J01': 38}, {'J01': 74}, 
2155.0, {'J01': np.float32(-4.0)}, {'J01': 38}, {'J01': 78}, 
2160.0, {'J01': np.float32(-4.0)}, {'J01': 38}, {'J01': 75}, 
2165.0, {'J01': np.float32(-4.0)}, {'J01': 38}, {'J01': 75}, 
2170.0, {'J01': np.float32(-4.0)}, {'J01': 38}, {'J01': 76}, 
2175.0, {'J01': np.float32(-4.0)}, {'J01': 38}, {'J01': 78}, 
2180.0, {'J01': np.float32(-4.0)}, {'J01': 38}, {'J01': 78}, 
2185.0, {'J01': np.float32(-4.0)}, {'J01': 38}, {'J01': 81}, 
2190.0, {'J01': np.float32(-4.0)}, {'J01': 38}, {'J01': 83}, 
2195.0, {'J01': np.float32(-4.0)}, {'J01': 38}, {'J01': 83}, 
2200.0, {'J01': np.float32(-4.0)}, {'J01': 38}, {'J01': 83}, 
2205.0, {'J01': np.float32(-4.0)}, {'J01': 38}, {'J01': 85}, 
2210.0, {'J01': np.float32(-4.0)}, {'J01': 36}, {'J01': 77}, 
2215.0, {'J01': np.float32(-4.0)}, {'J01': 31}, {'J01': 59}, 
2220.0, {'J01': np.float32(-4.0)}, {'J01': 31}, {'J01': 51}, 
2225.0, {'J01': np.float32(-4.0)}, {'J01': 31}, {'J01': 46}, 
2230.0, {'J01': np.float32(-4.0)}, {'J01': 29}, {'J01': 45}, 
2235.0, {'J01': np.float32(-4.0)}, {'J01': 29}, {'J01': 55}, 
2240.0, {'J01': np.float32(-4.0)}, {'J01': 29}, {'J01': 59}, 
2245.0, {'J01': np.float32(-4.0)}, {'J01': 29}, {'J01': 62}, 
2250.0, {'J01': np.float32(-4.0)}, {'J01': 31}, {'J01': 66}, 
2255.0, {'J01': np.float32(-4.0)}, {'J01': 38}, {'J01': 75}, 
2260.0, {'J01': np.float32(-4.0)}, {'J01': 35}, {'J01': 67}, 
2265.0, {'J01': np.float32(-4.0)}, {'J01': 33}, {'J01': 54}, 
2270.0, {'J01': np.float32(-4.0)}, {'J01': 33}, {'J01': 51}, 
2275.0, {'J01': np.float32(-4.0)}, {'J01': 33}, {'J01': 48}, 
2280.0, {'J01': np.float32(-4.0)}, {'J01': 33}, {'J01': 49}, 
2285.0, {'J01': np.float32(-4.0)}, {'J01': 34}, {'J01': 50}, 
2290.0, {'J01': np.float32(-4.0)}, {'J01': 35}, {'J01': 53}, 
2295.0, {'J01': np.float32(-4.0)}, {'J01': 38}, {'J01': 56}, 
2300.0, {'J01': np.float32(-4.0)}, {'J01': 38}, {'J01': 56}, 
2305.0, {'J01': np.float32(-4.0)}, {'J01': 38}, {'J01': 56}, 
2310.0, {'J01': np.float32(-4.0)}, {'J01': 38}, {'J01': 60}, 
2315.0, {'J01': np.float32(-4.0)}, {'J01': 38}, {'J01': 61}, 
2320.0, {'J01': np.float32(-4.0)}, {'J01': 36}, {'J01': 58}, 
2325.0, {'J01': np.float32(-4.0)}, {'J01': 35}, {'J01': 61}, 
2330.0, {'J01': np.float32(-4.0)}, {'J01': 33}, {'J01': 58}, 
2335.0, {'J01': np.float32(-4.0)}, {'J01': 32}, {'J01': 58}, 
2340.0, {'J01': np.float32(-4.0)}, {'J01': 32}, {'J01': 66}, 
2345.0, {'J01': np.float32(-4.0)}, {'J01': 32}, {'J01': 73}, 
2350.0, {'J01': np.float32(-4.0)}, {'J01': 32}, {'J01': 69}, 
2355.0, {'J01': np.float32(-4.0)}, {'J01': 34}, {'J01': 71}, 
2360.0, {'J01': np.float32(-4.0)}, {'J01': 38}, {'J01': 79}, 
2365.0, {'J01': np.float32(-4.0)}, {'J01': 38}, {'J01': 80}, 
2370.0, {'J01': np.float32(-4.0)}, {'J01': 38}, {'J01': 81}, 
2375.0, {'J01': np.float32(-4.0)}, {'J01': 38}, {'J01': 82}, 
2380.0, {'J01': np.float32(-4.0)}, {'J01': 38}, {'J01': 82}, 
2385.0, {'J01': np.float32(-4.0)}, {'J01': 38}, {'J01': 83}, 
2390.0, {'J01': np.float32(-4.0)}, {'J01': 38}, {'J01': 83}, 
2395.0, {'J01': np.float32(-4.0)}, {'J01': 38}, {'J01': 85}, 
2400.0, {'J01': np.float32(-4.0)}, {'J01': 38}, {'J01': 87}, 
2405.0, {'J01': np.float32(-4.0)}, {'J01': 38}, {'J01': 89}, 
2410.0, {'J01': np.float32(-4.0)}, {'J01': 38}, {'J01': 89}, 
2415.0, {'J01': np.float32(-4.0)}, {'J01': 35}, {'J01': 78}, 
2420.0, {'J01': np.float32(-4.0)}, {'J01': 33}, {'J01': 73}, 
2425.0, {'J01': np.float32(-4.0)}, {'J01': 33}, {'J01': 71}, 
2430.0, {'J01': np.float32(-4.0)}, {'J01': 33}, {'J01': 64}, 
2435.0, {'J01': np.float32(-4.0)}, {'J01': 33}, {'J01': 66}, 
2440.0, {'J01': np.float32(-4.0)}, {'J01': 33}, {'J01': 67}, 
2445.0, {'J01': np.float32(-4.0)}, {'J01': 38}, {'J01': 74}, 
2450.0, {'J01': np.float32(-4.0)}, {'J01': 39}, {'J01': 78}, 
2455.0, {'J01': np.float32(-4.0)}, {'J01': 39}, {'J01': 80}, 
2460.0, {'J01': np.float32(-4.0)}, {'J01': 39}, {'J01': 82}, 
2465.0, {'J01': np.float32(-4.0)}, {'J01': 39}, {'J01': 82}, 
2470.0, {'J01': np.float32(-4.0)}, {'J01': 39}, {'J01': 83}, 
2475.0, {'J01': np.float32(-4.0)}, {'J01': 39}, {'J01': 84}, 
2480.0, {'J01': np.float32(-4.0)}, {'J01': 39}, {'J01': 84}, 
2485.0, {'J01': np.float32(-4.0)}, {'J01': 39}, {'J01': 84}, 
2490.0, {'J01': np.float32(-4.0)}, {'J01': 39}, {'J01': 86}, 
2495.0, {'J01': np.float32(-4.0)}, {'J01': 39}, {'J01': 87}, 
2500.0, {'J01': np.float32(-4.0)}, {'J01': 37}, {'J01': 79}, 
2505.0, {'J01': np.float32(-4.0)}, {'J01': 36}, {'J01': 70}, 
2510.0, {'J01': np.float32(-4.0)}, {'J01': 36}, {'J01': 58}, 
2515.0, {'J01': np.float32(-4.0)}, {'J01': 36}, {'J01': 51}, 
2520.0, {'J01': np.float32(-4.0)}, {'J01': 34}, {'J01': 49}, 
2525.0, {'J01': np.float32(-4.0)}, {'J01': 34}, {'J01': 55}, 
2530.0, {'J01': np.float32(-4.0)}, {'J01': 34}, {'J01': 62}, 
2535.0, {'J01': np.float32(-4.0)}, {'J01': 34}, {'J01': 71}, 
2540.0, {'J01': np.float32(-4.0)}, {'J01': 34}, {'J01': 73}, 
2545.0, {'J01': np.float32(-4.0)}, {'J01': 38}, {'J01': 77}, 
2550.0, {'J01': np.float32(-4.0)}, {'J01': 38}, {'J01': 77}, 
2555.0, {'J01': np.float32(-4.0)}, {'J01': 38}, {'J01': 78}, 
2560.0, {'J01': np.float32(-4.0)}, {'J01': 38}, {'J01': 78}, 
2565.0, {'J01': np.float32(-4.0)}, {'J01': 38}, {'J01': 79}, 
2570.0, {'J01': np.float32(-4.0)}, {'J01': 38}, {'J01': 81}, 
2575.0, {'J01': np.float32(-4.0)}, {'J01': 38}, {'J01': 78}, 
2580.0, {'J01': np.float32(-4.0)}, {'J01': 38}, {'J01': 75}, 
2585.0, {'J01': np.float32(-4.0)}, {'J01': 38}, {'J01': 70}, 
2590.0, {'J01': np.float32(-4.0)}, {'J01': 38}, {'J01': 69}, 
2595.0, {'J01': np.float32(-4.0)}, {'J01': 38}, {'J01': 69}, 
2600.0, {'J01': np.float32(-4.0)}, {'J01': 38}, {'J01': 73}, 
2605.0, {'J01': np.float32(-4.0)}, {'J01': 37}, {'J01': 69}, 
2610.0, {'J01': np.float32(-4.0)}, {'J01': 37}, {'J01': 70}, 
2615.0, {'J01': np.float32(-4.0)}, {'J01': 35}, {'J01': 63}, 
2620.0, {'J01': np.float32(-4.0)}, {'J01': 32}, {'J01': 53}, 
2625.0, {'J01': np.float32(-4.0)}, {'J01': 32}, {'J01': 49}, 
2630.0, {'J01': np.float32(-4.0)}, {'J01': 32}, {'J01': 47}, 
2635.0, {'J01': np.float32(-4.0)}, {'J01': 29}, {'J01': 46}, 
2640.0, {'J01': np.float32(-4.0)}, {'J01': 29}, {'J01': 53}, 
2645.0, {'J01': np.float32(-4.0)}, {'J01': 32}, {'J01': 64}, 
2650.0, {'J01': np.float32(-4.0)}, {'J01': 32}, {'J01': 68}, 
2655.0, {'J01': np.float32(-4.0)}, {'J01': 32}, {'J01': 70}, 
2660.0, {'J01': np.float32(-4.0)}, {'J01': 35}, {'J01': 70}, 
2665.0, {'J01': np.float32(-4.0)}, {'J01': 38}, {'J01': 73}, 
2670.0, {'J01': np.float32(-4.0)}, {'J01': 38}, {'J01': 74}, 
2675.0, {'J01': np.float32(-4.0)}, {'J01': 38}, {'J01': 76}, 
2680.0, {'J01': np.float32(-4.0)}, {'J01': 38}, {'J01': 76}, 
2685.0, {'J01': np.float32(-4.0)}, {'J01': 38}, {'J01': 77}, 
2690.0, {'J01': np.float32(-4.0)}, {'J01': 38}, {'J01': 77}, 
2695.0, {'J01': np.float32(-4.0)}, {'J01': 38}, {'J01': 78}, 
2700.0, {'J01': np.float32(-4.0)}, {'J01': 38}, {'J01': 79}, 
2705.0, {'J01': np.float32(-4.0)}, {'J01': 38}, {'J01': 71}, 
2710.0, {'J01': np.float32(-4.0)}, {'J01': 38}, {'J01': 66}, 
2715.0, {'J01': np.float32(-4.0)}, {'J01': 38}, {'J01': 66}, 
2720.0, {'J01': np.float32(-4.0)}, {'J01': 38}, {'J01': 66}, 
2725.0, {'J01': np.float32(-4.0)}, {'J01': 38}, {'J01': 67}, 
2730.0, {'J01': np.float32(-4.0)}, {'J01': 38}, {'J01': 68}, 
2735.0, {'J01': np.float32(-4.0)}, {'J01': 38}, {'J01': 69}, 
2740.0, {'J01': np.float32(-4.0)}, {'J01': 38}, {'J01': 70}, 
2745.0, {'J01': np.float32(-4.0)}, {'J01': 38}, {'J01': 71}, 
2750.0, {'J01': np.float32(-4.0)}, {'J01': 38}, {'J01': 69}, 
2755.0, {'J01': np.float32(-4.0)}, {'J01': 38}, {'J01': 64}, 
2760.0, {'J01': np.float32(-4.0)}, {'J01': 36}, {'J01': 55}, 
2765.0, {'J01': np.float32(-4.0)}, {'J01': 32}, {'J01': 46}, 
2770.0, {'J01': np.float32(-4.0)}, {'J01': 30}, {'J01': 43}, 
2775.0, {'J01': np.float32(-4.0)}, {'J01': 30}, {'J01': 43}, 
2780.0, {'J01': np.float32(-4.0)}, {'J01': 30}, {'J01': 45}, 
2785.0, {'J01': np.float32(-4.0)}, {'J01': 30}, {'J01': 47}, 
2790.0, {'J01': np.float32(-4.0)}, {'J01': 32}, {'J01': 50}, 
2795.0, {'J01': np.float32(-4.0)}, {'J01': 36}, {'J01': 57}, 
2800.0, {'J01': np.float32(-4.0)}, {'J01': 38}, {'J01': 60}, 
2805.0, {'J01': np.float32(-4.0)}, {'J01': 36}, {'J01': 57}, 
2810.0, {'J01': np.float32(-4.0)}, {'J01': 35}, {'J01': 57}, 
2815.0, {'J01': np.float32(-4.0)}, {'J01': 33}, {'J01': 53}, 
2820.0, {'J01': np.float32(-4.0)}, {'J01': 31}, {'J01': 51}, 
2825.0, {'J01': np.float32(-4.0)}, {'J01': 30}, {'J01': 52}, 
2830.0, {'J01': np.float32(-4.0)}, {'J01': 28}, {'J01': 52}, 
2835.0, {'J01': np.float32(-4.0)}, {'J01': 29}, {'J01': 57}, 
2840.0, {'J01': np.float32(-4.0)}, {'J01': 30}, {'J01': 68}, 
2845.0, {'J01': np.float32(-4.0)}, {'J01': 30}, {'J01': 72}, 
2850.0, {'J01': np.float32(-4.0)}, {'J01': 32}, {'J01': 74}, 
2855.0, {'J01': np.float32(-4.0)}, {'J01': 37}, {'J01': 79}, 
2860.0, {'J01': np.float32(-4.0)}, {'J01': 38}, {'J01': 80}, 
2865.0, {'J01': np.float32(-4.0)}, {'J01': 38}, {'J01': 81}, 
2870.0, {'J01': np.float32(-4.0)}, {'J01': 38}, {'J01': 81}, 
2875.0, {'J01': np.float32(-4.0)}, {'J01': 38}, {'J01': 82}, 
2880.0, {'J01': np.float32(-4.0)}, {'J01': 36}, {'J01': 72}, 
2885.0, {'J01': np.float32(-4.0)}, {'J01': 35}, {'J01': 61}, 
2890.0, {'J01': np.float32(-4.0)}, {'J01': 35}, {'J01': 56}, 
2895.0, {'J01': np.float32(-4.0)}, {'J01': 35}, {'J01': 52}, 
2900.0, {'J01': np.float32(-4.0)}, {'J01': 35}, {'J01': 52}, 
2905.0, {'J01': np.float32(-4.0)}, {'J01': 36}, {'J01': 56}, 
2910.0, {'J01': np.float32(-4.0)}, {'J01': 38}, {'J01': 59}, 
2915.0, {'J01': np.float32(-4.0)}, {'J01': 38}, {'J01': 60}, 
2920.0, {'J01': np.float32(-4.0)}, {'J01': 38}, {'J01': 60}, 
2925.0, {'J01': np.float32(-4.0)}, {'J01': 36}, {'J01': 59}, 
2930.0, {'J01': np.float32(-4.0)}, {'J01': 36}, {'J01': 63}, 
2935.0, {'J01': np.float32(-4.0)}, {'J01': 36}, {'J01': 69}, 
2940.0, {'J01': np.float32(-4.0)}, {'J01': 36}, {'J01': 69}, 
2945.0, {'J01': np.float32(-4.0)}, {'J01': 36}, {'J01': 67}, 
2950.0, {'J01': np.float32(-4.0)}, {'J01': 36}, {'J01': 70}, 
2955.0, {'J01': np.float32(-4.0)}, {'J01': 40}, {'J01': 73}, 
2960.0, {'J01': np.float32(-4.0)}, {'J01': 40}, {'J01': 74}, 
2965.0, {'J01': np.float32(-4.0)}, {'J01': 40}, {'J01': 72}, 
2970.0, {'J01': np.float32(-4.0)}, {'J01': 36}, {'J01': 61}, 
2975.0, {'J01': np.float32(-4.0)}, {'J01': 31}, {'J01': 52}, 
2980.0, {'J01': np.float32(-4.0)}, {'J01': 31}, {'J01': 53}, 
2985.0, {'J01': np.float32(-4.0)}, {'J01': 31}, {'J01': 57}, 
2990.0, {'J01': np.float32(-4.0)}, {'J01': 31}, {'J01': 65}, 
2995.0, {'J01': np.float32(-4.0)}, {'J01': 31}, {'J01': 68}, 
3000.0, {'J01': np.float32(-4.0)}, {'J01': 31}, {'J01': 68}, 
3005.0, {'J01': np.float32(-4.0)}, {'J01': 39}, {'J01': 76}, 
3010.0, {'J01': np.float32(-4.0)}, {'J01': 40}, {'J01': 78}, 
3015.0, {'J01': np.float32(-4.0)}, {'J01': 40}, {'J01': 78}, 
3020.0, {'J01': np.float32(-4.0)}, {'J01': 40}, {'J01': 79}, 
3025.0, {'J01': np.float32(-4.0)}, {'J01': 40}, {'J01': 80}, 
3030.0, {'J01': np.float32(-4.0)}, {'J01': 36}, {'J01': 70}, 
3035.0, {'J01': np.float32(-4.0)}, {'J01': 33}, {'J01': 56}, 
3040.0, {'J01': np.float32(-4.0)}, {'J01': 33}, {'J01': 54}, 
3045.0, {'J01': np.float32(-4.0)}, {'J01': 33}, {'J01': 58}, 
3050.0, {'J01': np.float32(-4.0)}, {'J01': 33}, {'J01': 64}, 
3055.0, {'J01': np.float32(-4.0)}, {'J01': 33}, {'J01': 69}, 
3060.0, {'J01': np.float32(-4.0)}, {'J01': 33}, {'J01': 71}, 
3065.0, {'J01': np.float32(-4.0)}, {'J01': 40}, {'J01': 78}, 
3070.0, {'J01': np.float32(-4.0)}, {'J01': 40}, {'J01': 79}, 
3075.0, {'J01': np.float32(-4.0)}, {'J01': 40}, {'J01': 79}, 
3080.0, {'J01': np.float32(-4.0)}, {'J01': 40}, {'J01': 79}, 
3085.0, {'J01': np.float32(-4.0)}, {'J01': 40}, {'J01': 80}, 
3090.0, {'J01': np.float32(-4.0)}, {'J01': 40}, {'J01': 80}, 
3095.0, {'J01': np.float32(-4.0)}, {'J01': 40}, {'J01': 81}, 
3100.0, {'J01': np.float32(-4.0)}, {'J01': 40}, {'J01': 81}, 
3105.0, {'J01': np.float32(-4.0)}, {'J01': 36}, {'J01': 72}, 
3110.0, {'J01': np.float32(-4.0)}, {'J01': 35}, {'J01': 60}, 
3115.0, {'J01': np.float32(-4.0)}, {'J01': 34}, {'J01': 62}, 
3120.0, {'J01': np.float32(-4.0)}, {'J01': 34}, {'J01': 61}, 
3125.0, {'J01': np.float32(-4.0)}, {'J01': 34}, {'J01': 60}, 
3130.0, {'J01': np.float32(-4.0)}, {'J01': 34}, {'J01': 61}, 
3135.0, {'J01': np.float32(-4.0)}, {'J01': 32}, {'J01': 60}, 
3140.0, {'J01': np.float32(-4.0)}, {'J01': 37}, {'J01': 69}, 
3145.0, {'J01': np.float32(-4.0)}, {'J01': 37}, {'J01': 71}, 
3150.0, {'J01': np.float32(-4.0)}, {'J01': 37}, {'J01': 71}, 
3155.0, {'J01': np.float32(-4.0)}, {'J01': 37}, {'J01': 75}, 
3160.0, {'J01': np.float32(-4.0)}, {'J01': 37}, {'J01': 72}, 
3165.0, {'J01': np.float32(-4.0)}, {'J01': 38}, {'J01': 71}, 
3170.0, {'J01': np.float32(-4.0)}, {'J01': 38}, {'J01': 75}, 
3175.0, {'J01': np.float32(-4.0)}, {'J01': 38}, {'J01': 78}, 
3180.0, {'J01': np.float32(-4.0)}, {'J01': 38}, {'J01': 82}, 
3185.0, {'J01': np.float32(-4.0)}, {'J01': 38}, {'J01': 83}, 
3190.0, {'J01': np.float32(-4.0)}, {'J01': 38}, {'J01': 83}, 
3195.0, {'J01': np.float32(-4.0)}, {'J01': 38}, {'J01': 83}, 
3200.0, {'J01': np.float32(-4.0)}, {'J01': 38}, {'J01': 83}, 
3205.0, {'J01': np.float32(-4.0)}, {'J01': 38}, {'J01': 80}, 
3210.0, {'J01': np.float32(-4.0)}, {'J01': 38}, {'J01': 83}, 
3215.0, {'J01': np.float32(-4.0)}, {'J01': 38}, {'J01': 84}, 
3220.0, {'J01': np.float32(-4.0)}, {'J01': 38}, {'J01': 84}, 
3225.0, {'J01': np.float32(-4.0)}, {'J01': 38}, {'J01': 84}, 
3230.0, {'J01': np.float32(-4.0)}, {'J01': 38}, {'J01': 84}, 
3235.0, {'J01': np.float32(-4.0)}, {'J01': 38}, {'J01': 84}, 
3240.0, {'J01': np.float32(-4.0)}, {'J01': 38}, {'J01': 84}, 
3245.0, {'J01': np.float32(-4.0)}, {'J01': 38}, {'J01': 86}, 
3250.0, {'J01': np.float32(-4.0)}, {'J01': 38}, {'J01': 86}, 
3255.0, {'J01': np.float32(-4.0)}, {'J01': 38}, {'J01': 86}, 
3260.0, {'J01': np.float32(-4.0)}, {'J01': 36}, {'J01': 79}, 
3265.0, {'J01': np.float32(-4.0)}, {'J01': 34}, {'J01': 72}, 
3270.0, {'J01': np.float32(-4.0)}, {'J01': 34}, {'J01': 77}, 
3275.0, {'J01': np.float32(-4.0)}, {'J01': 34}, {'J01': 80}, 
3280.0, {'J01': np.float32(-4.0)}, {'J01': 34}, {'J01': 82}, 
3285.0, {'J01': np.float32(-4.0)}, {'J01': 34}, {'J01': 82}, 
3290.0, {'J01': np.float32(-4.0)}, {'J01': 38}, {'J01': 86}, 
3295.0, {'J01': np.float32(-4.0)}, {'J01': 38}, {'J01': 87}, 
3300.0, {'J01': np.float32(-4.0)}, {'J01': 38}, {'J01': 87}, 
3305.0, {'J01': np.float32(-4.0)}, {'J01': 38}, {'J01': 87}, 
3310.0, {'J01': np.float32(-4.0)}, {'J01': 38}, {'J01': 88}, 
3315.0, {'J01': np.float32(-4.0)}, {'J01': 38}, {'J01': 89}, 
3320.0, {'J01': np.float32(-4.0)}, {'J01': 38}, {'J01': 82}, 
3325.0, {'J01': np.float32(-4.0)}, {'J01': 38}, {'J01': 71}, 
3330.0, {'J01': np.float32(-4.0)}, {'J01': 38}, {'J01': 71}, 
3335.0, {'J01': np.float32(-4.0)}, {'J01': 38}, {'J01': 74}, 
3340.0, {'J01': np.float32(-4.0)}, {'J01': 38}, {'J01': 76}, 
3345.0, {'J01': np.float32(-4.0)}, {'J01': 34}, {'J01': 63}, 
3350.0, {'J01': np.float32(-4.0)}, {'J01': 34}, {'J01': 52}, 
3355.0, {'J01': np.float32(-4.0)}, {'J01': 34}, {'J01': 48}, 
3360.0, {'J01': np.float32(-4.0)}, {'J01': 34}, {'J01': 48}, 
3365.0, {'J01': np.float32(-4.0)}, {'J01': 34}, {'J01': 51}, 
3370.0, {'J01': np.float32(-4.0)}, {'J01': 35}, {'J01': 54}, 
3375.0, {'J01': np.float32(-4.0)}, {'J01': 38}, {'J01': 58}, 
3380.0, {'J01': np.float32(-4.0)}, {'J01': 38}, {'J01': 60}, 
3385.0, {'J01': np.float32(-4.0)}, {'J01': 38}, {'J01': 60}, 
3390.0, {'J01': np.float32(-4.0)}, {'J01': 36}, {'J01': 58}, 
3395.0, {'J01': np.float32(-4.0)}, {'J01': 32}, {'J01': 57}, 
3400.0, {'J01': np.float32(-4.0)}, {'J01': 31}, {'J01': 61}, 
3405.0, {'J01': np.float32(-4.0)}, {'J01': 31}, {'J01': 70}, 
3410.0, {'J01': np.float32(-4.0)}, {'J01': 31}, {'J01': 70}, 
3415.0, {'J01': np.float32(-4.0)}, {'J01': 31}, {'J01': 70}, 
3420.0, {'J01': np.float32(-4.0)}, {'J01': 33}, {'J01': 72}, 
3425.0, {'J01': np.float32(-4.0)}, {'J01': 34}, {'J01': 74}, 
3430.0, {'J01': np.float32(-4.0)}, {'J01': 38}, {'J01': 79}, 
3435.0, {'J01': np.float32(-4.0)}, {'J01': 38}, {'J01': 80}, 
3440.0, {'J01': np.float32(-4.0)}, {'J01': 38}, {'J01': 80}, 
3445.0, {'J01': np.float32(-4.0)}, {'J01': 37}, {'J01': 78}, 
3450.0, {'J01': np.float32(-4.0)}, {'J01': 34}, {'J01': 66}, 
3455.0, {'J01': np.float32(-4.0)}, {'J01': 31}, {'J01': 56}, 
3460.0, {'J01': np.float32(-4.0)}, {'J01': 29}, {'J01': 48}, 
3465.0, {'J01': np.float32(-4.0)}, {'J01': 28}, {'J01': 46}, 
3470.0, {'J01': np.float32(-4.0)}, {'J01': 28}, {'J01': 47}, 
3475.0, {'J01': np.float32(-4.0)}, {'J01': 30}, {'J01': 50}, 
3480.0, {'J01': np.float32(-4.0)}, {'J01': 31}, {'J01': 51}, 
3485.0, {'J01': np.float32(-4.0)}, {'J01': 34}, {'J01': 54}, 
3490.0, {'J01': np.float32(-4.0)}, {'J01': 36}, {'J01': 52}, 
3495.0, {'J01': np.float32(-4.0)}, {'J01': 34}, {'J01': 55}, 
3500.0, {'J01': np.float32(-4.0)}, {'J01': 34}, {'J01': 64}, 
3505.0, {'J01': np.float32(-4.0)}, {'J01': 34}, {'J01': 65}, 
3510.0, {'J01': np.float32(-4.0)}, {'J01': 34}, {'J01': 65}, 
3515.0, {'J01': np.float32(-4.0)}, {'J01': 34}, {'J01': 67}, 
3520.0, {'J01': np.float32(-4.0)}, {'J01': 35}, {'J01': 74}, 
3525.0, {'J01': np.float32(-4.0)}, {'J01': 39}, {'J01': 78}, 
3530.0, {'J01': np.float32(-4.0)}, {'J01': 39}, {'J01': 80}, 
3535.0, {'J01': np.float32(-4.0)}, {'J01': 39}, {'J01': 82}, 
3540.0, {'J01': np.float32(-4.0)}, {'J01': 39}, {'J01': 83}, 
3545.0, {'J01': np.float32(-4.0)}, {'J01': 39}, {'J01': 83}, 
3550.0, {'J01': np.float32(-4.0)}, {'J01': 39}, {'J01': 85}, 
3555.0, {'J01': np.float32(-4.0)}, {'J01': 39}, {'J01': 85}, 
3560.0, {'J01': np.float32(-4.0)}, {'J01': 39}, {'J01': 86}, 
3565.0, {'J01': np.float32(-4.0)}, {'J01': 39}, {'J01': 86}, 
3570.0, {'J01': np.float32(-4.0)}, {'J01': 39}, {'J01': 88}, 
3575.0, {'J01': np.float32(-4.0)}, {'J01': 39}, {'J01': 88}, 
3580.0, {'J01': np.float32(-4.0)}, {'J01': 39}, {'J01': 89}, 
3585.0, {'J01': np.float32(-4.0)}, {'J01': 38}, {'J01': 83}, 
3590.0, {'J01': np.float32(-4.0)}, {'J01': 38}, {'J01': 82}, 
3595.0, {'J01': np.float32(-4.0)}, {'J01': 38}, {'J01': 84}, 
3600.0, {'J01': np.float32(-4.0)}, {'J01': 38}, {'J01': 85}, 
3605.0, {'J01': np.float32(-4.0)}, {'J01': 37}, {'J01': 84}, 
3610.0, {'J01': np.float32(-4.0)}, {'J01': 37}, {'J01': 81}, 
3615.0, {'J01': np.float32(-4.0)}, {'J01': 37}, {'J01': 78}, 
3620.0, {'J01': np.float32(-4.0)}, {'J01': 37}, {'J01': 74}, 
3625.0, {'J01': np.float32(-4.0)}, {'J01': 37}, {'J01': 71}, 
3630.0, {'J01': np.float32(-4.0)}, {'J01': 37}, {'J01': 69}, 
3635.0, {'J01': np.float32(-4.0)}, {'J01': 38}, {'J01': 71}, 
3640.0, {'J01': np.float32(-4.0)}, {'J01': 38}, {'J01': 72}, 
3645.0, {'J01': np.float32(-4.0)}, {'J01': 38}, {'J01': 72}, 
3650.0, {'J01': np.float32(-4.0)}, {'J01': 38}, {'J01': 73}, 
3655.0, {'J01': np.float32(-4.0)}, {'J01': 38}, {'J01': 74}, 
3660.0, {'J01': np.float32(-4.0)}, {'J01': 38}, {'J01': 74}, 
3665.0, {'J01': np.float32(-4.0)}, {'J01': 38}, {'J01': 74}, 
3670.0, {'J01': np.float32(-4.0)}, {'J01': 38}, {'J01': 75}, 
3675.0, {'J01': np.float32(-4.0)}, {'J01': 38}, {'J01': 79}, 
3680.0, {'J01': np.float32(-4.0)}, {'J01': 36}, {'J01': 72}, 
3685.0, {'J01': np.float32(-4.0)}, {'J01': 34}, {'J01': 61}, 
3690.0, {'J01': np.float32(-4.0)}, {'J01': 36}, {'J01': 55}, 
3695.0, {'J01': np.float32(-4.0)}, {'J01': 36}, {'J01': 47}, 
3700.0, {'J01': np.float32(-4.0)}, {'J01': 36}, {'J01': 48}, 
3705.0, {'J01': np.float32(-4.0)}, {'J01': 36}, {'J01': 49}, 
3710.0, {'J01': np.float32(-4.0)}, {'J01': 36}, {'J01': 50}, 
3715.0, {'J01': np.float32(-4.0)}, {'J01': 36}, {'J01': 57}, 
3720.0, {'J01': np.float32(-4.0)}, {'J01': 36}, {'J01': 64}, 
3725.0, {'J01': np.float32(-4.0)}, {'J01': 36}, {'J01': 68}, 
3730.0, {'J01': np.float32(-4.0)}, {'J01': 36}, {'J01': 68}, 
3735.0, {'J01': np.float32(-4.0)}, {'J01': 37}, {'J01': 69}, 
3740.0, {'J01': np.float32(-4.0)}, {'J01': 38}, {'J01': 70}, 
3745.0, {'J01': np.float32(-4.0)}, {'J01': 38}, {'J01': 70}, 
3750.0, {'J01': np.float32(-4.0)}, {'J01': 38}, {'J01': 70}, 
3755.0, {'J01': np.float32(-4.0)}, {'J01': 38}, {'J01': 70}, 
3760.0, {'J01': np.float32(-4.0)}, {'J01': 38}, {'J01': 70}, 
3765.0, {'J01': np.float32(-4.0)}, {'J01': 36}, {'J01': 63}, 
3770.0, {'J01': np.float32(-4.0)}, {'J01': 35}, {'J01': 58}, 
3775.0, {'J01': np.float32(-4.0)}, {'J01': 33}, {'J01': 57}, 
3780.0, {'J01': np.float32(-4.0)}, {'J01': 33}, {'J01': 58}, 
3785.0, {'J01': np.float32(-4.0)}, {'J01': 33}, {'J01': 60}, 
3790.0, {'J01': np.float32(-4.0)}, {'J01': 33}, {'J01': 61}, 
3795.0, {'J01': np.float32(-4.0)}, {'J01': 35}, {'J01': 63}, 
3800.0, {'J01': np.float32(-4.0)}, {'J01': 37}, {'J01': 65}, 
3805.0, {'J01': np.float32(-4.0)}, {'J01': 38}, {'J01': 66}, 
3810.0, {'J01': np.float32(-4.0)}, {'J01': 38}, {'J01': 66}, 
3815.0, {'J01': np.float32(-4.0)}, {'J01': 38}, {'J01': 66}, 
3820.0, {'J01': np.float32(-4.0)}, {'J01': 38}, {'J01': 66}, 
3825.0, {'J01': np.float32(-4.0)}, {'J01': 38}, {'J01': 66}, 
3830.0, {'J01': np.float32(-4.0)}, {'J01': 38}, {'J01': 67}, 
3835.0, {'J01': np.float32(-4.0)}, {'J01': 38}, {'J01': 66}, 
3840.0, {'J01': np.float32(-4.0)}, {'J01': 38}, {'J01': 66}, 
3845.0, {'J01': np.float32(-4.0)}, {'J01': 36}, {'J01': 62}, 
3850.0, {'J01': np.float32(-4.0)}, {'J01': 34}, {'J01': 58}, 
3855.0, {'J01': np.float32(-4.0)}, {'J01': 34}, {'J01': 52}, 
3860.0, {'J01': np.float32(-4.0)}, {'J01': 36}, {'J01': 51}, 
3865.0, {'J01': np.float32(-4.0)}, {'J01': 36}, {'J01': 51}, 
3870.0, {'J01': np.float32(-4.0)}, {'J01': 36}, {'J01': 52}, 
3875.0, {'J01': np.float32(-4.0)}, {'J01': 36}, {'J01': 52}, 
3880.0, {'J01': np.float32(-4.0)}, {'J01': 38}, {'J01': 54}, 
3885.0, {'J01': np.float32(-4.0)}, {'J01': 36}, {'J01': 53}, 
3890.0, {'J01': np.float32(-4.0)}, {'J01': 36}, {'J01': 53}, 
3895.0, {'J01': np.float32(-4.0)}, {'J01': 36}, {'J01': 60}, 
3900.0, {'J01': np.float32(-4.0)}, {'J01': 36}, {'J01': 66}, 
3905.0, {'J01': np.float32(-4.0)}, {'J01': 36}, {'J01': 69}, 
3910.0, {'J01': np.float32(-4.0)}, {'J01': 37}, {'J01': 69}, 
3915.0, {'J01': np.float32(-4.0)}, {'J01': 38}, {'J01': 69}, 
3920.0, {'J01': np.float32(-4.0)}, {'J01': 38}, {'J01': 69}, 
3925.0, {'J01': np.float32(-4.0)}, {'J01': 38}, {'J01': 69}, 
3930.0, {'J01': np.float32(-4.0)}, {'J01': 38}, {'J01': 69}, 
3935.0, {'J01': np.float32(-4.0)}, {'J01': 38}, {'J01': 69}, 
3940.0, {'J01': np.float32(-4.0)}, {'J01': 38}, {'J01': 69}, 
3945.0, {'J01': np.float32(-4.0)}, {'J01': 38}, {'J01': 67}, 
3950.0, {'J01': np.float32(-4.0)}, {'J01': 38}, {'J01': 66}, 
3955.0, {'J01': np.float32(-4.0)}, {'J01': 38}, {'J01': 66}, 
3960.0, {'J01': np.float32(-4.0)}, {'J01': 38}, {'J01': 66}, 
3965.0, {'J01': np.float32(-4.0)}, {'J01': 38}, {'J01': 66}, 
3970.0, {'J01': np.float32(-4.0)}, {'J01': 38}, {'J01': 66}, 
3975.0, {'J01': np.float32(-4.0)}, {'J01': 38}, {'J01': 66}, 
3980.0, {'J01': np.float32(-4.0)}, {'J01': 36}, {'J01': 58}, 
3985.0, {'J01': np.float32(-4.0)}, {'J01': 35}, {'J01': 49}, 
3990.0, {'J01': np.float32(-4.0)}, {'J01': 33}, {'J01': 45}, 
3995.0, {'J01': np.float32(-4.0)}, {'J01': 33}, {'J01': 47}, 
4000.0, {'J01': np.float32(-4.0)}, {'J01': 33}, {'J01': 52}, 
4005.0, {'J01': np.float32(-4.0)}, {'J01': 33}, {'J01': 55}, 
4010.0, {'J01': np.float32(-4.0)}, {'J01': 33}, {'J01': 55}, 
4015.0, {'J01': np.float32(-4.0)}, {'J01': 37}, {'J01': 59}, 
4020.0, {'J01': np.float32(-4.0)}, {'J01': 38}, {'J01': 60}, 
4025.0, {'J01': np.float32(-4.0)}, {'J01': 38}, {'J01': 60}, 
4030.0, {'J01': np.float32(-4.0)}, {'J01': 38}, {'J01': 62}, 
4035.0, {'J01': np.float32(-4.0)}, {'J01': 38}, {'J01': 62}, 
4040.0, {'J01': np.float32(-4.0)}, {'J01': 38}, {'J01': 62}, 
4045.0, {'J01': np.float32(-4.0)}, {'J01': 38}, {'J01': 62}, 
4050.0, {'J01': np.float32(-4.0)}, {'J01': 38}, {'J01': 62}, 
4055.0, {'J01': np.float32(-4.0)}, {'J01': 38}, {'J01': 65}, 
4060.0, {'J01': np.float32(-4.0)}, {'J01': 38}, {'J01': 67}, 
4065.0, {'J01': np.float32(-4.0)}, {'J01': 38}, {'J01': 67}, 
4070.0, {'J01': np.float32(-4.0)}, {'J01': 38}, {'J01': 67}, 
4075.0, {'J01': np.float32(-4.0)}, {'J01': 38}, {'J01': 67}, 
4080.0, {'J01': np.float32(-4.0)}, {'J01': 38}, {'J01': 66}, 
4085.0, {'J01': np.float32(-4.0)}, {'J01': 38}, {'J01': 66}, 
4090.0, {'J01': np.float32(-4.0)}, {'J01': 38}, {'J01': 66}, 
4095.0, {'J01': np.float32(-4.0)}, {'J01': 38}, {'J01': 66}, 
4100.0, {'J01': np.float32(-4.0)}, {'J01': 38}, {'J01': 66}, 
4105.0, {'J01': np.float32(-4.0)}, {'J01': 38}, {'J01': 66}, 
4110.0, {'J01': np.float32(-4.0)}, {'J01': 38}, {'J01': 66}, 
4115.0, {'J01': np.float32(-4.0)}, {'J01': 38}, {'J01': 66}, 
4120.0, {'J01': np.float32(-4.0)}, {'J01': 38}, {'J01': 66}, 
4125.0, {'J01': np.float32(-4.0)}, {'J01': 38}, {'J01': 66}, 
4130.0, {'J01': np.float32(-4.0)}, {'J01': 38}, {'J01': 66}, 
4135.0, {'J01': np.float32(-4.0)}, {'J01': 38}, {'J01': 64}, 
4140.0, {'J01': np.float32(-4.0)}, {'J01': 34}, {'J01': 52}, 
4145.0, {'J01': np.float32(-4.0)}, {'J01': 31}, {'J01': 45}, 
4150.0, {'J01': np.float32(-4.0)}, {'J01': 29}, {'J01': 40}, 
4155.0, {'J01': np.float32(-4.0)}, {'J01': 29}, {'J01': 41}, 
4160.0, {'J01': np.float32(-4.0)}, {'J01': 29}, {'J01': 49}, 
4165.0, {'J01': np.float32(-4.0)}, {'J01': 29}, {'J01': 56}, 
4170.0, {'J01': np.float32(-4.0)}, {'J01': 30}, {'J01': 58}, 
4175.0, {'J01': np.float32(-4.0)}, {'J01': 37}, {'J01': 65}, 
4180.0, {'J01': np.float32(-4.0)}, {'J01': 38}, {'J01': 66}, 
4185.0, {'J01': np.float32(-4.0)}, {'J01': 38}, {'J01': 63}, 
4190.0, {'J01': np.float32(-4.0)}, {'J01': 36}, {'J01': 57}, 
4195.0, {'J01': np.float32(-4.0)}, {'J01': 35}, {'J01': 55}, 
4200.0, {'J01': np.float32(-4.0)}, {'J01': 35}, {'J01': 47}, 
4205.0, {'J01': np.float32(-4.0)}, {'J01': 35}, {'J01': 43}, 
4210.0, {'J01': np.float32(-4.0)}, {'J01': 35}, {'J01': 41}, 
4215.0, {'J01': np.float32(-4.0)}, {'J01': 35}, {'J01': 42}, 
4220.0, {'J01': np.float32(-4.0)}, {'J01': 37}, {'J01': 46}, 
4225.0, {'J01': np.float32(-4.0)}, {'J01': 38}, {'J01': 47}, 
4230.0, {'J01': np.float32(-4.0)}, {'J01': 38}, {'J01': 47}, 
4235.0, {'J01': np.float32(-4.0)}, {'J01': 38}, {'J01': 48}, 
4240.0, {'J01': np.float32(-4.0)}, {'J01': 38}, {'J01': 49}, 
4245.0, {'J01': np.float32(-4.0)}, {'J01': 38}, {'J01': 50}, 
4250.0, {'J01': np.float32(-4.0)}, {'J01': 36}, {'J01': 49}, 
4255.0, {'J01': np.float32(-4.0)}, {'J01': 36}, {'J01': 48}, 
4260.0, {'J01': np.float32(-4.0)}, {'J01': 34}, {'J01': 49}, 
4265.0, {'J01': np.float32(-4.0)}, {'J01': 31}, {'J01': 44}, 
4270.0, {'J01': np.float32(-4.0)}, {'J01': 29}, {'J01': 42}, 
4275.0, {'J01': np.float32(-4.0)}, {'J01': 26}, {'J01': 39}, 
4280.0, {'J01': np.float32(-4.0)}, {'J01': 25}, {'J01': 38}, 
4285.0, {'J01': np.float32(-4.0)}, {'J01': 25}, {'J01': 38}, 
4290.0, {'J01': np.float32(-4.0)}, {'J01': 25}, {'J01': 44}, 
4295.0, {'J01': np.float32(-4.0)}, {'J01': 25}, {'J01': 49}, 
4300.0, {'J01': np.float32(-4.0)}, {'J01': 28}, {'J01': 54}, 
4305.0, {'J01': np.float32(-4.0)}, {'J01': 32}, {'J01': 61}, 
4310.0, {'J01': np.float32(-4.0)}, {'J01': 37}, {'J01': 67}, 
4315.0, {'J01': np.float32(-4.0)}, {'J01': 37}, {'J01': 70}, 
4320.0, {'J01': np.float32(-4.0)}, {'J01': 37}, {'J01': 70}, 
4325.0, {'J01': np.float32(-4.0)}, {'J01': 37}, {'J01': 70}, 
4330.0, {'J01': np.float32(-4.0)}, {'J01': 37}, {'J01': 70}, 
4335.0, {'J01': np.float32(-4.0)}, {'J01': 37}, {'J01': 70}, 
4340.0, {'J01': np.float32(-4.0)}, {'J01': 37}, {'J01': 70}, 
4345.0, {'J01': np.float32(-4.0)}, {'J01': 37}, {'J01': 70}, 
4350.0, {'J01': np.float32(-4.0)}, {'J01': 37}, {'J01': 70}, 
4355.0, {'J01': np.float32(-4.0)}, {'J01': 37}, {'J01': 70}, 
4360.0, {'J01': np.float32(-4.0)}, {'J01': 37}, {'J01': 70}, 
4365.0, {'J01': np.float32(-4.0)}, {'J01': 35}, {'J01': 62}, 
4370.0, {'J01': np.float32(-4.0)}, {'J01': 30}, {'J01': 49}, 
4375.0, {'J01': np.float32(-4.0)}, {'J01': 28}, {'J01': 43}, 
4380.0, {'J01': np.float32(-4.0)}, {'J01': 28}, {'J01': 39}, 
4385.0, {'J01': np.float32(-4.0)}, {'J01': 26}, {'J01': 40}, 
4390.0, {'J01': np.float32(-4.0)}, {'J01': 26}, {'J01': 43}, 
4395.0, {'J01': np.float32(-4.0)}, {'J01': 26}, {'J01': 47}, 
4400.0, {'J01': np.float32(-4.0)}, {'J01': 26}, {'J01': 50}, 
4405.0, {'J01': np.float32(-4.0)}, {'J01': 26}, {'J01': 50}, 
4410.0, {'J01': np.float32(-4.0)}, {'J01': 26}, {'J01': 50}, 
4415.0, {'J01': np.float32(-4.0)}, {'J01': 26}, {'J01': 50}, 
4420.0, {'J01': np.float32(-4.0)}, {'J01': 26}, {'J01': 51}, 
4425.0, {'J01': np.float32(-4.0)}, {'J01': 26}, {'J01': 51}, 
4430.0, {'J01': np.float32(-4.0)}, {'J01': 26}, {'J01': 51}, 
4435.0, {'J01': np.float32(-4.0)}, {'J01': 26}, {'J01': 51}, 
4440.0, {'J01': np.float32(-4.0)}, {'J01': 26}, {'J01': 51}, 
4445.0, {'J01': np.float32(-4.0)}, {'J01': 26}, {'J01': 52}, 
4450.0, {'J01': np.float32(-4.0)}, {'J01': 24}, {'J01': 47}, 
4455.0, {'J01': np.float32(-4.0)}, {'J01': 21}, {'J01': 39}, 
4460.0, {'J01': np.float32(-4.0)}, {'J01': 21}, {'J01': 35}, 
4465.0, {'J01': np.float32(-4.0)}, {'J01': 21}, {'J01': 31}, 
4470.0, {'J01': np.float32(-4.0)}, {'J01': 21}, {'J01': 31}, 
4475.0, {'J01': np.float32(-4.0)}, {'J01': 21}, {'J01': 31}, 
4480.0, {'J01': np.float32(-4.0)}, {'J01': 21}, {'J01': 31}, 
4485.0, {'J01': np.float32(-4.0)}, {'J01': 21}, {'J01': 31}, 
4490.0, {'J01': np.float32(-4.0)}, {'J01': 21}, {'J01': 31}, 
4495.0, {'J01': np.float32(-4.0)}, {'J01': 21}, {'J01': 31}, 
4500.0, {'J01': np.float32(-4.0)}, {'J01': 21}, {'J01': 31}, 
4505.0, {'J01': np.float32(-4.0)}, {'J01': 21}, {'J01': 31}, 
4510.0, {'J01': np.float32(-4.0)}, {'J01': 19}, {'J01': 30}, 
4515.0, {'J01': np.float32(-4.0)}, {'J01': 19}, {'J01': 30}, 
4520.0, {'J01': np.float32(-4.0)}, {'J01': 19}, {'J01': 30}, 
4525.0, {'J01': np.float32(-4.0)}, {'J01': 19}, {'J01': 37}, 
4530.0, {'J01': np.float32(-4.0)}, {'J01': 19}, {'J01': 39}, 
4535.0, {'J01': np.float32(-4.0)}, {'J01': 19}, {'J01': 35}, 
4540.0, {'J01': np.float32(-4.0)}, {'J01': 19}, {'J01': 35}, 
4545.0, {'J01': np.float32(-4.0)}, {'J01': 19}, {'J01': 35}, 
4550.0, {'J01': np.float32(-4.0)}, {'J01': 19}, {'J01': 36}, 
4555.0, {'J01': np.float32(-4.0)}, {'J01': 19}, {'J01': 36}, 
4560.0, {'J01': np.float32(-4.0)}, {'J01': 19}, {'J01': 36}, 
4565.0, {'J01': np.float32(-4.0)}, {'J01': 19}, {'J01': 36}, 
4570.0, {'J01': np.float32(-4.0)}, {'J01': 19}, {'J01': 37}, 
4575.0, {'J01': np.float32(-4.0)}, {'J01': 19}, {'J01': 37}, 
4580.0, {'J01': np.float32(-4.0)}, {'J01': 19}, {'J01': 38}, 
4585.0, {'J01': np.float32(-4.0)}, {'J01': 19}, {'J01': 40}, 
4590.0, {'J01': np.float32(-4.0)}, {'J01': 19}, {'J01': 42}, 
4595.0, {'J01': np.float32(-4.0)}, {'J01': 19}, {'J01': 42}, 
4600.0, {'J01': np.float32(-4.0)}, {'J01': 19}, {'J01': 42}, 
4605.0, {'J01': np.float32(-4.0)}, {'J01': 19}, {'J01': 42}, 
4610.0, {'J01': np.float32(-4.0)}, {'J01': 19}, {'J01': 42}, 
4615.0, {'J01': np.float32(-4.0)}, {'J01': 19}, {'J01': 42}, 
4620.0, {'J01': np.float32(-4.0)}, {'J01': 16}, {'J01': 35}, 
4625.0, {'J01': np.float32(-4.0)}, {'J01': 14}, {'J01': 29}, 
4630.0, {'J01': np.float32(-4.0)}, {'J01': 13}, {'J01': 24}, 
4635.0, {'J01': np.float32(-4.0)}, {'J01': 13}, {'J01': 20}, 
4640.0, {'J01': np.float32(-4.0)}, {'J01': 13}, {'J01': 20}, 
4645.0, {'J01': np.float32(-4.0)}, {'J01': 13}, {'J01': 20}, 
4650.0, {'J01': np.float32(-4.0)}, {'J01': 13}, {'J01': 20}, 
4655.0, {'J01': np.float32(-4.0)}, {'J01': 13}, {'J01': 21}, 
4660.0, {'J01': np.float32(-4.0)}, {'J01': 13}, {'J01': 21}, 
4665.0, {'J01': np.float32(-4.0)}, {'J01': 13}, {'J01': 22}, 
4670.0, {'J01': np.float32(-4.0)}, {'J01': 13}, {'J01': 22}, 
4675.0, {'J01': np.float32(-4.0)}, {'J01': 13}, {'J01': 22}, 
4680.0, {'J01': np.float32(-4.0)}, {'J01': 11}, {'J01': 20}, 
4685.0, {'J01': np.float32(-4.0)}, {'J01': 8}, {'J01': 19}, 
4690.0, {'J01': np.float32(-4.0)}, {'J01': 8}, {'J01': 25}, 
4695.0, {'J01': np.float32(-4.0)}, {'J01': 8}, {'J01': 33}, 
4700.0, {'J01': np.float32(-4.0)}, {'J01': 8}, {'J01': 33}, 
4705.0, {'J01': np.float32(-4.0)}, {'J01': 8}, {'J01': 33}, 
4710.0, {'J01': np.float32(-4.0)}, {'J01': 8}, {'J01': 33}, 
4715.0, {'J01': np.float32(-4.0)}, {'J01': 8}, {'J01': 35}, 
4720.0, {'J01': np.float32(-4.0)}, {'J01': 8}, {'J01': 37}, 
4725.0, {'J01': np.float32(-4.0)}, {'J01': 8}, {'J01': 38}, 
4730.0, {'J01': np.float32(-4.0)}, {'J01': 8}, {'J01': 34}, 
4735.0, {'J01': np.float32(-4.0)}, {'J01': 8}, {'J01': 29}, 
4740.0, {'J01': np.float32(-4.0)}, {'J01': 8}, {'J01': 27}, 
4745.0, {'J01': np.float32(-4.0)}, {'J01': 8}, {'J01': 27}, 
4750.0, {'J01': np.float32(-4.0)}, {'J01': 8}, {'J01': 29}, 
4755.0, {'J01': np.float32(-4.0)}, {'J01': 7}, {'J01': 26}, 
4760.0, {'J01': np.float32(-4.0)}, {'J01': 5}, {'J01': 24}, 
4765.0, {'J01': np.float32(-4.0)}, {'J01': 4}, {'J01': 19}, 
4770.0, {'J01': np.float32(-4.0)}, {'J01': 4}, {'J01': 14}, 
4775.0, {'J01': np.float32(-4.0)}, {'J01': 4}, {'J01': 14}, 
4780.0, {'J01': np.float32(-4.0)}, {'J01': 4}, {'J01': 14}, 
4785.0, {'J01': np.float32(-4.0)}, {'J01': 4}, {'J01': 15}, 
4790.0, {'J01': np.float32(-4.0)}, {'J01': 4}, {'J01': 15}, 
4795.0, {'J01': np.float32(-4.0)}, {'J01': 5}, {'J01': 16}, 
4800.0, {'J01': np.float32(-4.0)}, {'J01': 5}, {'J01': 16}, 
4805.0, {'J01': np.float32(-4.0)}, {'J01': 5}, {'J01': 14}, 
4810.0, {'J01': np.float32(-4.0)}, {'J01': 5}, {'J01': 15}, 
4815.0, {'J01': np.float32(-4.0)}, {'J01': 7}, {'J01': 19}, 
4820.0, {'J01': np.float32(-4.0)}, {'J01': 8}, {'J01': 25}, 
4825.0, {'J01': np.float32(-4.0)}, {'J01': 7}, {'J01': 25}, 
4830.0, {'J01': np.float32(-4.0)}, {'J01': 5}, {'J01': 22}, 
4835.0, {'J01': np.float32(-4.0)}, {'J01': 5}, {'J01': 18}, 
4840.0, {'J01': np.float32(-4.0)}, {'J01': 5}, {'J01': 14}, 
4845.0, {'J01': np.float32(-4.0)}, {'J01': 6}, {'J01': 14}, 
4850.0, {'J01': np.float32(-4.0)}, {'J01': 6}, {'J01': 14}, 
4855.0, {'J01': np.float32(-4.0)}, {'J01': 7}, {'J01': 15}, 
4860.0, {'J01': np.float32(-4.0)}, {'J01': 7}, {'J01': 15}, 
4865.0, {'J01': np.float32(-4.0)}, {'J01': 7}, {'J01': 15}, 
4870.0, {'J01': np.float32(-4.0)}, {'J01': 8}, {'J01': 16}, 
4875.0, {'J01': np.float32(-4.0)}, {'J01': 8}, {'J01': 16}, 
4880.0, {'J01': np.float32(-4.0)}, {'J01': 6}, {'J01': 15}, 
4885.0, {'J01': np.float32(-4.0)}, {'J01': 6}, {'J01': 14}, 
4890.0, {'J01': np.float32(-4.0)}, {'J01': 6}, {'J01': 14}, 
4895.0, {'J01': np.float32(-4.0)}, {'J01': 7}, {'J01': 14}, 
4900.0, {'J01': np.float32(-4.0)}, {'J01': 8}, {'J01': 13}, 
4905.0, {'J01': np.float32(-4.0)}, {'J01': 8}, {'J01': 15}, 
4910.0, {'J01': np.float32(-4.0)}, {'J01': 8}, {'J01': 18}, 
4915.0, {'J01': np.float32(-4.0)}, {'J01': 8}, {'J01': 21}, 
4920.0, {'J01': np.float32(-4.0)}, {'J01': 8}, {'J01': 23}, 
4925.0, {'J01': np.float32(-4.0)}, {'J01': 8}, {'J01': 26}, 
4930.0, {'J01': np.float32(-4.0)}, {'J01': 8}, {'J01': 26}, 
4935.0, {'J01': np.float32(-4.0)}, {'J01': 8}, {'J01': 26}, 
4940.0, {'J01': np.float32(-4.0)}, {'J01': 8}, {'J01': 26}, 
4945.0, {'J01': np.float32(-4.0)}, {'J01': 8}, {'J01': 26}, 
4950.0, {'J01': np.float32(-4.0)}, {'J01': 8}, {'J01': 26}, 
4955.0, {'J01': np.float32(-4.0)}, {'J01': 8}, {'J01': 27}, 
4960.0, {'J01': np.float32(-4.0)}, {'J01': 8}, {'J01': 27}, 
4965.0, {'J01': np.float32(-4.0)}, {'J01': 8}, {'J01': 25}, 
4970.0, {'J01': np.float32(-4.0)}, {'J01': 7}, {'J01': 23}, 
4975.0, {'J01': np.float32(-4.0)}, {'J01': 4}, {'J01': 18}, 
4980.0, {'J01': np.float32(-4.0)}, {'J01': 4}, {'J01': 14}, 
4985.0, {'J01': np.float32(-4.0)}, {'J01': 4}, {'J01': 10}, 
4990.0, {'J01': np.float32(-4.0)}, {'J01': 4}, {'J01': 11}, 
4995.0, {'J01': np.float32(-4.0)}, {'J01': 5}, {'J01': 12}, 
5000.0, {'J01': np.float32(-4.0)}, {'J01': 5}, {'J01': 12}, 
5005.0, {'J01': np.float32(-4.0)}, {'J01': 5}, {'J01': 12}, 
5010.0, {'J01': np.float32(-4.0)}, {'J01': 5}, {'J01': 12}, 
5015.0, {'J01': np.float32(-4.0)}, {'J01': 6}, {'J01': 13}, 
5020.0, {'J01': np.float32(-4.0)}, {'J01': 6}, {'J01': 13}, 
5025.0, {'J01': np.float32(-4.0)}, {'J01': 6}, {'J01': 13}, 
5030.0, {'J01': np.float32(-4.0)}, {'J01': 5}, {'J01': 14}, 
5035.0, {'J01': np.float32(-4.0)}, {'J01': 4}, {'J01': 11}, 
5040.0, {'J01': np.float32(-4.0)}, {'J01': 4}, {'J01': 12}, 
5045.0, {'J01': np.float32(-4.0)}, {'J01': 5}, {'J01': 19}, 
5050.0, {'J01': np.float32(-4.0)}, {'J01': 7}, {'J01': 23}, 
5055.0, {'J01': np.float32(-4.0)}, {'J01': 8}, {'J01': 21}, 
5060.0, {'J01': np.float32(-4.0)}, {'J01': 8}, {'J01': 21}, 
5065.0, {'J01': np.float32(-4.0)}, {'J01': 8}, {'J01': 21}, 
5070.0, {'J01': np.float32(-4.0)}, {'J01': 8}, {'J01': 21}, 
5075.0, {'J01': np.float32(-4.0)}, {'J01': 8}, {'J01': 21}, 
5080.0, {'J01': np.float32(-4.0)}, {'J01': 8}, {'J01': 21}, 
5085.0, {'J01': np.float32(-4.0)}, {'J01': 8}, {'J01': 21}, 
5090.0, {'J01': np.float32(-4.0)}, {'J01': 8}, {'J01': 21}, 
5095.0, {'J01': np.float32(-4.0)}, {'J01': 8}, {'J01': 21}, 
5100.0, {'J01': np.float32(-4.0)}, {'J01': 8}, {'J01': 21}, 
5105.0, {'J01': np.float32(-4.0)}, {'J01': 8}, {'J01': 21}, 
5110.0, {'J01': np.float32(-4.0)}, {'J01': 8}, {'J01': 22}, 
5115.0, {'J01': np.float32(-4.0)}, {'J01': 8}, {'J01': 21}, 
5120.0, {'J01': np.float32(-4.0)}, {'J01': 8}, {'J01': 21}, 
5125.0, {'J01': np.float32(-4.0)}, {'J01': 8}, {'J01': 21}, 
5130.0, {'J01': np.float32(-4.0)}, {'J01': 8}, {'J01': 21}, 
5135.0, {'J01': np.float32(-4.0)}, {'J01': 8}, {'J01': 21}, 
5140.0, {'J01': np.float32(-4.0)}, {'J01': 8}, {'J01': 21}, 
5145.0, {'J01': np.float32(-4.0)}, {'J01': 8}, {'J01': 21}, 
5150.0, {'J01': np.float32(-4.0)}, {'J01': 8}, {'J01': 21}, 
5155.0, {'J01': np.float32(-4.0)}, {'J01': 8}, {'J01': 21}, 
5160.0, {'J01': np.float32(-4.0)}, {'J01': 7}, {'J01': 20}, 
5165.0, {'J01': np.float32(-4.0)}, {'J01': 5}, {'J01': 18}, 
5170.0, {'J01': np.float32(-4.0)}, {'J01': 5}, {'J01': 15}, 
5175.0, {'J01': np.float32(-4.0)}, {'J01': 5}, {'J01': 9}, 
5180.0, {'J01': np.float32(-4.0)}, {'J01': 5}, {'J01': 9}, 
5185.0, {'J01': np.float32(-4.0)}, {'J01': 7}, {'J01': 12}, 
5190.0, {'J01': np.float32(-4.0)}, {'J01': 7}, {'J01': 12}, 
5195.0, {'J01': np.float32(-4.0)}, {'J01': 7}, {'J01': 17}, 
5200.0, {'J01': np.float32(-4.0)}, {'J01': 8}, {'J01': 23}, 
5205.0, {'J01': np.float32(-4.0)}, {'J01': 8}, {'J01': 23}, 
5210.0, {'J01': np.float32(-4.0)}, {'J01': 8}, {'J01': 23}, 
5215.0, {'J01': np.float32(-4.0)}, {'J01': 8}, {'J01': 23}, 
5220.0, {'J01': np.float32(-4.0)}, {'J01': 8}, {'J01': 23}, 
5225.0, {'J01': np.float32(-4.0)}, {'J01': 8}, {'J01': 23}, 
5230.0, {'J01': np.float32(-4.0)}, {'J01': 8}, {'J01': 23}, 
5235.0, {'J01': np.float32(-4.0)}, {'J01': 8}, {'J01': 23}, 
5240.0, {'J01': np.float32(-4.0)}, {'J01': 8}, {'J01': 23}, 
5245.0, {'J01': np.float32(-4.0)}, {'J01': 8}, {'J01': 24}, 
5250.0, {'J01': np.float32(-4.0)}, {'J01': 8}, {'J01': 23}, 
5255.0, {'J01': np.float32(-4.0)}, {'J01': 8}, {'J01': 23}, 
5260.0, {'J01': np.float32(-4.0)}, {'J01': 8}, {'J01': 23}, 
5265.0, {'J01': np.float32(-4.0)}, {'J01': 8}, {'J01': 23}, 
5270.0, {'J01': np.float32(-4.0)}, {'J01': 8}, {'J01': 23}, 
5275.0, {'J01': np.float32(-4.0)}, {'J01': 8}, {'J01': 23}, 
5280.0, {'J01': np.float32(-4.0)}, {'J01': 8}, {'J01': 23}, 
5285.0, {'J01': np.float32(-4.0)}, {'J01': 7}, {'J01': 22}, 
5290.0, {'J01': np.float32(-4.0)}, {'J01': 7}, {'J01': 20}, 
5295.0, {'J01': np.float32(-4.0)}, {'J01': 7}, {'J01': 17}, 
5300.0, {'J01': np.float32(-4.0)}, {'J01': 7}, {'J01': 15}, 
5305.0, {'J01': np.float32(-4.0)}, {'J01': 8}, {'J01': 20}, 
5310.0, {'J01': np.float32(-4.0)}, {'J01': 8}, {'J01': 23}, 
5315.0, {'J01': np.float32(-4.0)}, {'J01': 8}, {'J01': 23}, 
5320.0, {'J01': np.float32(-4.0)}, {'J01': 8}, {'J01': 24}, 
5325.0, {'J01': np.float32(-4.0)}, {'J01': 8}, {'J01': 24}, 
5330.0, {'J01': np.float32(-4.0)}, {'J01': 8}, {'J01': 24}, 
5335.0, {'J01': np.float32(-4.0)}, {'J01': 8}, {'J01': 24}, 
5340.0, {'J01': np.float32(-4.0)}, {'J01': 8}, {'J01': 24}, 
5345.0, {'J01': np.float32(-4.0)}, {'J01': 8}, {'J01': 21}, 
5350.0, {'J01': np.float32(-4.0)}, {'J01': 8}, {'J01': 16}, 
5355.0, {'J01': np.float32(-4.0)}, {'J01': 8}, {'J01': 12}, 
5360.0, {'J01': np.float32(-4.0)}, {'J01': 8}, {'J01': 8}, 
5365.0, {'J01': np.float32(-4.0)}, {'J01': 8}, {'J01': 8}, 
5370.0, {'J01': np.float32(-4.0)}, {'J01': 8}, {'J01': 8}, 
5375.0, {'J01': np.float32(-4.0)}, {'J01': 8}, {'J01': 8}, 
5380.0, {'J01': np.float32(-4.0)}, {'J01': 8}, {'J01': 8}, 
5385.0, {'J01': np.float32(-4.0)}, {'J01': 8}, {'J01': 8}, 
5390.0, {'J01': np.float32(-4.0)}, {'J01': 8}, {'J01': 8}, 
5395.0, {'J01': np.float32(-4.0)}, {'J01': 8}, {'J01': 8}, 
5400.0, {'J01': np.float32(-4.0)}, {'J01': 8}, {'J01': 8}, 
