5.0, {'J09': np.float32(-0.0)}, {'J09': 0}, {'J09': 0}, 
10.0, {'J09': np.float32(-0.0010332208)}, {'J09': 3}, {'J09': 3}, 
15.0, {'J09': np.float32(-0.004428089)}, {'J09': 3}, {'J09': 3}, 
20.0, {'J09': np.float32(-0.004428089)}, {'J09': 3}, {'J09': 3}, 
25.0, {'J09': np.float32(-0.0053875083)}, {'J09': 4}, {'J09': 6}, 
30.0, {'J09': np.float32(-0.018299527)}, {'J09': 6}, {'J09': 10}, 
35.0, {'J09': np.float32(-0.038868736)}, {'J09': 6}, {'J09': 12}, 
40.0, {'J09': np.float32(-0.045697164)}, {'J09': 10}, {'J09': 18}, 
45.0, {'J09': np.float32(-0.087724306)}, {'J09': 10}, {'J09': 20}, 
50.0, {'J09': np.float32(-0.07299372)}, {'J09': 10}, {'J09': 23}, 
55.0, {'J09': np.float32(-0.08206665)}, {'J09': 10}, {'J09': 25}, 
60.0, {'J09': np.float32(-0.10557894)}, {'J09': 10}, {'J09': 26}, 
65.0, {'J09': np.float32(-0.090318166)}, {'J09': 10}, {'J09': 25}, 
70.0, {'J09': np.float32(-0.07393113)}, {'J09': 10}, {'J09': 26}, 
75.0, {'J09': np.float32(-0.08257232)}, {'J09': 10}, {'J09': 26}, 
80.0, {'J09': np.float32(-0.10350142)}, {'J09': 10}, {'J09': 25}, 
85.0, {'J09': np.float32(-0.10845078)}, {'J09': 10}, {'J09': 24}, 
90.0, {'J09': np.float32(-0.0941345)}, {'J09': 10}, {'J09': 22}, 
95.0, {'J09': np.float32(-0.18911357)}, {'J09': 10}, {'J09': 26}, 
100.0, {'J09': np.float32(-0.20423633)}, {'J09': 10}, {'J09': 25}, 
105.0, {'J09': np.float32(-0.20459177)}, {'J09': 10}, {'J09': 24}, 
110.0, {'J09': np.float32(0.30247447)}, {'J09': 10}, {'J09': 27}, 
115.0, {'J09': np.float32(-0.13627927)}, {'J09': 10}, {'J09': 31}, 
120.0, {'J09': np.float32(-0.1876139)}, {'J09': 11}, {'J09': 35}, 
125.0, {'J09': np.float32(-0.30299777)}, {'J09': 14}, {'J09': 41}, 
130.0, {'J09': np.float32(-0.059506617)}, {'J09': 14}, {'J09': 43}, 
135.0, {'J09': np.float32(0.34607273)}, {'J09': 13}, {'J09': 42}, 
140.0, {'J09': np.float32(-0.10285928)}, {'J09': 13}, {'J09': 43}, 
145.0, {'J09': np.float32(-0.23878022)}, {'J09': 16}, {'J09': 50}, 
150.0, {'J09': np.float32(-0.027047535)}, {'J09': 17}, {'J09': 51}, 
155.0, {'J09': np.float32(-0.15381971)}, {'J09': 14}, {'J09': 49}, 
160.0, {'J09': np.float32(-0.22896077)}, {'J09': 13}, {'J09': 43}, 
165.0, {'J09': np.float32(-0.1104844)}, {'J09': 13}, {'J09': 40}, 
170.0, {'J09': np.float32(-0.19197725)}, {'J09': 12}, {'J09': 36}, 
175.0, {'J09': np.float32(-0.16021648)}, {'J09': 11}, {'J09': 38}, 
180.0, {'J09': np.float32(-0.08889852)}, {'J09': 12}, {'J09': 47}, 
185.0, {'J09': np.float32(-0.20404558)}, {'J09': 13}, {'J09': 46}, 
190.0, {'J09': np.float32(0.13485666)}, {'J09': 15}, {'J09': 49}, 
195.0, {'J09': np.float32(-0.11508791)}, {'J09': 19}, {'J09': 56}, 
200.0, {'J09': np.float32(-0.041765563)}, {'J09': 21}, {'J09': 55}, 
205.0, {'J09': np.float32(0.05201688)}, {'J09': 21}, {'J09': 54}, 
210.0, {'J09': np.float32(-0.33147535)}, {'J09': 20}, {'J09': 53}, 
215.0, {'J09': np.float32(-0.10688157)}, {'J09': 19}, {'J09': 51}, 
220.0, {'J09': np.float32(-0.33869407)}, {'J09': 17}, {'J09': 53}, 
225.0, {'J09': np.float32(0.3774148)}, {'J09': 16}, {'J09': 50}, 
230.0, {'J09': np.float32(-0.0070974343)}, {'J09': 16}, {'J09': 52}, 
235.0, {'J09': np.float32(-0.28491458)}, {'J09': 17}, {'J09': 59}, 
240.0, {'J09': np.float32(0.19988637)}, {'J09': 19}, {'J09': 58}, 
245.0, {'J09': np.float32(-0.12909682)}, {'J09': 15}, {'J09': 54}, 
250.0, {'J09': np.float32(0.021839432)}, {'J09': 14}, {'J09': 50}, 
255.0, {'J09': np.float32(0.0025452396)}, {'J09': 13}, {'J09': 44}, 
260.0, {'J09': np.float32(-0.054298785)}, {'J09': 13}, {'J09': 47}, 
265.0, {'J09': np.float32(-0.15261148)}, {'J09': 12}, {'J09': 46}, 
270.0, {'J09': np.float32(0.4061528)}, {'J09': 12}, {'J09': 51}, 
275.0, {'J09': np.float32(-0.1504133)}, {'J09': 15}, {'J09': 58}, 
280.0, {'J09': np.float32(-0.2977006)}, {'J09': 21}, {'J09': 65}, 
285.0, {'J09': np.float32(-0.31005064)}, {'J09': 21}, {'J09': 65}, 
290.0, {'J09': np.float32(0.09411951)}, {'J09': 19}, {'J09': 61}, 
295.0, {'J09': np.float32(-0.20917907)}, {'J09': 17}, {'J09': 57}, 
300.0, {'J09': np.float32(0.8639253)}, {'J09': 17}, {'J09': 61}, 
305.0, {'J09': np.float32(-0.17281999)}, {'J09': 17}, {'J09': 61}, 
310.0, {'J09': np.float32(-0.2969466)}, {'J09': 19}, {'J09': 64}, 
315.0, {'J09': np.float32(-0.29670864)}, {'J09': 21}, {'J09': 67}, 
320.0, {'J09': np.float32(0.83364236)}, {'J09': 21}, {'J09': 69}, 
325.0, {'J09': np.float32(-0.19761871)}, {'J09': 21}, {'J09': 69}, 
330.0, {'J09': np.float32(-0.1843919)}, {'J09': 21}, {'J09': 70}, 
335.0, {'J09': np.float32(0.14797717)}, {'J09': 21}, {'J09': 66}, 
340.0, {'J09': np.float32(0.3232354)}, {'J09': 17}, {'J09': 58}, 
345.0, {'J09': np.float32(0.3353239)}, {'J09': 16}, {'J09': 53}, 
350.0, {'J09': np.float32(-0.22481702)}, {'J09': 16}, {'J09': 51}, 
355.0, {'J09': np.float32(-0.13005476)}, {'J09': 16}, {'J09': 51}, 
360.0, {'J09': np.float32(0.9538907)}, {'J09': 14}, {'J09': 53}, 
365.0, {'J09': np.float32(-0.2168931)}, {'J09': 14}, {'J09': 58}, 
370.0, {'J09': np.float32(-0.22182398)}, {'J09': 18}, {'J09': 63}, 
375.0, {'J09': np.float32(-0.3999011)}, {'J09': 20}, {'J09': 66}, 
380.0, {'J09': np.float32(0.029704727)}, {'J09': 21}, {'J09': 67}, 
385.0, {'J09': np.float32(-0.012498177)}, {'J09': 21}, {'J09': 68}, 
390.0, {'J09': np.float32(0.0291711)}, {'J09': 21}, {'J09': 65}, 
395.0, {'J09': np.float32(-0.20218036)}, {'J09': 21}, {'J09': 65}, 
400.0, {'J09': np.float32(-0.27068496)}, {'J09': 21}, {'J09': 69}, 
405.0, {'J09': np.float32(-0.06779865)}, {'J09': 21}, {'J09': 68}, 
410.0, {'J09': np.float32(0.31480223)}, {'J09': 21}, {'J09': 67}, 
415.0, {'J09': np.float32(-0.2341214)}, {'J09': 21}, {'J09': 73}, 
420.0, {'J09': np.float32(-0.10247279)}, {'J09': 21}, {'J09': 74}, 
425.0, {'J09': np.float32(-0.14131938)}, {'J09': 21}, {'J09': 72}, 
430.0, {'J09': np.float32(-0.09477596)}, {'J09': 17}, {'J09': 68}, 
435.0, {'J09': np.float32(0.08326887)}, {'J09': 18}, {'J09': 65}, 
440.0, {'J09': np.float32(-0.031964418)}, {'J09': 18}, {'J09': 60}, 
445.0, {'J09': np.float32(1.0636929)}, {'J09': 16}, {'J09': 58}, 
450.0, {'J09': np.float32(-0.13574429)}, {'J09': 16}, {'J09': 58}, 
455.0, {'J09': np.float32(-0.24076523)}, {'J09': 16}, {'J09': 65}, 
460.0, {'J09': np.float32(-0.12001938)}, {'J09': 18}, {'J09': 70}, 
465.0, {'J09': np.float32(0.24968298)}, {'J09': 21}, {'J09': 73}, 
470.0, {'J09': np.float32(0.76892114)}, {'J09': 19}, {'J09': 66}, 
475.0, {'J09': np.float32(-0.051878054)}, {'J09': 19}, {'J09': 66}, 
480.0, {'J09': np.float32(-0.21878724)}, {'J09': 19}, {'J09': 65}, 
485.0, {'J09': np.float32(-0.10520723)}, {'J09': 20}, {'J09': 66}, 
490.0, {'J09': np.float32(0.007625051)}, {'J09': 19}, {'J09': 62}, 
495.0, {'J09': np.float32(-0.18691161)}, {'J09': 19}, {'J09': 62}, 
500.0, {'J09': np.float32(-0.17598426)}, {'J09': 19}, {'J09': 62}, 
505.0, {'J09': np.float32(-0.13830945)}, {'J09': 19}, {'J09': 69}, 
510.0, {'J09': np.float32(-0.16972877)}, {'J09': 18}, {'J09': 71}, 
515.0, {'J09': np.float32(0.04607056)}, {'J09': 17}, {'J09': 68}, 
520.0, {'J09': np.float32(-0.25178123)}, {'J09': 17}, {'J09': 67}, 
525.0, {'J09': np.float32(0.29555368)}, {'J09': 16}, {'J09': 67}, 
530.0, {'J09': np.float32(-0.20726874)}, {'J09': 19}, {'J09': 71}, 
535.0, {'J09': np.float32(-0.31905746)}, {'J09': 21}, {'J09': 72}, 
540.0, {'J09': np.float32(0.5112747)}, {'J09': 19}, {'J09': 71}, 
545.0, {'J09': np.float32(-0.19878845)}, {'J09': 18}, {'J09': 68}, 
550.0, {'J09': np.float32(0.21287677)}, {'J09': 18}, {'J09': 65}, 
555.0, {'J09': np.float32(0.17611033)}, {'J09': 16}, {'J09': 63}, 
560.0, {'J09': np.float32(-0.13770945)}, {'J09': 16}, {'J09': 64}, 
565.0, {'J09': np.float32(-0.29694733)}, {'J09': 17}, {'J09': 70}, 
570.0, {'J09': np.float32(0.19196388)}, {'J09': 20}, {'J09': 71}, 
575.0, {'J09': np.float32(-0.11040972)}, {'J09': 21}, {'J09': 71}, 
580.0, {'J09': np.float32(0.28719783)}, {'J09': 18}, {'J09': 64}, 
585.0, {'J09': np.float32(0.40714726)}, {'J09': 18}, {'J09': 61}, 
590.0, {'J09': np.float32(-0.093797706)}, {'J09': 18}, {'J09': 63}, 
595.0, {'J09': np.float32(-0.15678853)}, {'J09': 21}, {'J09': 69}, 
600.0, {'J09': np.float32(-0.22745794)}, {'J09': 21}, {'J09': 69}, 
605.0, {'J09': np.float32(-0.11663849)}, {'J09': 21}, {'J09': 72}, 
610.0, {'J09': np.float32(-0.11551452)}, {'J09': 18}, {'J09': 69}, 
615.0, {'J09': np.float32(-0.0013846725)}, {'J09': 17}, {'J09': 66}, 
620.0, {'J09': np.float32(-0.13598777)}, {'J09': 17}, {'J09': 64}, 
625.0, {'J09': np.float32(-0.18748413)}, {'J09': 17}, {'J09': 66}, 
630.0, {'J09': np.float32(-0.102393925)}, {'J09': 21}, {'J09': 69}, 
635.0, {'J09': np.float32(0.8317245)}, {'J09': 19}, {'J09': 67}, 
640.0, {'J09': np.float32(-0.18438056)}, {'J09': 19}, {'J09': 67}, 
645.0, {'J09': np.float32(0.09783849)}, {'J09': 17}, {'J09': 65}, 
650.0, {'J09': np.float32(0.22146942)}, {'J09': 17}, {'J09': 58}, 
655.0, {'J09': np.float32(0.012505402)}, {'J09': 17}, {'J09': 55}, 
660.0, {'J09': np.float32(-0.18102998)}, {'J09': 17}, {'J09': 57}, 
665.0, {'J09': np.float32(-0.15478973)}, {'J09': 18}, {'J09': 64}, 
670.0, {'J09': np.float32(-0.005926941)}, {'J09': 18}, {'J09': 73}, 
675.0, {'J09': np.float32(-0.25410366)}, {'J09': 20}, {'J09': 77}, 
680.0, {'J09': np.float32(0.17566894)}, {'J09': 19}, {'J09': 74}, 
685.0, {'J09': np.float32(-0.11895847)}, {'J09': 18}, {'J09': 72}, 
690.0, {'J09': np.float32(-0.14402215)}, {'J09': 18}, {'J09': 69}, 
695.0, {'J09': np.float32(0.082816206)}, {'J09': 18}, {'J09': 68}, 
700.0, {'J09': np.float32(-0.18157974)}, {'J09': 18}, {'J09': 69}, 
705.0, {'J09': np.float32(0.042242743)}, {'J09': 18}, {'J09': 69}, 
710.0, {'J09': np.float32(-0.11697657)}, {'J09': 18}, {'J09': 67}, 
715.0, {'J09': np.float32(-0.2531355)}, {'J09': 18}, {'J09': 69}, 
720.0, {'J09': np.float32(0.14512053)}, {'J09': 18}, {'J09': 70}, 
725.0, {'J09': np.float32(-0.15672673)}, {'J09': 20}, {'J09': 76}, 
730.0, {'J09': np.float32(-0.26842943)}, {'J09': 21}, {'J09': 78}, 
735.0, {'J09': np.float32(0.113560565)}, {'J09': 21}, {'J09': 76}, 
740.0, {'J09': np.float32(-0.08490209)}, {'J09': 21}, {'J09': 73}, 
745.0, {'J09': np.float32(-0.034882512)}, {'J09': 18}, {'J09': 68}, 
750.0, {'J09': np.float32(-0.07355503)}, {'J09': 18}, {'J09': 70}, 
755.0, {'J09': np.float32(-0.1775555)}, {'J09': 17}, {'J09': 69}, 
760.0, {'J09': np.float32(-0.17991135)}, {'J09': 17}, {'J09': 69}, 
765.0, {'J09': np.float32(0.22726455)}, {'J09': 20}, {'J09': 68}, 
770.0, {'J09': np.float32(-0.27209312)}, {'J09': 21}, {'J09': 68}, 
775.0, {'J09': np.float32(-0.21741046)}, {'J09': 21}, {'J09': 70}, 
780.0, {'J09': np.float32(-0.054789804)}, {'J09': 20}, {'J09': 72}, 
785.0, {'J09': np.float32(-0.002713842)}, {'J09': 18}, {'J09': 72}, 
790.0, {'J09': np.float32(-0.16958703)}, {'J09': 18}, {'J09': 71}, 
795.0, {'J09': np.float32(0.3727137)}, {'J09': 18}, {'J09': 65}, 
800.0, {'J09': np.float32(-0.09238825)}, {'J09': 18}, {'J09': 67}, 
805.0, {'J09': np.float32(-0.14675787)}, {'J09': 18}, {'J09': 63}, 
810.0, {'J09': np.float32(-0.0790266)}, {'J09': 18}, {'J09': 64}, 
815.0, {'J09': np.float32(-0.39481917)}, {'J09': 18}, {'J09': 69}, 
820.0, {'J09': np.float32(0.14424726)}, {'J09': 18}, {'J09': 69}, 
825.0, {'J09': np.float32(-0.1414104)}, {'J09': 18}, {'J09': 72}, 
830.0, {'J09': np.float32(-0.29703337)}, {'J09': 18}, {'J09': 74}, 
835.0, {'J09': np.float32(0.21541627)}, {'J09': 18}, {'J09': 73}, 
840.0, {'J09': np.float32(0.19512424)}, {'J09': 18}, {'J09': 71}, 
845.0, {'J09': np.float32(-0.03088994)}, {'J09': 16}, {'J09': 69}, 
850.0, {'J09': np.float32(-0.012869885)}, {'J09': 16}, {'J09': 67}, 
855.0, {'J09': np.float32(-0.15759797)}, {'J09': 16}, {'J09': 69}, 
860.0, {'J09': np.float32(-0.060760636)}, {'J09': 19}, {'J09': 73}, 
865.0, {'J09': np.float32(-0.0691528)}, {'J09': 21}, {'J09': 75}, 
870.0, {'J09': np.float32(-0.2343052)}, {'J09': 21}, {'J09': 75}, 
875.0, {'J09': np.float32(0.17237887)}, {'J09': 17}, {'J09': 69}, 
880.0, {'J09': np.float32(-0.14189278)}, {'J09': 17}, {'J09': 69}, 
885.0, {'J09': np.float32(-0.27203524)}, {'J09': 17}, {'J09': 66}, 
890.0, {'J09': np.float32(1.0014195)}, {'J09': 16}, {'J09': 63}, 
895.0, {'J09': np.float32(-0.052663267)}, {'J09': 16}, {'J09': 61}, 
900.0, {'J09': np.float32(0.1512609)}, {'J09': 16}, {'J09': 65}, 
905.0, {'J09': np.float32(0.06015699)}, {'J09': 16}, {'J09': 67}, 
910.0, {'J09': np.float32(0.35346922)}, {'J09': 18}, {'J09': 60}, 
915.0, {'J09': np.float32(-0.14618258)}, {'J09': 18}, {'J09': 57}, 
920.0, {'J09': np.float32(0.04585429)}, {'J09': 18}, {'J09': 58}, 
925.0, {'J09': np.float32(0.0061218096)}, {'J09': 16}, {'J09': 54}, 
930.0, {'J09': np.float32(0.15657434)}, {'J09': 16}, {'J09': 52}, 
935.0, {'J09': np.float32(-0.21526529)}, {'J09': 16}, {'J09': 63}, 
940.0, {'J09': np.float32(-0.018812694)}, {'J09': 16}, {'J09': 66}, 
945.0, {'J09': np.float32(-0.1390239)}, {'J09': 16}, {'J09': 66}, 
950.0, {'J09': np.float32(0.009291019)}, {'J09': 16}, {'J09': 65}, 
955.0, {'J09': np.float32(-0.17271364)}, {'J09': 17}, {'J09': 71}, 
960.0, {'J09': np.float32(-0.17292735)}, {'J09': 19}, {'J09': 73}, 
965.0, {'J09': np.float32(-0.2203214)}, {'J09': 19}, {'J09': 72}, 
970.0, {'J09': np.float32(0.07290561)}, {'J09': 19}, {'J09': 71}, 
975.0, {'J09': np.float32(-0.23805611)}, {'J09': 19}, {'J09': 71}, 
980.0, {'J09': np.float32(-0.3114133)}, {'J09': 21}, {'J09': 74}, 
985.0, {'J09': np.float32(0.054794464)}, {'J09': 21}, {'J09': 76}, 
990.0, {'J09': np.float32(-0.2538004)}, {'J09': 21}, {'J09': 75}, 
995.0, {'J09': np.float32(-0.22832525)}, {'J09': 21}, {'J09': 75}, 
1000.0, {'J09': np.float32(0.22953923)}, {'J09': 21}, {'J09': 73}, 
1005.0, {'J09': np.float32(0.32089972)}, {'J09': 21}, {'J09': 71}, 
1010.0, {'J09': np.float32(-0.2965788)}, {'J09': 21}, {'J09': 73}, 
1015.0, {'J09': np.float32(-0.11836043)}, {'J09': 21}, {'J09': 74}, 
1020.0, {'J09': np.float32(0.13482289)}, {'J09': 21}, {'J09': 72}, 
1025.0, {'J09': np.float32(0.7313641)}, {'J09': 21}, {'J09': 74}, 
1030.0, {'J09': np.float32(-0.23004194)}, {'J09': 21}, {'J09': 74}, 
1035.0, {'J09': np.float32(-0.14919353)}, {'J09': 21}, {'J09': 73}, 
1040.0, {'J09': np.float32(-0.20358825)}, {'J09': 21}, {'J09': 73}, 
1045.0, {'J09': np.float32(-0.15912627)}, {'J09': 21}, {'J09': 71}, 
1050.0, {'J09': np.float32(0.20983633)}, {'J09': 21}, {'J09': 74}, 
1055.0, {'J09': np.float32(-0.22273625)}, {'J09': 21}, {'J09': 74}, 
1060.0, {'J09': np.float32(-0.24231358)}, {'J09': 21}, {'J09': 74}, 
1065.0, {'J09': np.float32(0.5156348)}, {'J09': 21}, {'J09': 75}, 
1070.0, {'J09': np.float32(-0.12477724)}, {'J09': 21}, {'J09': 73}, 
1075.0, {'J09': np.float32(0.22399871)}, {'J09': 19}, {'J09': 71}, 
1080.0, {'J09': np.float32(-0.106626)}, {'J09': 19}, {'J09': 71}, 
1085.0, {'J09': np.float32(-0.15232208)}, {'J09': 19}, {'J09': 69}, 
1090.0, {'J09': np.float32(-0.023095882)}, {'J09': 20}, {'J09': 70}, 
1095.0, {'J09': np.float32(0.67855376)}, {'J09': 19}, {'J09': 70}, 
1100.0, {'J09': np.float32(0.14823768)}, {'J09': 17}, {'J09': 69}, 
1105.0, {'J09': np.float32(-0.2550817)}, {'J09': 17}, {'J09': 69}, 
1110.0, {'J09': np.float32(-0.21914268)}, {'J09': 17}, {'J09': 70}, 
1115.0, {'J09': np.float32(0.09132464)}, {'J09': 18}, {'J09': 71}, 
1120.0, {'J09': np.float32(-0.27081668)}, {'J09': 19}, {'J09': 73}, 
1125.0, {'J09': np.float32(-0.24274835)}, {'J09': 21}, {'J09': 76}, 
1130.0, {'J09': np.float32(0.4032493)}, {'J09': 21}, {'J09': 76}, 
1135.0, {'J09': np.float32(0.2370441)}, {'J09': 20}, {'J09': 74}, 
1140.0, {'J09': np.float32(0.463575)}, {'J09': 20}, {'J09': 69}, 
1145.0, {'J09': np.float32(0.14926699)}, {'J09': 20}, {'J09': 69}, 
1150.0, {'J09': np.float32(0.054295205)}, {'J09': 20}, {'J09': 68}, 
1155.0, {'J09': np.float32(-0.016353546)}, {'J09': 21}, {'J09': 75}, 
1160.0, {'J09': np.float32(-0.264548)}, {'J09': 21}, {'J09': 78}, 
1165.0, {'J09': np.float32(-0.01592667)}, {'J09': 21}, {'J09': 78}, 
1170.0, {'J09': np.float32(-0.26057124)}, {'J09': 21}, {'J09': 78}, 
1175.0, {'J09': np.float32(0.08295685)}, {'J09': 21}, {'J09': 79}, 
1180.0, {'J09': np.float32(0.039625995)}, {'J09': 19}, {'J09': 75}, 
1185.0, {'J09': np.float32(0.006370155)}, {'J09': 19}, {'J09': 71}, 
1190.0, {'J09': np.float32(0.025611006)}, {'J09': 18}, {'J09': 66}, 
1195.0, {'J09': np.float32(-0.14061229)}, {'J09': 18}, {'J09': 64}, 
1200.0, {'J09': np.float32(0.11938825)}, {'J09': 18}, {'J09': 67}, 
1205.0, {'J09': np.float32(-0.26220912)}, {'J09': 18}, {'J09': 68}, 
1210.0, {'J09': np.float32(-0.24767826)}, {'J09': 18}, {'J09': 69}, 
1215.0, {'J09': np.float32(-0.22069594)}, {'J09': 21}, {'J09': 77}, 
1220.0, {'J09': np.float32(-0.031269006)}, {'J09': 21}, {'J09': 78}, 
1225.0, {'J09': np.float32(-0.040348683)}, {'J09': 21}, {'J09': 78}, 
1230.0, {'J09': np.float32(-0.12536854)}, {'J09': 21}, {'J09': 78}, 
1235.0, {'J09': np.float32(-0.065941595)}, {'J09': 21}, {'J09': 76}, 
1240.0, {'J09': np.float32(-0.10963673)}, {'J09': 21}, {'J09': 76}, 
1245.0, {'J09': np.float32(-0.0739576)}, {'J09': 21}, {'J09': 76}, 
1250.0, {'J09': np.float32(0.13785152)}, {'J09': 21}, {'J09': 74}, 
1255.0, {'J09': np.float32(0.7356496)}, {'J09': 21}, {'J09': 72}, 
1260.0, {'J09': np.float32(-0.09874308)}, {'J09': 21}, {'J09': 71}, 
1265.0, {'J09': np.float32(0.01974578)}, {'J09': 21}, {'J09': 71}, 
1270.0, {'J09': np.float32(-0.2818278)}, {'J09': 21}, {'J09': 73}, 
1275.0, {'J09': np.float32(0.6977057)}, {'J09': 18}, {'J09': 69}, 
1280.0, {'J09': np.float32(-0.27054626)}, {'J09': 17}, {'J09': 68}, 
1285.0, {'J09': np.float32(-0.24586739)}, {'J09': 17}, {'J09': 67}, 
1290.0, {'J09': np.float32(-0.37154827)}, {'J09': 17}, {'J09': 67}, 
1295.0, {'J09': np.float32(0.28630877)}, {'J09': 19}, {'J09': 65}, 
1300.0, {'J09': np.float32(-0.2531516)}, {'J09': 20}, {'J09': 63}, 
1305.0, {'J09': np.float32(-0.3149422)}, {'J09': 21}, {'J09': 64}, 
1310.0, {'J09': np.float32(0.010274476)}, {'J09': 21}, {'J09': 69}, 
1315.0, {'J09': np.float32(-0.0634501)}, {'J09': 21}, {'J09': 76}, 
1320.0, {'J09': np.float32(-0.00561553)}, {'J09': 21}, {'J09': 77}, 
1325.0, {'J09': np.float32(0.1019341)}, {'J09': 21}, {'J09': 76}, 
1330.0, {'J09': np.float32(0.7843606)}, {'J09': 18}, {'J09': 67}, 
1335.0, {'J09': np.float32(0.7199108)}, {'J09': 18}, {'J09': 54}, 
1340.0, {'J09': np.float32(-0.04627927)}, {'J09': 18}, {'J09': 47}, 
1345.0, {'J09': np.float32(0.4528834)}, {'J09': 17}, {'J09': 45}, 
1350.0, {'J09': np.float32(-0.09167353)}, {'J09': 17}, {'J09': 50}, 
1355.0, {'J09': np.float32(-0.26974484)}, {'J09': 17}, {'J09': 61}, 
1360.0, {'J09': np.float32(-0.35960418)}, {'J09': 17}, {'J09': 64}, 
1365.0, {'J09': np.float32(0.3167732)}, {'J09': 17}, {'J09': 64}, 
1370.0, {'J09': np.float32(-0.18170115)}, {'J09': 17}, {'J09': 66}, 
1375.0, {'J09': np.float32(-0.27100325)}, {'J09': 17}, {'J09': 70}, 
1380.0, {'J09': np.float32(-0.30771363)}, {'J09': 20}, {'J09': 72}, 
1385.0, {'J09': np.float32(-0.34424984)}, {'J09': 21}, {'J09': 75}, 
1390.0, {'J09': np.float32(-0.12696186)}, {'J09': 21}, {'J09': 76}, 
1395.0, {'J09': np.float32(0.23523343)}, {'J09': 19}, {'J09': 71}, 
1400.0, {'J09': np.float32(-0.21245226)}, {'J09': 19}, {'J09': 71}, 
1405.0, {'J09': np.float32(-0.31455934)}, {'J09': 19}, {'J09': 74}, 
1410.0, {'J09': np.float32(0.14024901)}, {'J09': 21}, {'J09': 76}, 
1415.0, {'J09': np.float32(-0.11732032)}, {'J09': 21}, {'J09': 73}, 
1420.0, {'J09': np.float32(-0.12600459)}, {'J09': 21}, {'J09': 72}, 
1425.0, {'J09': np.float32(0.39716908)}, {'J09': 17}, {'J09': 66}, 
1430.0, {'J09': np.float32(-0.06471343)}, {'J09': 18}, {'J09': 66}, 
1435.0, {'J09': np.float32(-0.21824652)}, {'J09': 18}, {'J09': 64}, 
1440.0, {'J09': np.float32(-0.02877846)}, {'J09': 17}, {'J09': 62}, 
1445.0, {'J09': np.float32(-0.16839041)}, {'J09': 17}, {'J09': 63}, 
1450.0, {'J09': np.float32(0.09169703)}, {'J09': 17}, {'J09': 71}, 
1455.0, {'J09': np.float32(-0.11924261)}, {'J09': 18}, {'J09': 73}, 
1460.0, {'J09': np.float32(-0.10198859)}, {'J09': 18}, {'J09': 71}, 
1465.0, {'J09': np.float32(0.77442825)}, {'J09': 17}, {'J09': 71}, 
1470.0, {'J09': np.float32(-0.124996625)}, {'J09': 17}, {'J09': 69}, 
1475.0, {'J09': np.float32(0.16139278)}, {'J09': 18}, {'J09': 74}, 
1480.0, {'J09': np.float32(-0.17917252)}, {'J09': 21}, {'J09': 75}, 
1485.0, {'J09': np.float32(-0.34348297)}, {'J09': 21}, {'J09': 78}, 
1490.0, {'J09': np.float32(0.5301855)}, {'J09': 21}, {'J09': 78}, 
1495.0, {'J09': np.float32(0.02245395)}, {'J09': 21}, {'J09': 76}, 
1500.0, {'J09': np.float32(-0.25838766)}, {'J09': 21}, {'J09': 74}, 
1505.0, {'J09': np.float32(0.25153065)}, {'J09': 21}, {'J09': 74}, 
1510.0, {'J09': np.float32(-0.04424274)}, {'J09': 21}, {'J09': 74}, 
1515.0, {'J09': np.float32(0.3547478)}, {'J09': 21}, {'J09': 75}, 
1520.0, {'J09': np.float32(-0.21318609)}, {'J09': 21}, {'J09': 77}, 
1525.0, {'J09': np.float32(0.21546476)}, {'J09': 21}, {'J09': 79}, 
1530.0, {'J09': np.float32(0.4223411)}, {'J09': 21}, {'J09': 79}, 
1535.0, {'J09': np.float32(0.18904275)}, {'J09': 20}, {'J09': 75}, 
1540.0, {'J09': np.float32(-0.101577446)}, {'J09': 20}, {'J09': 75}, 
1545.0, {'J09': np.float32(0.77178234)}, {'J09': 18}, {'J09': 72}, 
1550.0, {'J09': np.float32(-0.095672116)}, {'J09': 18}, {'J09': 73}, 
1555.0, {'J09': np.float32(-0.13803051)}, {'J09': 18}, {'J09': 73}, 
1560.0, {'J09': np.float32(-0.012283998)}, {'J09': 18}, {'J09': 74}, 
1565.0, {'J09': np.float32(-0.16394773)}, {'J09': 18}, {'J09': 74}, 
1570.0, {'J09': np.float32(0.023794329)}, {'J09': 19}, {'J09': 73}, 
1575.0, {'J09': np.float32(-0.17032565)}, {'J09': 19}, {'J09': 73}, 
1580.0, {'J09': np.float32(-0.11514686)}, {'J09': 17}, {'J09': 70}, 
1585.0, {'J09': np.float32(0.22503673)}, {'J09': 19}, {'J09': 72}, 
1590.0, {'J09': np.float32(-0.40942234)}, {'J09': 20}, {'J09': 75}, 
1595.0, {'J09': np.float32(0.043631397)}, {'J09': 21}, {'J09': 74}, 
1600.0, {'J09': np.float32(-0.22025847)}, {'J09': 21}, {'J09': 73}, 
1605.0, {'J09': np.float32(0.19550595)}, {'J09': 21}, {'J09': 75}, 
1610.0, {'J09': np.float32(-0.093145914)}, {'J09': 21}, {'J09': 75}, 
1615.0, {'J09': np.float32(-0.12079858)}, {'J09': 21}, {'J09': 74}, 
1620.0, {'J09': np.float32(-0.1950289)}, {'J09': 21}, {'J09': 73}, 
1625.0, {'J09': np.float32(0.21394545)}, {'J09': 21}, {'J09': 71}, 
1630.0, {'J09': np.float32(-0.20336778)}, {'J09': 21}, {'J09': 69}, 
1635.0, {'J09': np.float32(-0.27042505)}, {'J09': 21}, {'J09': 70}, 
1640.0, {'J09': np.float32(-0.31280655)}, {'J09': 21}, {'J09': 71}, 
1645.0, {'J09': np.float32(-0.021561243)}, {'J09': 21}, {'J09': 73}, 
1650.0, {'J09': np.float32(-0.14278325)}, {'J09': 19}, {'J09': 72}, 
1655.0, {'J09': np.float32(-0.111690074)}, {'J09': 19}, {'J09': 69}, 
1660.0, {'J09': np.float32(-0.010357326)}, {'J09': 19}, {'J09': 69}, 
1665.0, {'J09': np.float32(-0.067562796)}, {'J09': 20}, {'J09': 65}, 
1670.0, {'J09': np.float32(-0.29237604)}, {'J09': 20}, {'J09': 65}, 
1675.0, {'J09': np.float32(-0.24561952)}, {'J09': 20}, {'J09': 67}, 
1680.0, {'J09': np.float32(-0.16844808)}, {'J09': 21}, {'J09': 69}, 
1685.0, {'J09': np.float32(-0.26032504)}, {'J09': 21}, {'J09': 74}, 
1690.0, {'J09': np.float32(-0.20402013)}, {'J09': 21}, {'J09': 76}, 
1695.0, {'J09': np.float32(-0.2891809)}, {'J09': 21}, {'J09': 78}, 
1700.0, {'J09': np.float32(0.09747387)}, {'J09': 21}, {'J09': 76}, 
1705.0, {'J09': np.float32(-0.30324835)}, {'J09': 21}, {'J09': 77}, 
1710.0, {'J09': np.float32(-0.3576651)}, {'J09': 21}, {'J09': 77}, 
1715.0, {'J09': np.float32(-0.28281674)}, {'J09': 21}, {'J09': 78}, 
1720.0, {'J09': np.float32(-0.34344444)}, {'J09': 21}, {'J09': 78}, 
1725.0, {'J09': np.float32(-0.35289615)}, {'J09': 21}, {'J09': 78}, 
1730.0, {'J09': np.float32(-0.3636081)}, {'J09': 21}, {'J09': 78}, 
1735.0, {'J09': np.float32(-0.35604674)}, {'J09': 21}, {'J09': 78}, 
1740.0, {'J09': np.float32(-0.36486834)}, {'J09': 21}, {'J09': 78}, 
1745.0, {'J09': np.float32(-0.37305984)}, {'J09': 21}, {'J09': 78}, 
1750.0, {'J09': np.float32(-0.37747064)}, {'J09': 21}, {'J09': 78}, 
1755.0, {'J09': np.float32(-0.37558028)}, {'J09': 21}, {'J09': 78}, 
1760.0, {'J09': np.float32(-0.3636081)}, {'J09': 21}, {'J09': 78}, 
1765.0, {'J09': np.float32(-0.22866678)}, {'J09': 21}, {'J09': 74}, 
1770.0, {'J09': np.float32(-0.16085158)}, {'J09': 21}, {'J09': 72}, 
1775.0, {'J09': np.float32(-0.38239756)}, {'J09': 21}, {'J09': 75}, 
1780.0, {'J09': np.float32(0.23506023)}, {'J09': 21}, {'J09': 73}, 
1785.0, {'J09': np.float32(-0.17916414)}, {'J09': 21}, {'J09': 75}, 
1790.0, {'J09': np.float32(0.004175557)}, {'J09': 21}, {'J09': 74}, 
1795.0, {'J09': np.float32(-0.3962886)}, {'J09': 21}, {'J09': 75}, 
1800.0, {'J09': np.float32(-0.41147393)}, {'J09': 21}, {'J09': 78}, 
1805.0, {'J09': np.float32(-0.40878907)}, {'J09': 21}, {'J09': 79}, 
1810.0, {'J09': np.float32(-0.42053422)}, {'J09': 21}, {'J09': 79}, 
1815.0, {'J09': np.float32(-0.4325064)}, {'J09': 21}, {'J09': 79}, 
1820.0, {'J09': np.float32(-0.4110825)}, {'J09': 21}, {'J09': 79}, 
1825.0, {'J09': np.float32(-0.4268354)}, {'J09': 21}, {'J09': 79}, 
1830.0, {'J09': np.float32(-0.3465618)}, {'J09': 21}, {'J09': 77}, 
1835.0, {'J09': np.float32(-0.06881269)}, {'J09': 21}, {'J09': 72}, 
1840.0, {'J09': np.float32(1.3456348)}, {'J09': 21}, {'J09': 73}, 
1845.0, {'J09': np.float32(0.027494868)}, {'J09': 21}, {'J09': 72}, 
1850.0, {'J09': np.float32(-0.046651315)}, {'J09': 21}, {'J09': 72}, 
1855.0, {'J09': np.float32(-0.34274003)}, {'J09': 21}, {'J09': 74}, 
1860.0, {'J09': np.float32(-0.021169683)}, {'J09': 20}, {'J09': 73}, 
1865.0, {'J09': np.float32(-0.3417353)}, {'J09': 20}, {'J09': 73}, 
1870.0, {'J09': np.float32(1.6246111)}, {'J09': 20}, {'J09': 71}, 
1875.0, {'J09': np.float32(0.7949535)}, {'J09': 21}, {'J09': 73}, 
1880.0, {'J09': np.float32(-0.31988063)}, {'J09': 21}, {'J09': 75}, 
1885.0, {'J09': np.float32(3.0)}, {'J09': 18}, {'J09': 67}, 
1890.0, {'J09': np.float32(0.2978137)}, {'J09': 18}, {'J09': 60}, 
1895.0, {'J09': np.float32(0.12592235)}, {'J09': 18}, {'J09': 60}, 
1900.0, {'J09': np.float32(-0.17076313)}, {'J09': 18}, {'J09': 61}, 
1905.0, {'J09': np.float32(-0.30419663)}, {'J09': 19}, {'J09': 69}, 
1910.0, {'J09': np.float32(1.0740767)}, {'J09': 19}, {'J09': 77}, 
1915.0, {'J09': np.float32(0.081669345)}, {'J09': 21}, {'J09': 80}, 
1920.0, {'J09': np.float32(-0.29404077)}, {'J09': 21}, {'J09': 80}, 
1925.0, {'J09': np.float32(0.34530723)}, {'J09': 21}, {'J09': 80}, 
1930.0, {'J09': np.float32(0.73440266)}, {'J09': 19}, {'J09': 74}, 
1935.0, {'J09': np.float32(0.8658866)}, {'J09': 18}, {'J09': 68}, 
1940.0, {'J09': np.float32(0.1551162)}, {'J09': 18}, {'J09': 68}, 
1945.0, {'J09': np.float32(-0.17133816)}, {'J09': 18}, {'J09': 70}, 
1950.0, {'J09': np.float32(0.45082614)}, {'J09': 18}, {'J09': 74}, 
1955.0, {'J09': np.float32(-0.21101837)}, {'J09': 19}, {'J09': 78}, 
1960.0, {'J09': np.float32(1.2928175)}, {'J09': 21}, {'J09': 79}, 
1965.0, {'J09': np.float32(-0.24794976)}, {'J09': 21}, {'J09': 78}, 
1970.0, {'J09': np.float32(-0.21550898)}, {'J09': 21}, {'J09': 79}, 
1975.0, {'J09': np.float32(-0.11272546)}, {'J09': 21}, {'J09': 78}, 
1980.0, {'J09': np.float32(-0.23841952)}, {'J09': 19}, {'J09': 76}, 
1985.0, {'J09': np.float32(0.25561446)}, {'J09': 19}, {'J09': 72}, 
1990.0, {'J09': np.float32(0.22186556)}, {'J09': 20}, {'J09': 63}, 
1995.0, {'J09': np.float32(0.4893515)}, {'J09': 18}, {'J09': 61}, 
2000.0, {'J09': np.float32(0.22131276)}, {'J09': 18}, {'J09': 58}, 
2005.0, {'J09': np.float32(-0.2763865)}, {'J09': 18}, {'J09': 70}, 
2010.0, {'J09': np.float32(0.012939771)}, {'J09': 20}, {'J09': 70}, 
2015.0, {'J09': np.float32(-0.110865764)}, {'J09': 20}, {'J09': 74}, 
2020.0, {'J09': np.float32(-0.24771513)}, {'J09': 21}, {'J09': 75}, 
2025.0, {'J09': np.float32(-0.2970592)}, {'J09': 21}, {'J09': 76}, 
2030.0, {'J09': np.float32(0.43228036)}, {'J09': 21}, {'J09': 71}, 
2035.0, {'J09': np.float32(-0.36163715)}, {'J09': 21}, {'J09': 68}, 
2040.0, {'J09': np.float32(0.057711884)}, {'J09': 21}, {'J09': 74}, 
2045.0, {'J09': np.float32(-0.09373505)}, {'J09': 21}, {'J09': 74}, 
2050.0, {'J09': np.float32(-0.004146928)}, {'J09': 21}, {'J09': 74}, 
2055.0, {'J09': np.float32(0.1530709)}, {'J09': 18}, {'J09': 72}, 
2060.0, {'J09': np.float32(-0.10782944)}, {'J09': 18}, {'J09': 67}, 
2065.0, {'J09': np.float32(-0.02624524)}, {'J09': 18}, {'J09': 61}, 
2070.0, {'J09': np.float32(-0.14341392)}, {'J09': 18}, {'J09': 62}, 
2075.0, {'J09': np.float32(1.3467256)}, {'J09': 18}, {'J09': 60}, 
2080.0, {'J09': np.float32(-0.10167015)}, {'J09': 18}, {'J09': 64}, 
2085.0, {'J09': np.float32(-0.27398333)}, {'J09': 18}, {'J09': 68}, 
2090.0, {'J09': np.float32(-0.13128069)}, {'J09': 18}, {'J09': 68}, 
2095.0, {'J09': np.float32(-0.13586515)}, {'J09': 18}, {'J09': 69}, 
2100.0, {'J09': np.float32(-0.29270282)}, {'J09': 18}, {'J09': 70}, 
2105.0, {'J09': np.float32(0.5799988)}, {'J09': 18}, {'J09': 70}, 
2110.0, {'J09': np.float32(-0.27599674)}, {'J09': 20}, {'J09': 74}, 
2115.0, {'J09': np.float32(-0.029735584)}, {'J09': 21}, {'J09': 75}, 
2120.0, {'J09': np.float32(-0.31950042)}, {'J09': 21}, {'J09': 76}, 
2125.0, {'J09': np.float32(0.6094186)}, {'J09': 21}, {'J09': 75}, 
2130.0, {'J09': np.float32(0.15629628)}, {'J09': 19}, {'J09': 72}, 
2135.0, {'J09': np.float32(0.04941688)}, {'J09': 19}, {'J09': 73}, 
2140.0, {'J09': np.float32(-0.08212309)}, {'J09': 19}, {'J09': 72}, 
2145.0, {'J09': np.float32(-0.17548062)}, {'J09': 19}, {'J09': 74}, 
2150.0, {'J09': np.float32(0.009705807)}, {'J09': 20}, {'J09': 73}, 
2155.0, {'J09': np.float32(0.07474848)}, {'J09': 19}, {'J09': 71}, 
2160.0, {'J09': np.float32(0.3562149)}, {'J09': 18}, {'J09': 69}, 
2165.0, {'J09': np.float32(-0.15854484)}, {'J09': 18}, {'J09': 66}, 
2170.0, {'J09': np.float32(-0.24943012)}, {'J09': 18}, {'J09': 71}, 
2175.0, {'J09': np.float32(-0.055024106)}, {'J09': 20}, {'J09': 73}, 
2180.0, {'J09': np.float32(0.43551588)}, {'J09': 21}, {'J09': 72}, 
2185.0, {'J09': np.float32(-0.08994943)}, {'J09': 21}, {'J09': 72}, 
2190.0, {'J09': np.float32(-0.097060025)}, {'J09': 21}, {'J09': 72}, 
2195.0, {'J09': np.float32(-0.26255766)}, {'J09': 21}, {'J09': 75}, 
2200.0, {'J09': np.float32(0.036914654)}, {'J09': 19}, {'J09': 72}, 
2205.0, {'J09': np.float32(0.06958488)}, {'J09': 18}, {'J09': 66}, 
2210.0, {'J09': np.float32(-0.13809116)}, {'J09': 18}, {'J09': 65}, 
2215.0, {'J09': np.float32(-0.089527816)}, {'J09': 18}, {'J09': 68}, 
2220.0, {'J09': np.float32(-0.29414937)}, {'J09': 18}, {'J09': 73}, 
2225.0, {'J09': np.float32(0.28551972)}, {'J09': 19}, {'J09': 73}, 
2230.0, {'J09': np.float32(-0.10455301)}, {'J09': 19}, {'J09': 73}, 
2235.0, {'J09': np.float32(-0.2454027)}, {'J09': 19}, {'J09': 74}, 
2240.0, {'J09': np.float32(-0.092624985)}, {'J09': 19}, {'J09': 75}, 
2245.0, {'J09': np.float32(-0.24848069)}, {'J09': 21}, {'J09': 76}, 
2250.0, {'J09': np.float32(-0.07121465)}, {'J09': 21}, {'J09': 75}, 
2255.0, {'J09': np.float32(-0.11080804)}, {'J09': 18}, {'J09': 72}, 
2260.0, {'J09': np.float32(-0.11295402)}, {'J09': 18}, {'J09': 69}, 
2265.0, {'J09': np.float32(-0.051539432)}, {'J09': 18}, {'J09': 67}, 
2270.0, {'J09': np.float32(-0.1173445)}, {'J09': 18}, {'J09': 68}, 
2275.0, {'J09': np.float32(0.0962451)}, {'J09': 18}, {'J09': 67}, 
2280.0, {'J09': np.float32(-0.17977853)}, {'J09': 18}, {'J09': 70}, 
2285.0, {'J09': np.float32(0.2699568)}, {'J09': 18}, {'J09': 70}, 
2290.0, {'J09': np.float32(0.73369145)}, {'J09': 18}, {'J09': 68}, 
2295.0, {'J09': np.float32(-0.21629629)}, {'J09': 18}, {'J09': 67}, 
2300.0, {'J09': np.float32(-0.02658008)}, {'J09': 18}, {'J09': 68}, 
2305.0, {'J09': np.float32(-0.019933153)}, {'J09': 18}, {'J09': 67}, 
2310.0, {'J09': np.float32(0.124385886)}, {'J09': 18}, {'J09': 64}, 
2315.0, {'J09': np.float32(0.08401404)}, {'J09': 18}, {'J09': 61}, 
2320.0, {'J09': np.float32(-0.07417873)}, {'J09': 18}, {'J09': 62}, 
2325.0, {'J09': np.float32(-0.2622614)}, {'J09': 18}, {'J09': 67}, 
2330.0, {'J09': np.float32(-0.0062790005)}, {'J09': 18}, {'J09': 69}, 
2335.0, {'J09': np.float32(-0.11285935)}, {'J09': 18}, {'J09': 68}, 
2340.0, {'J09': np.float32(0.35371938)}, {'J09': 18}, {'J09': 62}, 
2345.0, {'J09': np.float32(-0.089497976)}, {'J09': 19}, {'J09': 63}, 
2350.0, {'J09': np.float32(-0.29813823)}, {'J09': 20}, {'J09': 67}, 
2355.0, {'J09': np.float32(-0.26324597)}, {'J09': 21}, {'J09': 76}, 
2360.0, {'J09': np.float32(0.025195206)}, {'J09': 21}, {'J09': 78}, 
2365.0, {'J09': np.float32(-0.1190083)}, {'J09': 18}, {'J09': 73}, 
2370.0, {'J09': np.float32(-0.16618986)}, {'J09': 18}, {'J09': 71}, 
2375.0, {'J09': np.float32(-0.05654882)}, {'J09': 18}, {'J09': 73}, 
2380.0, {'J09': np.float32(-0.17397022)}, {'J09': 19}, {'J09': 75}, 
2385.0, {'J09': np.float32(0.6006899)}, {'J09': 19}, {'J09': 74}, 
2390.0, {'J09': np.float32(0.017266037)}, {'J09': 18}, {'J09': 69}, 
2395.0, {'J09': np.float32(0.46930128)}, {'J09': 18}, {'J09': 64}, 
2400.0, {'J09': np.float32(0.25040945)}, {'J09': 18}, {'J09': 61}, 
2405.0, {'J09': np.float32(0.014960094)}, {'J09': 18}, {'J09': 58}, 
2410.0, {'J09': np.float32(-0.2068227)}, {'J09': 18}, {'J09': 58}, 
2415.0, {'J09': np.float32(0.22883876)}, {'J09': 18}, {'J09': 59}, 
2420.0, {'J09': np.float32(-0.13444564)}, {'J09': 18}, {'J09': 66}, 
2425.0, {'J09': np.float32(-0.04831418)}, {'J09': 18}, {'J09': 70}, 
2430.0, {'J09': np.float32(0.061704185)}, {'J09': 18}, {'J09': 67}, 
2435.0, {'J09': np.float32(-0.18957515)}, {'J09': 18}, {'J09': 67}, 
2440.0, {'J09': np.float32(-0.26506245)}, {'J09': 18}, {'J09': 68}, 
2445.0, {'J09': np.float32(-0.20232849)}, {'J09': 18}, {'J09': 73}, 
2450.0, {'J09': np.float32(0.004541661)}, {'J09': 20}, {'J09': 79}, 
2455.0, {'J09': np.float32(-0.21555841)}, {'J09': 21}, {'J09': 79}, 
2460.0, {'J09': np.float32(-0.2988659)}, {'J09': 21}, {'J09': 79}, 
2465.0, {'J09': np.float32(-0.31524888)}, {'J09': 21}, {'J09': 79}, 
2470.0, {'J09': np.float32(-0.25911006)}, {'J09': 21}, {'J09': 78}, 
2475.0, {'J09': np.float32(0.039159216)}, {'J09': 21}, {'J09': 75}, 
2480.0, {'J09': np.float32(-0.26631242)}, {'J09': 20}, {'J09': 74}, 
2485.0, {'J09': np.float32(0.31932133)}, {'J09': 20}, {'J09': 72}, 
2490.0, {'J09': np.float32(-0.23926732)}, {'J09': 18}, {'J09': 71}, 
2495.0, {'J09': np.float32(-0.047709454)}, {'J09': 18}, {'J09': 72}, 
2500.0, {'J09': np.float32(-0.20250453)}, {'J09': 18}, {'J09': 72}, 
2505.0, {'J09': np.float32(-0.39544383)}, {'J09': 19}, {'J09': 74}, 
2510.0, {'J09': np.float32(0.52525395)}, {'J09': 21}, {'J09': 76}, 
2515.0, {'J09': np.float32(-0.19189426)}, {'J09': 21}, {'J09': 76}, 
2520.0, {'J09': np.float32(-0.24199986)}, {'J09': 21}, {'J09': 75}, 
2525.0, {'J09': np.float32(-0.032691896)}, {'J09': 21}, {'J09': 76}, 
2530.0, {'J09': np.float32(-0.035151385)}, {'J09': 21}, {'J09': 76}, 
2535.0, {'J09': np.float32(-0.36738318)}, {'J09': 21}, {'J09': 79}, 
2540.0, {'J09': np.float32(-0.2661767)}, {'J09': 21}, {'J09': 79}, 
2545.0, {'J09': np.float32(0.21897697)}, {'J09': 21}, {'J09': 79}, 
2550.0, {'J09': np.float32(-0.14824957)}, {'J09': 21}, {'J09': 78}, 
2555.0, {'J09': np.float32(-0.2967487)}, {'J09': 21}, {'J09': 79}, 
2560.0, {'J09': np.float32(0.35115218)}, {'J09': 21}, {'J09': 78}, 
2565.0, {'J09': np.float32(-0.19762634)}, {'J09': 19}, {'J09': 77}, 
2570.0, {'J09': np.float32(-0.29224226)}, {'J09': 19}, {'J09': 77}, 
2575.0, {'J09': np.float32(-0.09195719)}, {'J09': 19}, {'J09': 75}, 
2580.0, {'J09': np.float32(0.04575341)}, {'J09': 19}, {'J09': 74}, 
2585.0, {'J09': np.float32(-0.29053327)}, {'J09': 19}, {'J09': 76}, 
2590.0, {'J09': np.float32(0.056258)}, {'J09': 19}, {'J09': 74}, 
2595.0, {'J09': np.float32(0.18198393)}, {'J09': 18}, {'J09': 75}, 
2600.0, {'J09': np.float32(-0.11749845)}, {'J09': 18}, {'J09': 76}, 
2605.0, {'J09': np.float32(-0.24135503)}, {'J09': 18}, {'J09': 77}, 
2610.0, {'J09': np.float32(0.0036322754)}, {'J09': 21}, {'J09': 80}, 
2615.0, {'J09': np.float32(0.5025883)}, {'J09': 21}, {'J09': 77}, 
2620.0, {'J09': np.float32(0.53812045)}, {'J09': 19}, {'J09': 72}, 
2625.0, {'J09': np.float32(-0.015809115)}, {'J09': 18}, {'J09': 69}, 
2630.0, {'J09': np.float32(0.7268071)}, {'J09': 18}, {'J09': 65}, 
2635.0, {'J09': np.float32(0.11028083)}, {'J09': 18}, {'J09': 64}, 
2640.0, {'J09': np.float32(-0.24473451)}, {'J09': 18}, {'J09': 67}, 
2645.0, {'J09': np.float32(0.21391459)}, {'J09': 20}, {'J09': 73}, 
2650.0, {'J09': np.float32(-0.008750777)}, {'J09': 18}, {'J09': 72}, 
2655.0, {'J09': np.float32(0.4042497)}, {'J09': 18}, {'J09': 68}, 
2660.0, {'J09': np.float32(-0.10263228)}, {'J09': 18}, {'J09': 67}, 
2665.0, {'J09': np.float32(-0.14049399)}, {'J09': 18}, {'J09': 70}, 
2670.0, {'J09': np.float32(0.27367744)}, {'J09': 18}, {'J09': 68}, 
2675.0, {'J09': np.float32(-0.13788562)}, {'J09': 18}, {'J09': 67}, 
2680.0, {'J09': np.float32(-0.21549703)}, {'J09': 18}, {'J09': 62}, 
2685.0, {'J09': np.float32(-0.1845495)}, {'J09': 18}, {'J09': 63}, 
2690.0, {'J09': np.float32(-0.37404415)}, {'J09': 18}, {'J09': 64}, 
2695.0, {'J09': np.float32(-0.20010406)}, {'J09': 18}, {'J09': 63}, 
2700.0, {'J09': np.float32(0.448233)}, {'J09': 18}, {'J09': 65}, 
2705.0, {'J09': np.float32(-0.2548934)}, {'J09': 18}, {'J09': 73}, 
2710.0, {'J09': np.float32(-0.115648344)}, {'J09': 18}, {'J09': 74}, 
2715.0, {'J09': np.float32(-0.5395173)}, {'J09': 20}, {'J09': 79}, 
2720.0, {'J09': np.float32(0.0041411207)}, {'J09': 21}, {'J09': 81}, 
2725.0, {'J09': np.float32(-0.071677856)}, {'J09': 21}, {'J09': 82}, 
2730.0, {'J09': np.float32(-0.4789842)}, {'J09': 21}, {'J09': 83}, 
2735.0, {'J09': np.float32(-0.03289399)}, {'J09': 21}, {'J09': 79}, 
2740.0, {'J09': np.float32(-0.33840427)}, {'J09': 21}, {'J09': 81}, 
2745.0, {'J09': np.float32(-0.5208049)}, {'J09': 21}, {'J09': 81}, 
2750.0, {'J09': np.float32(-0.31752682)}, {'J09': 21}, {'J09': 82}, 
2755.0, {'J09': np.float32(-0.5049488)}, {'J09': 21}, {'J09': 84}, 
2760.0, {'J09': np.float32(-0.55728096)}, {'J09': 20}, {'J09': 84}, 
2765.0, {'J09': np.float32(0.43103492)}, {'J09': 20}, {'J09': 79}, 
2770.0, {'J09': np.float32(-0.53116226)}, {'J09': 20}, {'J09': 77}, 
2775.0, {'J09': np.float32(0.3179289)}, {'J09': 21}, {'J09': 75}, 
2780.0, {'J09': np.float32(-0.63646287)}, {'J09': 21}, {'J09': 76}, 
2785.0, {'J09': np.float32(-0.22070114)}, {'J09': 21}, {'J09': 76}, 
2790.0, {'J09': np.float32(-0.65923345)}, {'J09': 21}, {'J09': 80}, 
2795.0, {'J09': np.float32(-0.71700525)}, {'J09': 21}, {'J09': 81}, 
2800.0, {'J09': np.float32(-0.68872386)}, {'J09': 21}, {'J09': 80}, 
2805.0, {'J09': np.float32(-0.5042646)}, {'J09': 18}, {'J09': 73}, 
2810.0, {'J09': np.float32(-0.7173144)}, {'J09': 18}, {'J09': 72}, 
2815.0, {'J09': np.float32(0.116531804)}, {'J09': 17}, {'J09': 68}, 
2820.0, {'J09': np.float32(-0.6473507)}, {'J09': 17}, {'J09': 66}, 
2825.0, {'J09': np.float32(-0.42746663)}, {'J09': 19}, {'J09': 68}, 
2830.0, {'J09': np.float32(-0.3996615)}, {'J09': 21}, {'J09': 69}, 
2835.0, {'J09': np.float32(-0.8532483)}, {'J09': 21}, {'J09': 69}, 
2840.0, {'J09': np.float32(0.83933467)}, {'J09': 21}, {'J09': 63}, 
2845.0, {'J09': np.float32(0.45303154)}, {'J09': 21}, {'J09': 58}, 
2850.0, {'J09': np.float32(0.08959325)}, {'J09': 21}, {'J09': 58}, 
2855.0, {'J09': np.float32(-0.5740929)}, {'J09': 21}, {'J09': 62}, 
2860.0, {'J09': np.float32(-0.9634574)}, {'J09': 21}, {'J09': 70}, 
2865.0, {'J09': np.float32(-0.18144713)}, {'J09': 21}, {'J09': 80}, 
2870.0, {'J09': np.float32(-0.9793037)}, {'J09': 21}, {'J09': 83}, 
2875.0, {'J09': np.float32(-0.98583)}, {'J09': 21}, {'J09': 85}, 
2880.0, {'J09': np.float32(-1.0207083)}, {'J09': 21}, {'J09': 83}, 
2885.0, {'J09': np.float32(-0.42711452)}, {'J09': 21}, {'J09': 82}, 
2890.0, {'J09': np.float32(-0.71410143)}, {'J09': 21}, {'J09': 75}, 
2895.0, {'J09': np.float32(-1.0389088)}, {'J09': 21}, {'J09': 69}, 
2900.0, {'J09': np.float32(-0.48616746)}, {'J09': 21}, {'J09': 63}, 
2905.0, {'J09': np.float32(-0.85578537)}, {'J09': 21}, {'J09': 60}, 
2910.0, {'J09': np.float32(-1.1856145)}, {'J09': 21}, {'J09': 59}, 
2915.0, {'J09': np.float32(-1.2026567)}, {'J09': 21}, {'J09': 61}, 
2920.0, {'J09': np.float32(-1.2940681)}, {'J09': 21}, {'J09': 66}, 
2925.0, {'J09': np.float32(-1.2615614)}, {'J09': 21}, {'J09': 63}, 
2930.0, {'J09': np.float32(-0.1425399)}, {'J09': 21}, {'J09': 59}, 
2935.0, {'J09': np.float32(-1.2824376)}, {'J09': 21}, {'J09': 62}, 
2940.0, {'J09': np.float32(-1.1718521)}, {'J09': 19}, {'J09': 68}, 
2945.0, {'J09': np.float32(-0.90818506)}, {'J09': 17}, {'J09': 69}, 
2950.0, {'J09': np.float32(-1.3254834)}, {'J09': 18}, {'J09': 66}, 
2955.0, {'J09': np.float32(-1.2353407)}, {'J09': 15}, {'J09': 60}, 
2960.0, {'J09': np.float32(-1.2958897)}, {'J09': 11}, {'J09': 53}, 
2965.0, {'J09': np.float32(-1.5214019)}, {'J09': 16}, {'J09': 53}, 
2970.0, {'J09': np.float32(-1.5524199)}, {'J09': 18}, {'J09': 56}, 
2975.0, {'J09': np.float32(-1.6440209)}, {'J09': 18}, {'J09': 58}, 
2980.0, {'J09': np.float32(-1.7195159)}, {'J09': 19}, {'J09': 62}, 
2985.0, {'J09': np.float32(-1.7364384)}, {'J09': 19}, {'J09': 62}, 
2990.0, {'J09': np.float32(-1.7818066)}, {'J09': 19}, {'J09': 62}, 
2995.0, {'J09': np.float32(0.17858453)}, {'J09': 21}, {'J09': 64}, 
3000.0, {'J09': np.float32(0.79612213)}, {'J09': 21}, {'J09': 66}, 
3005.0, {'J09': np.float32(-0.87492543)}, {'J09': 21}, {'J09': 70}, 
3010.0, {'J09': np.float32(-1.8082999)}, {'J09': 21}, {'J09': 73}, 
3015.0, {'J09': np.float32(3.0)}, {'J09': 21}, {'J09': 73}, 
3020.0, {'J09': np.float32(1.6051558)}, {'J09': 21}, {'J09': 73}, 
3025.0, {'J09': np.float32(3.0)}, {'J09': 21}, {'J09': 72}, 
3030.0, {'J09': np.float32(0.60562843)}, {'J09': 21}, {'J09': 68}, 
3035.0, {'J09': np.float32(0.7826846)}, {'J09': 21}, {'J09': 63}, 
3040.0, {'J09': np.float32(1.6635463)}, {'J09': 21}, {'J09': 58}, 
3045.0, {'J09': np.float32(-1.772251)}, {'J09': 21}, {'J09': 55}, 
3050.0, {'J09': np.float32(-1.8671037)}, {'J09': 21}, {'J09': 56}, 
3055.0, {'J09': np.float32(-1.9390857)}, {'J09': 21}, {'J09': 62}, 
3060.0, {'J09': np.float32(-0.57403356)}, {'J09': 21}, {'J09': 64}, 
3065.0, {'J09': np.float32(1.5931431)}, {'J09': 21}, {'J09': 68}, 
3070.0, {'J09': np.float32(-1.185711)}, {'J09': 21}, {'J09': 73}, 
3075.0, {'J09': np.float32(3.0)}, {'J09': 21}, {'J09': 76}, 
3080.0, {'J09': np.float32(3.0)}, {'J09': 21}, {'J09': 76}, 
3085.0, {'J09': np.float32(3.0)}, {'J09': 20}, {'J09': 75}, 
3090.0, {'J09': np.float32(-0.6729329)}, {'J09': 19}, {'J09': 73}, 
3095.0, {'J09': np.float32(0.24803843)}, {'J09': 19}, {'J09': 71}, 
3100.0, {'J09': np.float32(-0.43654275)}, {'J09': 19}, {'J09': 72}, 
3105.0, {'J09': np.float32(-1.1415603)}, {'J09': 21}, {'J09': 74}, 
3110.0, {'J09': np.float32(-0.27757758)}, {'J09': 21}, {'J09': 75}, 
3115.0, {'J09': np.float32(-1.5130326)}, {'J09': 21}, {'J09': 75}, 
3120.0, {'J09': np.float32(-0.35004678)}, {'J09': 19}, {'J09': 71}, 
3125.0, {'J09': np.float32(-0.5244148)}, {'J09': 18}, {'J09': 69}, 
3130.0, {'J09': np.float32(-1.6071898)}, {'J09': 18}, {'J09': 70}, 
3135.0, {'J09': np.float32(-1.0673071)}, {'J09': 17}, {'J09': 69}, 
3140.0, {'J09': np.float32(-1.0706072)}, {'J09': 18}, {'J09': 69}, 
3145.0, {'J09': np.float32(-1.3711649)}, {'J09': 19}, {'J09': 70}, 
3150.0, {'J09': np.float32(-1.1360072)}, {'J09': 20}, {'J09': 62}, 
3155.0, {'J09': np.float32(-1.4425342)}, {'J09': 20}, {'J09': 57}, 
3160.0, {'J09': np.float32(-1.2669095)}, {'J09': 19}, {'J09': 55}, 
3165.0, {'J09': np.float32(-1.3799043)}, {'J09': 19}, {'J09': 54}, 
3170.0, {'J09': np.float32(-1.6788613)}, {'J09': 19}, {'J09': 55}, 
3175.0, {'J09': np.float32(-1.7072242)}, {'J09': 20}, {'J09': 63}, 
3180.0, {'J09': np.float32(-1.7071768)}, {'J09': 20}, {'J09': 67}, 
3185.0, {'J09': np.float32(-1.7321583)}, {'J09': 20}, {'J09': 66}, 
3190.0, {'J09': np.float32(-1.7317772)}, {'J09': 20}, {'J09': 63}, 
3195.0, {'J09': np.float32(0.48364314)}, {'J09': 20}, {'J09': 62}, 
3200.0, {'J09': np.float32(1.3228502)}, {'J09': 21}, {'J09': 70}, 
3205.0, {'J09': np.float32(3.0)}, {'J09': 21}, {'J09': 71}, 
3210.0, {'J09': np.float32(0.9557032)}, {'J09': 21}, {'J09': 70}, 
3215.0, {'J09': np.float32(-0.4651249)}, {'J09': 21}, {'J09': 66}, 
3220.0, {'J09': np.float32(0.9517358)}, {'J09': 21}, {'J09': 67}, 
3225.0, {'J09': np.float32(-1.583734)}, {'J09': 21}, {'J09': 65}, 
3230.0, {'J09': np.float32(-1.5802737)}, {'J09': 21}, {'J09': 62}, 
3235.0, {'J09': np.float32(-1.4250118)}, {'J09': 21}, {'J09': 60}, 
3240.0, {'J09': np.float32(-1.4196249)}, {'J09': 21}, {'J09': 59}, 
3245.0, {'J09': np.float32(-1.1566223)}, {'J09': 21}, {'J09': 53}, 
3250.0, {'J09': np.float32(-1.6273335)}, {'J09': 21}, {'J09': 48}, 
3255.0, {'J09': np.float32(-1.7606975)}, {'J09': 21}, {'J09': 53}, 
3260.0, {'J09': np.float32(-0.092337206)}, {'J09': 21}, {'J09': 60}, 
3265.0, {'J09': np.float32(-1.4145012)}, {'J09': 21}, {'J09': 73}, 
3270.0, {'J09': np.float32(-1.5973352)}, {'J09': 21}, {'J09': 82}, 
3275.0, {'J09': np.float32(-1.6936461)}, {'J09': 21}, {'J09': 82}, 
3280.0, {'J09': np.float32(-0.65968424)}, {'J09': 21}, {'J09': 77}, 
3285.0, {'J09': np.float32(-1.1969934)}, {'J09': 21}, {'J09': 75}, 
3290.0, {'J09': np.float32(-1.3140013)}, {'J09': 21}, {'J09': 66}, 
3295.0, {'J09': np.float32(-1.7027042)}, {'J09': 21}, {'J09': 62}, 
3300.0, {'J09': np.float32(1.7375866)}, {'J09': 21}, {'J09': 58}, 
3305.0, {'J09': np.float32(-1.2315829)}, {'J09': 21}, {'J09': 61}, 
3310.0, {'J09': np.float32(-1.7939826)}, {'J09': 21}, {'J09': 64}, 
3315.0, {'J09': np.float32(-1.7616085)}, {'J09': 21}, {'J09': 65}, 
3320.0, {'J09': np.float32(3.0)}, {'J09': 21}, {'J09': 65}, 
3325.0, {'J09': np.float32(1.7255905)}, {'J09': 21}, {'J09': 65}, 
3330.0, {'J09': np.float32(3.0)}, {'J09': 21}, {'J09': 65}, 
3335.0, {'J09': np.float32(3.0)}, {'J09': 21}, {'J09': 65}, 
3340.0, {'J09': np.float32(-0.6761321)}, {'J09': 21}, {'J09': 69}, 
3345.0, {'J09': np.float32(-1.840394)}, {'J09': 21}, {'J09': 69}, 
3350.0, {'J09': np.float32(-1.869372)}, {'J09': 21}, {'J09': 66}, 
3355.0, {'J09': np.float32(-1.8390956)}, {'J09': 21}, {'J09': 63}, 
3360.0, {'J09': np.float32(-1.9003335)}, {'J09': 21}, {'J09': 61}, 
3365.0, {'J09': np.float32(-1.9174831)}, {'J09': 21}, {'J09': 58}, 
3370.0, {'J09': np.float32(-1.2228429)}, {'J09': 21}, {'J09': 58}, 
3375.0, {'J09': np.float32(2.8629358)}, {'J09': 21}, {'J09': 65}, 
3380.0, {'J09': np.float32(3.0)}, {'J09': 21}, {'J09': 73}, 
3385.0, {'J09': np.float32(1.3158128)}, {'J09': 21}, {'J09': 77}, 
3390.0, {'J09': np.float32(3.0)}, {'J09': 21}, {'J09': 75}, 
3395.0, {'J09': np.float32(2.865016)}, {'J09': 21}, {'J09': 73}, 
3400.0, {'J09': np.float32(2.3284485)}, {'J09': 21}, {'J09': 68}, 
3405.0, {'J09': np.float32(-0.35036758)}, {'J09': 21}, {'J09': 69}, 
3410.0, {'J09': np.float32(3.0)}, {'J09': 21}, {'J09': 71}, 
3415.0, {'J09': np.float32(0.032943957)}, {'J09': 21}, {'J09': 78}, 
3420.0, {'J09': np.float32(-0.93804294)}, {'J09': 21}, {'J09': 81}, 
3425.0, {'J09': np.float32(-1.034121)}, {'J09': 21}, {'J09': 80}, 
3430.0, {'J09': np.float32(-0.17356738)}, {'J09': 21}, {'J09': 78}, 
3435.0, {'J09': np.float32(-0.5091084)}, {'J09': 21}, {'J09': 78}, 
3440.0, {'J09': np.float32(-1.5327101)}, {'J09': 21}, {'J09': 79}, 
3445.0, {'J09': np.float32(-1.9031358)}, {'J09': 21}, {'J09': 77}, 
3450.0, {'J09': np.float32(0.16667137)}, {'J09': 21}, {'J09': 79}, 
3455.0, {'J09': np.float32(-1.4084957)}, {'J09': 21}, {'J09': 76}, 
3460.0, {'J09': np.float32(-1.4911933)}, {'J09': 21}, {'J09': 73}, 
3465.0, {'J09': np.float32(-1.9177947)}, {'J09': 21}, {'J09': 75}, 
3470.0, {'J09': np.float32(-1.8792098)}, {'J09': 21}, {'J09': 77}, 
3475.0, {'J09': np.float32(-2.038775)}, {'J09': 21}, {'J09': 79}, 
3480.0, {'J09': np.float32(-2.0158842)}, {'J09': 21}, {'J09': 80}, 
3485.0, {'J09': np.float32(-2.0143862)}, {'J09': 21}, {'J09': 79}, 
3490.0, {'J09': np.float32(-1.9891748)}, {'J09': 21}, {'J09': 77}, 
3495.0, {'J09': np.float32(-1.9547031)}, {'J09': 21}, {'J09': 76}, 
3500.0, {'J09': np.float32(-2.116786)}, {'J09': 21}, {'J09': 76}, 
3505.0, {'J09': np.float32(-2.1293883)}, {'J09': 21}, {'J09': 76}, 
3510.0, {'J09': np.float32(-1.7532097)}, {'J09': 21}, {'J09': 76}, 
3515.0, {'J09': np.float32(-1.0856038)}, {'J09': 21}, {'J09': 77}, 
3520.0, {'J09': np.float32(-1.2932025)}, {'J09': 21}, {'J09': 75}, 
3525.0, {'J09': np.float32(-0.065491155)}, {'J09': 21}, {'J09': 74}, 
3530.0, {'J09': np.float32(-2.0061)}, {'J09': 21}, {'J09': 74}, 
3535.0, {'J09': np.float32(-1.428866)}, {'J09': 21}, {'J09': 74}, 
3540.0, {'J09': np.float32(-2.011072)}, {'J09': 21}, {'J09': 75}, 
3545.0, {'J09': np.float32(-2.107506)}, {'J09': 21}, {'J09': 73}, 
3550.0, {'J09': np.float32(-1.9240098)}, {'J09': 20}, {'J09': 71}, 
3555.0, {'J09': np.float32(-1.394897)}, {'J09': 17}, {'J09': 62}, 
3560.0, {'J09': np.float32(-1.6472901)}, {'J09': 17}, {'J09': 55}, 
3565.0, {'J09': np.float32(-2.142174)}, {'J09': 17}, {'J09': 55}, 
3570.0, {'J09': np.float32(-2.149156)}, {'J09': 16}, {'J09': 57}, 
3575.0, {'J09': np.float32(-2.2793863)}, {'J09': 17}, {'J09': 60}, 
3580.0, {'J09': np.float32(-2.2947478)}, {'J09': 19}, {'J09': 62}, 
3585.0, {'J09': np.float32(-2.3121526)}, {'J09': 21}, {'J09': 66}, 
3590.0, {'J09': np.float32(-2.334928)}, {'J09': 21}, {'J09': 67}, 
3595.0, {'J09': np.float32(1.7081028)}, {'J09': 21}, {'J09': 64}, 
3600.0, {'J09': np.float32(-1.6191963)}, {'J09': 21}, {'J09': 64}, 
