5.0, {'J01': -0.0}, {'J01': 0}, {'J01': 0}, 
10.0, {'J01': -6.182}, {'J01': 0}, {'J01': 0}, 
15.0, {'J01': -0.0}, {'J01': 0}, {'J01': 0}, 
20.0, {'J01': -6.091}, {'J01': 1}, {'J01': 3}, 
25.0, {'J01': -6.091}, {'J01': 1}, {'J01': 3}, 
30.0, {'J01': -13.273}, {'J01': 2}, {'J01': 4}, 
35.0, {'J01': -5.0}, {'J01': 1}, {'J01': 5}, 
40.0, {'J01': -15.273}, {'J01': 2}, {'J01': 6}, 
45.0, {'J01': -15.182}, {'J01': 2}, {'J01': 9}, 
50.0, {'J01': -24.625}, {'J01': 3}, {'J01': 19}, 
55.0, {'J01': -30.716}, {'J01': 4}, {'J01': 22}, 
60.0, {'J01': -37.25}, {'J01': 5}, {'J01': 26}, 
65.0, {'J01': -33.983000000000004}, {'J01': 5}, {'J01': 24}, 
70.0, {'J01': -40.256}, {'J01': 4}, {'J01': 21}, 
75.0, {'J01': -37.631}, {'J01': 4}, {'J01': 24}, 
80.0, {'J01': -43.897999999999996}, {'J01': 6}, {'J01': 29}, 
85.0, {'J01': -53.256}, {'J01': 7}, {'J01': 34}, 
90.0, {'J01': -55.995000000000005}, {'J01': 7}, {'J01': 30}, 
95.0, {'J01': -42.989000000000004}, {'J01': 6}, {'J01': 25}, 
100.0, {'J01': -51.262}, {'J01': 5}, {'J01': 24}, 
105.0, {'J01': -62.535000000000004}, {'J01': 5}, {'J01': 26}, 
110.0, {'J01': -63.353}, {'J01': 6}, {'J01': 33}, 
115.0, {'J01': -49.074}, {'J01': 8}, {'J01': 36}, 
120.0, {'J01': -75.245}, {'J01': 8}, {'J01': 38}, 
125.0, {'J01': -82.518}, {'J01': 8}, {'J01': 36}, 
130.0, {'J01': -80.42699999999999}, {'J01': 8}, {'J01': 37}, 
135.0, {'J01': -65.97200000000001}, {'J01': 8}, {'J01': 38}, 
140.0, {'J01': -75.60300000000001}, {'J01': 8}, {'J01': 34}, 
145.0, {'J01': -84.96700000000001}, {'J01': 7}, {'J01': 31}, 
150.0, {'J01': -41.25}, {'J01': 7}, {'J01': 30}, 
155.0, {'J01': -60.972}, {'J01': 7}, {'J01': 33}, 
160.0, {'J01': -74.421}, {'J01': 8}, {'J01': 39}, 
165.0, {'J01': -92.31899999999999}, {'J01': 8}, {'J01': 42}, 
170.0, {'J01': -92.96700000000001}, {'J01': 7}, {'J01': 39}, 
175.0, {'J01': -49.517}, {'J01': 7}, {'J01': 37}, 
180.0, {'J01': -63.972}, {'J01': 7}, {'J01': 36}, 
185.0, {'J01': -83.04599999999999}, {'J01': 7}, {'J01': 42}, 
190.0, {'J01': -75.864}, {'J01': 8}, {'J01': 41}, 
195.0, {'J01': -74.03999999999999}, {'J01': 8}, {'J01': 41}, 
200.0, {'J01': -69.421}, {'J01': 7}, {'J01': 34}, 
205.0, {'J01': -66.069}, {'J01': 5}, {'J01': 27}, 
210.0, {'J01': -42.989000000000004}, {'J01': 5}, {'J01': 25}, 
215.0, {'J01': -35.272999999999996}, {'J01': 4}, {'J01': 26}, 
220.0, {'J01': -40.54}, {'J01': 7}, {'J01': 30}, 
225.0, {'J01': -40.716}, {'J01': 8}, {'J01': 32}, 
230.0, {'J01': -44.897999999999996}, {'J01': 8}, {'J01': 30}, 
235.0, {'J01': -41.722}, {'J01': 7}, {'J01': 25}, 
240.0, {'J01': -42.631}, {'J01': 7}, {'J01': 29}, 
245.0, {'J01': -45.631}, {'J01': 7}, {'J01': 32}, 
250.0, {'J01': -62.881}, {'J01': 8}, {'J01': 38}, 
255.0, {'J01': -55.347}, {'J01': 7}, {'J01': 33}, 
260.0, {'J01': -35.54}, {'J01': 6}, {'J01': 25}, 
265.0, {'J01': -45.165000000000006}, {'J01': 6}, {'J01': 29}, 
270.0, {'J01': -51.432}, {'J01': 7}, {'J01': 34}, 
275.0, {'J01': -36.983000000000004}, {'J01': 6}, {'J01': 27}, 
280.0, {'J01': -43.165000000000006}, {'J01': 6}, {'J01': 27}, 
285.0, {'J01': -34.807}, {'J01': 5}, {'J01': 23}, 
290.0, {'J01': -41.722}, {'J01': 5}, {'J01': 25}, 
295.0, {'J01': -59.358999999999995}, {'J01': 4}, {'J01': 21}, 
300.0, {'J01': -61.717}, {'J01': 4}, {'J01': 19}, 
305.0, {'J01': -63.717}, {'J01': 4}, {'J01': 21}, 
310.0, {'J01': -67.632}, {'J01': 4}, {'J01': 20}, 
315.0, {'J01': -21.182000000000002}, {'J01': 3}, {'J01': 15}, 
320.0, {'J01': -29.448999999999998}, {'J01': 4}, {'J01': 22}, 
325.0, {'J01': -46.989000000000004}, {'J01': 7}, {'J01': 29}, 
330.0, {'J01': -60.790000000000006}, {'J01': 8}, {'J01': 39}, 
335.0, {'J01': -74.421}, {'J01': 8}, {'J01': 39}, 
340.0, {'J01': -70.33600000000001}, {'J01': 6}, {'J01': 30}, 
345.0, {'J01': -50.790000000000006}, {'J01': 6}, {'J01': 29}, 
350.0, {'J01': -47.614}, {'J01': 5}, {'J01': 24}, 
355.0, {'J01': -53.711000000000006}, {'J01': 5}, {'J01': 19}, 
360.0, {'J01': -55.893}, {'J01': 5}, {'J01': 15}, 
365.0, {'J01': -55.893}, {'J01': 5}, {'J01': 15}, 
370.0, {'J01': -62.075}, {'J01': 5}, {'J01': 15}, 
375.0, {'J01': -62.075}, {'J01': 5}, {'J01': 15}, 
380.0, {'J01': -65.166}, {'J01': 5}, {'J01': 15}, 
385.0, {'J01': -75.43900000000001}, {'J01': 5}, {'J01': 16}, 
390.0, {'J01': -19.182000000000002}, {'J01': 4}, {'J01': 13}, 
395.0, {'J01': -17.358}, {'J01': 3}, {'J01': 13}, 
400.0, {'J01': -34.813}, {'J01': 3}, {'J01': 15}, 
405.0, {'J01': -57.535000000000004}, {'J01': 5}, {'J01': 21}, 
410.0, {'J01': -42.171}, {'J01': 4}, {'J01': 18}, 
415.0, {'J01': -32.426}, {'J01': 4}, {'J01': 23}, 
420.0, {'J01': -43.608000000000004}, {'J01': 5}, {'J01': 28}, 
425.0, {'J01': -59.233000000000004}, {'J01': 7}, {'J01': 38}, 
430.0, {'J01': -56.318}, {'J01': 7}, {'J01': 40}, 
435.0, {'J01': -69.949}, {'J01': 8}, {'J01': 40}, 
440.0, {'J01': -61.676}, {'J01': 8}, {'J01': 41}, 
445.0, {'J01': -63.415}, {'J01': 7}, {'J01': 36}, 
450.0, {'J01': -54.790000000000006}, {'J01': 7}, {'J01': 33}, 
455.0, {'J01': -53.529}, {'J01': 6}, {'J01': 25}, 
460.0, {'J01': -52.881}, {'J01': 6}, {'J01': 28}, 
465.0, {'J01': -51.057}, {'J01': 6}, {'J01': 28}, 
470.0, {'J01': -81.41}, {'J01': 6}, {'J01': 28}, 
475.0, {'J01': -90.67699999999999}, {'J01': 8}, {'J01': 36}, 
480.0, {'J01': -107.041}, {'J01': 8}, {'J01': 40}, 
485.0, {'J01': -107.041}, {'J01': 8}, {'J01': 40}, 
490.0, {'J01': -48.608000000000004}, {'J01': 7}, {'J01': 33}, 
495.0, {'J01': -75.60300000000001}, {'J01': 7}, {'J01': 34}, 
500.0, {'J01': -72.779}, {'J01': 7}, {'J01': 33}, 
505.0, {'J01': -50.585}, {'J01': 8}, {'J01': 33}, 
510.0, {'J01': -73.307}, {'J01': 8}, {'J01': 39}, 
515.0, {'J01': -72.659}, {'J01': 9}, {'J01': 42}, 
520.0, {'J01': -73.83500000000001}, {'J01': 9}, {'J01': 45}, 
525.0, {'J01': -67.392}, {'J01': 7}, {'J01': 38}, 
530.0, {'J01': -53.676}, {'J01': 6}, {'J01': 33}, 
535.0, {'J01': -79.58000000000001}, {'J01': 6}, {'J01': 36}, 
540.0, {'J01': -83.404}, {'J01': 8}, {'J01': 38}, 
545.0, {'J01': -92.586}, {'J01': 8}, {'J01': 41}, 
550.0, {'J01': -87.404}, {'J01': 8}, {'J01': 42}, 
555.0, {'J01': -58.585}, {'J01': 8}, {'J01': 41}, 
560.0, {'J01': -76.03999999999999}, {'J01': 8}, {'J01': 43}, 
565.0, {'J01': -91.762}, {'J01': 8}, {'J01': 42}, 
570.0, {'J01': -96.12}, {'J01': 8}, {'J01': 42}, 
575.0, {'J01': -89.67699999999999}, {'J01': 7}, {'J01': 35}, 
580.0, {'J01': -85.325}, {'J01': 5}, {'J01': 27}, 
585.0, {'J01': -43.699}, {'J01': 4}, {'J01': 25}, 
590.0, {'J01': -52.705}, {'J01': 4}, {'J01': 26}, 
595.0, {'J01': -87.31899999999999}, {'J01': 7}, {'J01': 37}, 
600.0, {'J01': -101.416}, {'J01': 8}, {'J01': 40}, 
605.0, {'J01': -105.774}, {'J01': 8}, {'J01': 40}, 
610.0, {'J01': -88.43900000000001}, {'J01': 6}, {'J01': 29}, 
615.0, {'J01': -82.706}, {'J01': 4}, {'J01': 22}, 
620.0, {'J01': -84.97300000000001}, {'J01': 4}, {'J01': 23}, 
625.0, {'J01': -82.706}, {'J01': 4}, {'J01': 22}, 
630.0, {'J01': -78.706}, {'J01': 4}, {'J01': 18}, 
635.0, {'J01': -77.706}, {'J01': 4}, {'J01': 17}, 
640.0, {'J01': -49.529}, {'J01': 4}, {'J01': 21}, 
645.0, {'J01': -62.268}, {'J01': 4}, {'J01': 27}, 
650.0, {'J01': -53.08}, {'J01': 6}, {'J01': 32}, 
655.0, {'J01': -42.540000000000006}, {'J01': 8}, {'J01': 32}, 
660.0, {'J01': -56.08}, {'J01': 8}, {'J01': 35}, 
665.0, {'J01': -67.97200000000001}, {'J01': 8}, {'J01': 40}, 
670.0, {'J01': -70.68199999999999}, {'J01': 8}, {'J01': 42}, 
675.0, {'J01': -78.21600000000001}, {'J01': 8}, {'J01': 47}, 
680.0, {'J01': -87.28399999999999}, {'J01': 8}, {'J01': 51}, 
685.0, {'J01': -92.642}, {'J01': 8}, {'J01': 52}, 
690.0, {'J01': -84.84700000000001}, {'J01': 6}, {'J01': 40}, 
695.0, {'J01': -71.779}, {'J01': 6}, {'J01': 32}, 
700.0, {'J01': -79.495}, {'J01': 6}, {'J01': 31}, 
705.0, {'J01': -45.227}, {'J01': 6}, {'J01': 32}, 
710.0, {'J01': -64.591}, {'J01': 8}, {'J01': 39}, 
715.0, {'J01': -79.955}, {'J01': 8}, {'J01': 42}, 
720.0, {'J01': -76.03999999999999}, {'J01': 8}, {'J01': 43}, 
725.0, {'J01': -72.33600000000001}, {'J01': 7}, {'J01': 32}, 
730.0, {'J01': -68.245}, {'J01': 7}, {'J01': 31}, 
735.0, {'J01': -71.251}, {'J01': 6}, {'J01': 26}, 
740.0, {'J01': -69.251}, {'J01': 5}, {'J01': 24}, 
745.0, {'J01': -58.069}, {'J01': 5}, {'J01': 19}, 
750.0, {'J01': -25.159}, {'J01': 4}, {'J01': 17}, 
755.0, {'J01': -35.074}, {'J01': 4}, {'J01': 22}, 
760.0, {'J01': -59.796}, {'J01': 7}, {'J01': 30}, 
765.0, {'J01': -56.262}, {'J01': 8}, {'J01': 29}, 
770.0, {'J01': -58.711000000000006}, {'J01': 7}, {'J01': 24}, 
775.0, {'J01': -54.711000000000006}, {'J01': 5}, {'J01': 20}, 
780.0, {'J01': -58.16}, {'J01': 4}, {'J01': 16}, 
785.0, {'J01': -21.716}, {'J01': 4}, {'J01': 13}, 
790.0, {'J01': -28.074}, {'J01': 4}, {'J01': 15}, 
795.0, {'J01': -42.796}, {'J01': 4}, {'J01': 13}, 
800.0, {'J01': -14.533999999999999}, {'J01': 3}, {'J01': 12}, 
805.0, {'J01': -23.358}, {'J01': 4}, {'J01': 19}, 
810.0, {'J01': -41.983000000000004}, {'J01': 8}, {'J01': 32}, 
815.0, {'J01': -51.432}, {'J01': 8}, {'J01': 34}, 
820.0, {'J01': -49.08}, {'J01': 7}, {'J01': 28}, 
825.0, {'J01': -53.438}, {'J01': 7}, {'J01': 28}, 
830.0, {'J01': -46.347}, {'J01': 6}, {'J01': 24}, 
835.0, {'J01': -56.796}, {'J01': 6}, {'J01': 27}, 
840.0, {'J01': -52.796}, {'J01': 5}, {'J01': 23}, 
845.0, {'J01': -47.438}, {'J01': 5}, {'J01': 22}, 
850.0, {'J01': -44.705}, {'J01': 5}, {'J01': 18}, 
855.0, {'J01': -57.427}, {'J01': 5}, {'J01': 14}, 
860.0, {'J01': -60.694}, {'J01': 5}, {'J01': 16}, 
865.0, {'J01': -23.807}, {'J01': 4}, {'J01': 12}, 
870.0, {'J01': -48.17700000000001}, {'J01': 3}, {'J01': 16}, 
875.0, {'J01': -41.903999999999996}, {'J01': 6}, {'J01': 19}, 
880.0, {'J01': -69.717}, {'J01': 8}, {'J01': 27}, 
885.0, {'J01': -54.086}, {'J01': 7}, {'J01': 25}, 
890.0, {'J01': -51.17700000000001}, {'J01': 4}, {'J01': 19}, 
895.0, {'J01': -66.632}, {'J01': 4}, {'J01': 19}, 
900.0, {'J01': -66.80799999999999}, {'J01': 4}, {'J01': 21}, 
905.0, {'J01': -77.257}, {'J01': 4}, {'J01': 24}, 
910.0, {'J01': -72.99000000000001}, {'J01': 4}, {'J01': 21}, 
915.0, {'J01': -72.075}, {'J01': 4}, {'J01': 25}, 
920.0, {'J01': -79.342}, {'J01': 6}, {'J01': 31}, 
925.0, {'J01': -91.706}, {'J01': 6}, {'J01': 31}, 
930.0, {'J01': -94.774}, {'J01': 6}, {'J01': 29}, 
935.0, {'J01': -95.308}, {'J01': 8}, {'J01': 27}, 
940.0, {'J01': -91.308}, {'J01': 9}, {'J01': 23}, 
945.0, {'J01': -32.96}, {'J01': 6}, {'J01': 21}, 
950.0, {'J01': -38.608000000000004}, {'J01': 6}, {'J01': 23}, 
955.0, {'J01': -53.057}, {'J01': 8}, {'J01': 30}, 
960.0, {'J01': -80.404}, {'J01': 8}, {'J01': 35}, 
965.0, {'J01': -78.58000000000001}, {'J01': 8}, {'J01': 35}, 
970.0, {'J01': -84.67699999999999}, {'J01': 7}, {'J01': 30}, 
975.0, {'J01': -81.944}, {'J01': 7}, {'J01': 26}, 
980.0, {'J01': -76.67699999999999}, {'J01': 7}, {'J01': 22}, 
985.0, {'J01': -86.126}, {'J01': 7}, {'J01': 24}, 
990.0, {'J01': -99.66}, {'J01': 7}, {'J01': 35}, 
995.0, {'J01': -97.393}, {'J01': 7}, {'J01': 34}, 
1000.0, {'J01': -38.135999999999996}, {'J01': 6}, {'J01': 28}, 
1005.0, {'J01': -47.40899999999999}, {'J01': 6}, {'J01': 28}, 
1010.0, {'J01': -61.858000000000004}, {'J01': 7}, {'J01': 35}, 
1015.0, {'J01': -75.131}, {'J01': 8}, {'J01': 39}, 
1020.0, {'J01': -54.67}, {'J01': 8}, {'J01': 42}, 
1025.0, {'J01': -52.227}, {'J01': 8}, {'J01': 39}, 
1030.0, {'J01': -59.761}, {'J01': 8}, {'J01': 44}, 
1035.0, {'J01': -62.761}, {'J01': 8}, {'J01': 47}, 
1040.0, {'J01': -45.602000000000004}, {'J01': 7}, {'J01': 38}, 
1045.0, {'J01': -57.96600000000001}, {'J01': 7}, {'J01': 38}, 
1050.0, {'J01': -72.59700000000001}, {'J01': 7}, {'J01': 39}, 
1055.0, {'J01': -74.773}, {'J01': 7}, {'J01': 43}, 
1060.0, {'J01': -44.068}, {'J01': 8}, {'J01': 39}, 
1065.0, {'J01': -74.59700000000001}, {'J01': 8}, {'J01': 41}, 
1070.0, {'J01': -69.33000000000001}, {'J01': 7}, {'J01': 37}, 
1075.0, {'J01': -57.705}, {'J01': 6}, {'J01': 31}, 
1080.0, {'J01': -41.989000000000004}, {'J01': 5}, {'J01': 24}, 
1085.0, {'J01': -57.353}, {'J01': 5}, {'J01': 27}, 
1090.0, {'J01': -67.33000000000001}, {'J01': 7}, {'J01': 35}, 
1095.0, {'J01': -53.522999999999996}, {'J01': 8}, {'J01': 33}, 
1100.0, {'J01': -51.784000000000006}, {'J01': 8}, {'J01': 38}, 
1105.0, {'J01': -58.318}, {'J01': 8}, {'J01': 42}, 
1110.0, {'J01': -49.608000000000004}, {'J01': 7}, {'J01': 34}, 
1115.0, {'J01': -46.340999999999994}, {'J01': 7}, {'J01': 32}, 
1120.0, {'J01': -40.159}, {'J01': 7}, {'J01': 32}, 
1125.0, {'J01': -55.614}, {'J01': 7}, {'J01': 32}, 
1130.0, {'J01': -58.614}, {'J01': 8}, {'J01': 35}, 
1135.0, {'J01': -63.972}, {'J01': 8}, {'J01': 36}, 
1140.0, {'J01': -69.245}, {'J01': 7}, {'J01': 32}, 
1145.0, {'J01': -63.626}, {'J01': 6}, {'J01': 24}, 
1150.0, {'J01': -54.358999999999995}, {'J01': 4}, {'J01': 16}, 
1155.0, {'J01': -59.632000000000005}, {'J01': 4}, {'J01': 12}, 
1160.0, {'J01': -57.632000000000005}, {'J01': 4}, {'J01': 10}, 
1165.0, {'J01': -20.182000000000002}, {'J01': 4}, {'J01': 14}, 
1170.0, {'J01': -36.171}, {'J01': 4}, {'J01': 12}, 
1175.0, {'J01': -39.262}, {'J01': 4}, {'J01': 12}, 
1180.0, {'J01': -23.364}, {'J01': 4}, {'J01': 11}, 
1185.0, {'J01': -42.995000000000005}, {'J01': 4}, {'J01': 17}, 
1190.0, {'J01': -49.086}, {'J01': 6}, {'J01': 20}, 
1195.0, {'J01': -55.444}, {'J01': 6}, {'J01': 22}, 
1200.0, {'J01': -54.444}, {'J01': 6}, {'J01': 21}, 
1205.0, {'J01': -64.80799999999999}, {'J01': 5}, {'J01': 19}, 
1210.0, {'J01': -23.358}, {'J01': 4}, {'J01': 19}, 
1215.0, {'J01': -50.262}, {'J01': 4}, {'J01': 23}, 
1220.0, {'J01': -65.535}, {'J01': 7}, {'J01': 29}, 
1225.0, {'J01': -59.353}, {'J01': 7}, {'J01': 29}, 
1230.0, {'J01': -57.438}, {'J01': 8}, {'J01': 32}, 
1235.0, {'J01': -60.887}, {'J01': 8}, {'J01': 28}, 
1240.0, {'J01': -64.33000000000001}, {'J01': 8}, {'J01': 32}, 
1245.0, {'J01': -45.517}, {'J01': 8}, {'J01': 33}, 
1250.0, {'J01': -44.693000000000005}, {'J01': 8}, {'J01': 34}, 
1255.0, {'J01': -41.335}, {'J01': 8}, {'J01': 35}, 
1260.0, {'J01': -49.784000000000006}, {'J01': 8}, {'J01': 36}, 
1265.0, {'J01': -44.693000000000005}, {'J01': 7}, {'J01': 34}, 
1270.0, {'J01': -51.96600000000001}, {'J01': 7}, {'J01': 32}, 
1275.0, {'J01': -43.897999999999996}, {'J01': 7}, {'J01': 29}, 
1280.0, {'J01': -48.813}, {'J01': 7}, {'J01': 29}, 
1285.0, {'J01': -39.54}, {'J01': 7}, {'J01': 29}, 
1290.0, {'J01': -38.54}, {'J01': 7}, {'J01': 28}, 
1295.0, {'J01': -45.722}, {'J01': 7}, {'J01': 29}, 
1300.0, {'J01': -42.540000000000006}, {'J01': 8}, {'J01': 32}, 
1305.0, {'J01': -48.897999999999996}, {'J01': 8}, {'J01': 34}, 
1310.0, {'J01': -35.449}, {'J01': 7}, {'J01': 28}, 
1315.0, {'J01': -42.722}, {'J01': 6}, {'J01': 26}, 
1320.0, {'J01': -39.813}, {'J01': 4}, {'J01': 20}, 
1325.0, {'J01': -26.182000000000002}, {'J01': 4}, {'J01': 20}, 
1330.0, {'J01': -42.546}, {'J01': 4}, {'J01': 24}, 
1335.0, {'J01': -43.631}, {'J01': 7}, {'J01': 30}, 
1340.0, {'J01': -40.272999999999996}, {'J01': 8}, {'J01': 31}, 
1345.0, {'J01': -53.728}, {'J01': 8}, {'J01': 29}, 
1350.0, {'J01': -47.546}, {'J01': 8}, {'J01': 29}, 
1355.0, {'J01': -40.364000000000004}, {'J01': 8}, {'J01': 28}, 
1360.0, {'J01': -38.272999999999996}, {'J01': 8}, {'J01': 29}, 
1365.0, {'J01': -41.983000000000004}, {'J01': 8}, {'J01': 32}, 
1370.0, {'J01': -49.256}, {'J01': 7}, {'J01': 30}, 
1375.0, {'J01': -61.063}, {'J01': 7}, {'J01': 30}, 
1380.0, {'J01': -45.165000000000006}, {'J01': 7}, {'J01': 29}, 
1385.0, {'J01': -57.881}, {'J01': 8}, {'J01': 33}, 
1390.0, {'J01': -56.881}, {'J01': 8}, {'J01': 32}, 
1395.0, {'J01': -54.438}, {'J01': 7}, {'J01': 29}, 
1400.0, {'J01': -30.534}, {'J01': 7}, {'J01': 28}, 
1405.0, {'J01': -56.262}, {'J01': 7}, {'J01': 29}, 
1410.0, {'J01': -43.074}, {'J01': 7}, {'J01': 30}, 
1415.0, {'J01': -55.522999999999996}, {'J01': 8}, {'J01': 35}, 
1420.0, {'J01': -50.340999999999994}, {'J01': 8}, {'J01': 36}, 
1425.0, {'J01': -77.33600000000001}, {'J01': 8}, {'J01': 37}, 
1430.0, {'J01': -65.148}, {'J01': 8}, {'J01': 39}, 
1435.0, {'J01': -67.239}, {'J01': 8}, {'J01': 38}, 
1440.0, {'J01': -50.256}, {'J01': 7}, {'J01': 31}, 
1445.0, {'J01': -42.897999999999996}, {'J01': 7}, {'J01': 28}, 
1450.0, {'J01': -45.074}, {'J01': 7}, {'J01': 32}, 
1455.0, {'J01': -56.875}, {'J01': 8}, {'J01': 40}, 
1460.0, {'J01': -65.239}, {'J01': 8}, {'J01': 36}, 
1465.0, {'J01': -52.318}, {'J01': 8}, {'J01': 36}, 
1470.0, {'J01': -62.858000000000004}, {'J01': 8}, {'J01': 36}, 
1475.0, {'J01': -70.483}, {'J01': 8}, {'J01': 38}, 
1480.0, {'J01': -70.483}, {'J01': 8}, {'J01': 38}, 
1485.0, {'J01': -76.66499999999999}, {'J01': 8}, {'J01': 38}, 
1490.0, {'J01': -62.148}, {'J01': 8}, {'J01': 36}, 
1495.0, {'J01': -71.33000000000001}, {'J01': 8}, {'J01': 39}, 
1500.0, {'J01': -64.233}, {'J01': 8}, {'J01': 43}, 
1505.0, {'J01': -82.398}, {'J01': 9}, {'J01': 45}, 
1510.0, {'J01': -86.228}, {'J01': 7}, {'J01': 39}, 
1515.0, {'J01': -78.694}, {'J01': 6}, {'J01': 34}, 
1520.0, {'J01': -66.245}, {'J01': 5}, {'J01': 29}, 
1525.0, {'J01': -43.256}, {'J01': 4}, {'J01': 24}, 
1530.0, {'J01': -54.262}, {'J01': 4}, {'J01': 27}, 
1535.0, {'J01': -37.801}, {'J01': 7}, {'J01': 34}, 
1540.0, {'J01': -57.256}, {'J01': 8}, {'J01': 38}, 
1545.0, {'J01': -59.522999999999996}, {'J01': 8}, {'J01': 39}, 
1550.0, {'J01': -63.529}, {'J01': 7}, {'J01': 35}, 
1555.0, {'J01': -69.154}, {'J01': 7}, {'J01': 35}, 
1560.0, {'J01': -72.069}, {'J01': 7}, {'J01': 33}, 
1565.0, {'J01': -87.05199999999999}, {'J01': 8}, {'J01': 38}, 
1570.0, {'J01': -59.353}, {'J01': 7}, {'J01': 29}, 
1575.0, {'J01': -26.0}, {'J01': 6}, {'J01': 26}, 
1580.0, {'J01': -48.165000000000006}, {'J01': 6}, {'J01': 32}, 
1585.0, {'J01': -61.705}, {'J01': 7}, {'J01': 35}, 
1590.0, {'J01': -48.989000000000004}, {'J01': 7}, {'J01': 31}, 
1595.0, {'J01': -57.529}, {'J01': 7}, {'J01': 29}, 
1600.0, {'J01': -44.074}, {'J01': 8}, {'J01': 31}, 
1605.0, {'J01': -52.699}, {'J01': 8}, {'J01': 34}, 
1610.0, {'J01': -55.790000000000006}, {'J01': 8}, {'J01': 34}, 
1615.0, {'J01': -57.881}, {'J01': 8}, {'J01': 33}, 
1620.0, {'J01': -50.784000000000006}, {'J01': 8}, {'J01': 37}, 
1625.0, {'J01': -66.148}, {'J01': 8}, {'J01': 40}, 
1630.0, {'J01': -67.41499999999999}, {'J01': 8}, {'J01': 40}, 
1635.0, {'J01': -63.766999999999996}, {'J01': 8}, {'J01': 40}, 
1640.0, {'J01': -63.506}, {'J01': 7}, {'J01': 33}, 
1645.0, {'J01': -79.137}, {'J01': 7}, {'J01': 35}, 
1650.0, {'J01': -79.04599999999999}, {'J01': 7}, {'J01': 38}, 
1655.0, {'J01': -73.251}, {'J01': 5}, {'J01': 28}, 
1660.0, {'J01': -76.785}, {'J01': 5}, {'J01': 29}, 
1665.0, {'J01': -82.143}, {'J01': 5}, {'J01': 30}, 
1670.0, {'J01': -100.774}, {'J01': 6}, {'J01': 35}, 
1675.0, {'J01': -54.790000000000006}, {'J01': 6}, {'J01': 33}, 
1680.0, {'J01': -84.05199999999999}, {'J01': 6}, {'J01': 35}, 
1685.0, {'J01': -87.586}, {'J01': 8}, {'J01': 36}, 
1690.0, {'J01': -77.671}, {'J01': 5}, {'J01': 31}, 
1695.0, {'J01': -80.41}, {'J01': 4}, {'J01': 27}, 
1700.0, {'J01': -80.41}, {'J01': 4}, {'J01': 27}, 
1705.0, {'J01': -67.779}, {'J01': 4}, {'J01': 28}, 
1710.0, {'J01': -72.961}, {'J01': 4}, {'J01': 27}, 
1715.0, {'J01': -82.325}, {'J01': 4}, {'J01': 24}, 
1720.0, {'J01': -90.507}, {'J01': 4}, {'J01': 26}, 
1725.0, {'J01': -93.774}, {'J01': 4}, {'J01': 28}, 
1730.0, {'J01': -93.774}, {'J01': 4}, {'J01': 28}, 
1735.0, {'J01': -93.774}, {'J01': 4}, {'J01': 28}, 
1740.0, {'J01': -97.041}, {'J01': 5}, {'J01': 30}, 
1745.0, {'J01': -99.308}, {'J01': 6}, {'J01': 31}, 
1750.0, {'J01': -103.84200000000001}, {'J01': 8}, {'J01': 33}, 
1755.0, {'J01': -104.84200000000001}, {'J01': 8}, {'J01': 34}, 
1760.0, {'J01': -104.84200000000001}, {'J01': 8}, {'J01': 34}, 
1765.0, {'J01': -107.10900000000001}, {'J01': 8}, {'J01': 35}, 
1770.0, {'J01': -101.575}, {'J01': 8}, {'J01': 32}, 
1775.0, {'J01': -103.84200000000001}, {'J01': 8}, {'J01': 33}, 
1780.0, {'J01': -112.376}, {'J01': 9}, {'J01': 39}, 
1785.0, {'J01': -113.643}, {'J01': 9}, {'J01': 39}, 
1790.0, {'J01': -112.643}, {'J01': 9}, {'J01': 38}, 
1795.0, {'J01': -107.10900000000001}, {'J01': 9}, {'J01': 35}, 
1800.0, {'J01': -105.10900000000001}, {'J01': 9}, {'J01': 33}, 
1805.0, {'J01': -111.643}, {'J01': 9}, {'J01': 37}, 
1810.0, {'J01': -121.177}, {'J01': 9}, {'J01': 44}, 
1815.0, {'J01': -121.444}, {'J01': 9}, {'J01': 43}, 
1820.0, {'J01': -119.177}, {'J01': 10}, {'J01': 42}, 
1825.0, {'J01': -125.97800000000001}, {'J01': 10}, {'J01': 45}, 
1830.0, {'J01': -133.245}, {'J01': 10}, {'J01': 51}, 
1835.0, {'J01': -135.245}, {'J01': 10}, {'J01': 53}, 
1840.0, {'J01': -132.512}, {'J01': 10}, {'J01': 49}, 
1845.0, {'J01': -68.89699999999999}, {'J01': 8}, {'J01': 43}, 
1850.0, {'J01': -57.386}, {'J01': 6}, {'J01': 36}, 
1855.0, {'J01': -63.653000000000006}, {'J01': 6}, {'J01': 41}, 
1860.0, {'J01': -57.5}, {'J01': 8}, {'J01': 35}, 
1865.0, {'J01': -54.318}, {'J01': 8}, {'J01': 38}, 
1870.0, {'J01': -60.5}, {'J01': 8}, {'J01': 38}, 
1875.0, {'J01': -68.68199999999999}, {'J01': 8}, {'J01': 40}, 
1880.0, {'J01': -57.585}, {'J01': 8}, {'J01': 40}, 
1885.0, {'J01': -71.21600000000001}, {'J01': 8}, {'J01': 40}, 
1890.0, {'J01': -67.301}, {'J01': 8}, {'J01': 41}, 
1895.0, {'J01': -69.744}, {'J01': 8}, {'J01': 44}, 
1900.0, {'J01': -80.28399999999999}, {'J01': 9}, {'J01': 44}, 
1905.0, {'J01': -77.193}, {'J01': 10}, {'J01': 44}, 
1910.0, {'J01': -72.102}, {'J01': 11}, {'J01': 42}, 
1915.0, {'J01': -71.102}, {'J01': 11}, {'J01': 41}, 
1920.0, {'J01': -82.375}, {'J01': 11}, {'J01': 43}, 
1925.0, {'J01': -93.091}, {'J01': 13}, {'J01': 45}, 
1930.0, {'J01': -76.108}, {'J01': 10}, {'J01': 38}, 
1935.0, {'J01': -63.391999999999996}, {'J01': 8}, {'J01': 34}, 
1940.0, {'J01': -71.489}, {'J01': 7}, {'J01': 31}, 
1945.0, {'J01': -77.671}, {'J01': 7}, {'J01': 31}, 
1950.0, {'J01': -81.41}, {'J01': 5}, {'J01': 28}, 
1955.0, {'J01': -61.688}, {'J01': 4}, {'J01': 25}, 
1960.0, {'J01': -79.143}, {'J01': 4}, {'J01': 27}, 
1965.0, {'J01': -94.68299999999999}, {'J01': 7}, {'J01': 32}, 
1970.0, {'J01': -88.586}, {'J01': 8}, {'J01': 37}, 
1975.0, {'J01': -92.325}, {'J01': 7}, {'J01': 34}, 
1980.0, {'J01': -96.774}, {'J01': 5}, {'J01': 31}, 
1985.0, {'J01': -92.774}, {'J01': 4}, {'J01': 27}, 
1990.0, {'J01': -91.041}, {'J01': 4}, {'J01': 24}, 
1995.0, {'J01': -26.983000000000004}, {'J01': 3}, {'J01': 17}, 
2000.0, {'J01': -40.08}, {'J01': 3}, {'J01': 19}, 
2005.0, {'J01': -53.438}, {'J01': 6}, {'J01': 28}, 
2010.0, {'J01': -63.444}, {'J01': 8}, {'J01': 30}, 
2015.0, {'J01': -44.546}, {'J01': 8}, {'J01': 26}, 
2020.0, {'J01': -35.272999999999996}, {'J01': 7}, {'J01': 26}, 
2025.0, {'J01': -36.54}, {'J01': 6}, {'J01': 26}, 
2030.0, {'J01': -39.716}, {'J01': 6}, {'J01': 31}, 
2035.0, {'J01': -41.25}, {'J01': 7}, {'J01': 30}, 
2040.0, {'J01': -33.625}, {'J01': 7}, {'J01': 28}, 
2045.0, {'J01': -53.522999999999996}, {'J01': 7}, {'J01': 33}, 
2050.0, {'J01': -55.141999999999996}, {'J01': 7}, {'J01': 37}, 
2055.0, {'J01': -64.324}, {'J01': 8}, {'J01': 40}, 
2060.0, {'J01': -76.21600000000001}, {'J01': 8}, {'J01': 45}, 
2065.0, {'J01': -69.506}, {'J01': 7}, {'J01': 39}, 
2070.0, {'J01': -69.955}, {'J01': 5}, {'J01': 32}, 
2075.0, {'J01': -69.22200000000001}, {'J01': 4}, {'J01': 30}, 
2080.0, {'J01': -71.22200000000001}, {'J01': 4}, {'J01': 32}, 
2085.0, {'J01': -82.489}, {'J01': 6}, {'J01': 42}, 
2090.0, {'J01': -47.426}, {'J01': 8}, {'J01': 38}, 
2095.0, {'J01': -57.522999999999996}, {'J01': 8}, {'J01': 37}, 
2100.0, {'J01': -70.239}, {'J01': 8}, {'J01': 41}, 
2105.0, {'J01': -46.159}, {'J01': 8}, {'J01': 38}, 
2110.0, {'J01': -65.97200000000001}, {'J01': 8}, {'J01': 38}, 
2115.0, {'J01': -66.239}, {'J01': 8}, {'J01': 37}, 
2120.0, {'J01': -60.40899999999999}, {'J01': 8}, {'J01': 41}, 
2125.0, {'J01': -73.03999999999999}, {'J01': 7}, {'J01': 40}, 
2130.0, {'J01': -68.949}, {'J01': 7}, {'J01': 39}, 
2135.0, {'J01': -74.131}, {'J01': 7}, {'J01': 38}, 
2140.0, {'J01': -74.60300000000001}, {'J01': 7}, {'J01': 33}, 
2145.0, {'J01': -83.05199999999999}, {'J01': 7}, {'J01': 34}, 
2150.0, {'J01': -84.05199999999999}, {'J01': 7}, {'J01': 35}, 
2155.0, {'J01': -95.23400000000001}, {'J01': 8}, {'J01': 40}, 
2160.0, {'J01': -99.24000000000001}, {'J01': 7}, {'J01': 36}, 
2165.0, {'J01': -52.875}, {'J01': 7}, {'J01': 36}, 
2170.0, {'J01': -57.148}, {'J01': 6}, {'J01': 31}, 
2175.0, {'J01': -76.785}, {'J01': 5}, {'J01': 29}, 
2180.0, {'J01': -32.716}, {'J01': 4}, {'J01': 24}, 
2185.0, {'J01': -29.358}, {'J01': 4}, {'J01': 25}, 
2190.0, {'J01': -41.716}, {'J01': 7}, {'J01': 33}, 
2195.0, {'J01': -57.08}, {'J01': 8}, {'J01': 36}, 
2200.0, {'J01': -33.267}, {'J01': 7}, {'J01': 32}, 
2205.0, {'J01': -48.897999999999996}, {'J01': 7}, {'J01': 34}, 
2210.0, {'J01': -50.165000000000006}, {'J01': 7}, {'J01': 34}, 
2215.0, {'J01': -56.614}, {'J01': 7}, {'J01': 33}, 
2220.0, {'J01': -65.887}, {'J01': 8}, {'J01': 33}, 
2225.0, {'J01': -51.171}, {'J01': 7}, {'J01': 27}, 
2230.0, {'J01': -40.989000000000004}, {'J01': 5}, {'J01': 23}, 
2235.0, {'J01': -31.716}, {'J01': 5}, {'J01': 23}, 
2240.0, {'J01': -30.807}, {'J01': 4}, {'J01': 19}, 
2245.0, {'J01': -32.897999999999996}, {'J01': 4}, {'J01': 18}, 
2250.0, {'J01': -41.903999999999996}, {'J01': 4}, {'J01': 19}, 
2255.0, {'J01': -32.449}, {'J01': 7}, {'J01': 25}, 
2260.0, {'J01': -43.165000000000006}, {'J01': 8}, {'J01': 27}, 
2265.0, {'J01': -52.438}, {'J01': 7}, {'J01': 27}, 
2270.0, {'J01': -35.983000000000004}, {'J01': 7}, {'J01': 26}, 
2275.0, {'J01': -30.625}, {'J01': 7}, {'J01': 25}, 
2280.0, {'J01': -29.534}, {'J01': 8}, {'J01': 27}, 
2285.0, {'J01': -37.983000000000004}, {'J01': 8}, {'J01': 28}, 
2290.0, {'J01': -39.426}, {'J01': 8}, {'J01': 30}, 
2295.0, {'J01': -46.432}, {'J01': 8}, {'J01': 29}, 
2300.0, {'J01': -53.705}, {'J01': 8}, {'J01': 27}, 
2305.0, {'J01': -77.785}, {'J01': 8}, {'J01': 30}, 
2310.0, {'J01': -50.438}, {'J01': 6}, {'J01': 25}, 
2315.0, {'J01': -48.705}, {'J01': 4}, {'J01': 22}, 
2320.0, {'J01': -59.336000000000006}, {'J01': 4}, {'J01': 19}, 
2325.0, {'J01': -60.251}, {'J01': 4}, {'J01': 15}, 
2330.0, {'J01': -24.716}, {'J01': 4}, {'J01': 16}, 
2335.0, {'J01': -28.448999999999998}, {'J01': 6}, {'J01': 21}, 
2340.0, {'J01': -26.267}, {'J01': 8}, {'J01': 25}, 
2345.0, {'J01': -32.625}, {'J01': 8}, {'J01': 27}, 
2350.0, {'J01': -29.534}, {'J01': 8}, {'J01': 27}, 
2355.0, {'J01': -40.807}, {'J01': 8}, {'J01': 29}, 
2360.0, {'J01': -49.256}, {'J01': 8}, {'J01': 30}, 
2365.0, {'J01': -39.631}, {'J01': 7}, {'J01': 26}, 
2370.0, {'J01': -33.449}, {'J01': 7}, {'J01': 26}, 
2375.0, {'J01': -37.983000000000004}, {'J01': 7}, {'J01': 28}, 
2380.0, {'J01': -47.432}, {'J01': 7}, {'J01': 30}, 
2385.0, {'J01': -36.54}, {'J01': 7}, {'J01': 26}, 
2390.0, {'J01': -35.716}, {'J01': 7}, {'J01': 27}, 
2395.0, {'J01': -28.267}, {'J01': 7}, {'J01': 27}, 
2400.0, {'J01': -38.716}, {'J01': 8}, {'J01': 30}, 
2405.0, {'J01': -49.432}, {'J01': 8}, {'J01': 32}, 
2410.0, {'J01': -51.699}, {'J01': 8}, {'J01': 33}, 
2415.0, {'J01': -61.415}, {'J01': 8}, {'J01': 34}, 
2420.0, {'J01': -66.949}, {'J01': 8}, {'J01': 37}, 
2425.0, {'J01': -77.483}, {'J01': 8}, {'J01': 45}, 
2430.0, {'J01': -81.483}, {'J01': 8}, {'J01': 49}, 
2435.0, {'J01': -75.59700000000001}, {'J01': 7}, {'J01': 42}, 
2440.0, {'J01': -60.796}, {'J01': 5}, {'J01': 31}, 
2445.0, {'J01': -62.358999999999995}, {'J01': 4}, {'J01': 24}, 
2450.0, {'J01': -58.626}, {'J01': 4}, {'J01': 19}, 
2455.0, {'J01': -19.0}, {'J01': 4}, {'J01': 19}, 
2460.0, {'J01': -38.631}, {'J01': 4}, {'J01': 25}, 
2465.0, {'J01': -47.989000000000004}, {'J01': 7}, {'J01': 30}, 
2470.0, {'J01': -46.897999999999996}, {'J01': 8}, {'J01': 32}, 
2475.0, {'J01': -39.625}, {'J01': 8}, {'J01': 34}, 
2480.0, {'J01': -33.267}, {'J01': 8}, {'J01': 32}, 
2485.0, {'J01': -40.801}, {'J01': 8}, {'J01': 37}, 
2490.0, {'J01': -43.892}, {'J01': 8}, {'J01': 37}, 
2495.0, {'J01': -39.801}, {'J01': 8}, {'J01': 36}, 
2500.0, {'J01': -51.608000000000004}, {'J01': 8}, {'J01': 36}, 
2505.0, {'J01': -55.96600000000001}, {'J01': 8}, {'J01': 36}, 
2510.0, {'J01': -42.426}, {'J01': 8}, {'J01': 33}, 
2515.0, {'J01': -47.989000000000004}, {'J01': 7}, {'J01': 30}, 
2520.0, {'J01': -54.347}, {'J01': 7}, {'J01': 32}, 
2525.0, {'J01': -53.699}, {'J01': 7}, {'J01': 35}, 
2530.0, {'J01': -66.591}, {'J01': 8}, {'J01': 41}, 
2535.0, {'J01': -63.324}, {'J01': 8}, {'J01': 39}, 
2540.0, {'J01': -67.125}, {'J01': 8}, {'J01': 39}, 
2545.0, {'J01': -62.506}, {'J01': 7}, {'J01': 32}, 
2550.0, {'J01': -52.972}, {'J01': 5}, {'J01': 25}, 
2555.0, {'J01': -47.705}, {'J01': 4}, {'J01': 21}, 
2560.0, {'J01': -47.353}, {'J01': 3}, {'J01': 17}, 
2565.0, {'J01': -18.182000000000002}, {'J01': 4}, {'J01': 12}, 
2570.0, {'J01': -20.358}, {'J01': 4}, {'J01': 16}, 
2575.0, {'J01': -27.801000000000002}, {'J01': 7}, {'J01': 24}, 
2580.0, {'J01': -31.801000000000002}, {'J01': 8}, {'J01': 28}, 
2585.0, {'J01': -32.625}, {'J01': 8}, {'J01': 27}, 
2590.0, {'J01': -30.625}, {'J01': 7}, {'J01': 25}, 
2595.0, {'J01': -36.807}, {'J01': 7}, {'J01': 25}, 
2600.0, {'J01': -33.892}, {'J01': 8}, {'J01': 27}, 
2605.0, {'J01': -49.699}, {'J01': 8}, {'J01': 31}, 
2610.0, {'J01': -49.790000000000006}, {'J01': 7}, {'J01': 28}, 
2615.0, {'J01': -64.421}, {'J01': 7}, {'J01': 29}, 
2620.0, {'J01': -40.25}, {'J01': 7}, {'J01': 29}, 
2625.0, {'J01': -66.59700000000001}, {'J01': 8}, {'J01': 33}, 
2630.0, {'J01': -51.699}, {'J01': 8}, {'J01': 33}, 
2635.0, {'J01': -43.074}, {'J01': 7}, {'J01': 30}, 
2640.0, {'J01': -61.154}, {'J01': 5}, {'J01': 27}, 
2645.0, {'J01': -68.04599999999999}, {'J01': 4}, {'J01': 27}, 
2650.0, {'J01': -38.256}, {'J01': 4}, {'J01': 19}, 
2655.0, {'J01': -39.08}, {'J01': 4}, {'J01': 18}, 
2660.0, {'J01': -64.802}, {'J01': 7}, {'J01': 27}, 
2665.0, {'J01': -60.705}, {'J01': 8}, {'J01': 34}, 
2670.0, {'J01': -84.785}, {'J01': 8}, {'J01': 37}, 
2675.0, {'J01': -83.137}, {'J01': 8}, {'J01': 39}, 
2680.0, {'J01': -82.313}, {'J01': 8}, {'J01': 40}, 
2685.0, {'J01': -93.149}, {'J01': 7}, {'J01': 33}, 
2690.0, {'J01': -69.512}, {'J01': 7}, {'J01': 31}, 
2695.0, {'J01': -46.051}, {'J01': 7}, {'J01': 31}, 
2700.0, {'J01': -67.59700000000001}, {'J01': 8}, {'J01': 34}, 
2705.0, {'J01': -80.313}, {'J01': 8}, {'J01': 38}, 
2710.0, {'J01': -84.404}, {'J01': 8}, {'J01': 39}, 
2715.0, {'J01': -95.592}, {'J01': 7}, {'J01': 36}, 
2720.0, {'J01': -60.415}, {'J01': 7}, {'J01': 33}, 
2725.0, {'J01': -80.05199999999999}, {'J01': 7}, {'J01': 31}, 
2730.0, {'J01': -89.501}, {'J01': 8}, {'J01': 33}, 
2735.0, {'J01': -94.592}, {'J01': 8}, {'J01': 35}, 
2740.0, {'J01': -43.693000000000005}, {'J01': 8}, {'J01': 33}, 
2745.0, {'J01': -55.057}, {'J01': 8}, {'J01': 32}, 
2750.0, {'J01': -56.972}, {'J01': 8}, {'J01': 29}, 
2755.0, {'J01': -54.705}, {'J01': 8}, {'J01': 28}, 
2760.0, {'J01': -38.426}, {'J01': 8}, {'J01': 29}, 
2765.0, {'J01': -37.074}, {'J01': 7}, {'J01': 24}, 
2770.0, {'J01': -39.165000000000006}, {'J01': 7}, {'J01': 23}, 
2775.0, {'J01': -43.522999999999996}, {'J01': 6}, {'J01': 23}, 
2780.0, {'J01': -22.267}, {'J01': 6}, {'J01': 21}, 
2785.0, {'J01': -25.534}, {'J01': 6}, {'J01': 23}, 
2790.0, {'J01': -39.074}, {'J01': 7}, {'J01': 26}, 
2795.0, {'J01': -48.432}, {'J01': 8}, {'J01': 31}, 
2800.0, {'J01': -51.699}, {'J01': 8}, {'J01': 33}, 
2805.0, {'J01': -61.057}, {'J01': 8}, {'J01': 38}, 
2810.0, {'J01': -59.233000000000004}, {'J01': 8}, {'J01': 38}, 
2815.0, {'J01': -61.324}, {'J01': 8}, {'J01': 37}, 
2820.0, {'J01': -83.87}, {'J01': 8}, {'J01': 41}, 
2825.0, {'J01': -92.05199999999999}, {'J01': 8}, {'J01': 43}, 
2830.0, {'J01': -71.506}, {'J01': 8}, {'J01': 41}, 
2835.0, {'J01': -73.59700000000001}, {'J01': 8}, {'J01': 40}, 
2840.0, {'J01': -100.592}, {'J01': 8}, {'J01': 41}, 
2845.0, {'J01': -37.892}, {'J01': 7}, {'J01': 31}, 
2850.0, {'J01': -40.807}, {'J01': 7}, {'J01': 29}, 
2855.0, {'J01': -31.534}, {'J01': 7}, {'J01': 29}, 
2860.0, {'J01': -41.540000000000006}, {'J01': 8}, {'J01': 31}, 
2865.0, {'J01': -41.540000000000006}, {'J01': 8}, {'J01': 31}, 
2870.0, {'J01': -36.716}, {'J01': 8}, {'J01': 28}, 
2875.0, {'J01': -46.347}, {'J01': 6}, {'J01': 24}, 
2880.0, {'J01': -51.262}, {'J01': 5}, {'J01': 24}, 
2885.0, {'J01': -30.364}, {'J01': 4}, {'J01': 18}, 
2890.0, {'J01': -26.448999999999998}, {'J01': 4}, {'J01': 19}, 
2895.0, {'J01': -46.256}, {'J01': 4}, {'J01': 27}, 
2900.0, {'J01': -37.801}, {'J01': 7}, {'J01': 34}, 
2905.0, {'J01': -54.165000000000006}, {'J01': 8}, {'J01': 38}, 
2910.0, {'J01': -48.517}, {'J01': 8}, {'J01': 36}, 
2915.0, {'J01': -46.608000000000004}, {'J01': 7}, {'J01': 31}, 
2920.0, {'J01': -31.534}, {'J01': 7}, {'J01': 29}, 
2925.0, {'J01': -37.625}, {'J01': 7}, {'J01': 32}, 
2930.0, {'J01': -44.983000000000004}, {'J01': 7}, {'J01': 35}, 
2935.0, {'J01': -54.96600000000001}, {'J01': 7}, {'J01': 35}, 
2940.0, {'J01': -44.432}, {'J01': 5}, {'J01': 27}, 
2945.0, {'J01': -38.165000000000006}, {'J01': 5}, {'J01': 22}, 
2950.0, {'J01': -24.358}, {'J01': 5}, {'J01': 20}, 
2955.0, {'J01': -43.165000000000006}, {'J01': 4}, {'J01': 27}, 
2960.0, {'J01': -52.432}, {'J01': 6}, {'J01': 35}, 
2965.0, {'J01': -52.72200000000001}, {'J01': 8}, {'J01': 36}, 
2970.0, {'J01': -50.340999999999994}, {'J01': 8}, {'J01': 36}, 
2975.0, {'J01': -58.790000000000006}, {'J01': 8}, {'J01': 37}, 
2980.0, {'J01': -52.057}, {'J01': 6}, {'J01': 29}, 
2985.0, {'J01': -58.772999999999996}, {'J01': 5}, {'J01': 27}, 
2990.0, {'J01': -44.790000000000006}, {'J01': 4}, {'J01': 23}, 
2995.0, {'J01': -45.347}, {'J01': 4}, {'J01': 23}, 
3000.0, {'J01': -39.54}, {'J01': 6}, {'J01': 29}, 
3005.0, {'J01': -57.171}, {'J01': 8}, {'J01': 33}, 
3010.0, {'J01': -59.705}, {'J01': 8}, {'J01': 33}, 
3015.0, {'J01': -62.711000000000006}, {'J01': 7}, {'J01': 28}, 
3020.0, {'J01': -45.989000000000004}, {'J01': 7}, {'J01': 28}, 
3025.0, {'J01': -50.432}, {'J01': 7}, {'J01': 33}, 
3030.0, {'J01': -49.340999999999994}, {'J01': 8}, {'J01': 35}, 
3035.0, {'J01': -51.875}, {'J01': 8}, {'J01': 35}, 
3040.0, {'J01': -57.790000000000006}, {'J01': 8}, {'J01': 36}, 
3045.0, {'J01': -51.784000000000006}, {'J01': 8}, {'J01': 38}, 
3050.0, {'J01': -60.233000000000004}, {'J01': 8}, {'J01': 39}, 
3055.0, {'J01': -52.051}, {'J01': 8}, {'J01': 37}, 
3060.0, {'J01': -55.141999999999996}, {'J01': 8}, {'J01': 37}, 
3065.0, {'J01': -60.148}, {'J01': 8}, {'J01': 34}, 
3070.0, {'J01': -55.705}, {'J01': 7}, {'J01': 29}, 
3075.0, {'J01': -45.165000000000006}, {'J01': 6}, {'J01': 29}, 
3080.0, {'J01': -50.432}, {'J01': 6}, {'J01': 33}, 
3085.0, {'J01': -55.790000000000006}, {'J01': 7}, {'J01': 34}, 
3090.0, {'J01': -47.340999999999994}, {'J01': 8}, {'J01': 33}, 
3095.0, {'J01': -55.875}, {'J01': 8}, {'J01': 39}, 
3100.0, {'J01': -48.602000000000004}, {'J01': 8}, {'J01': 41}, 
3105.0, {'J01': -67.97200000000001}, {'J01': 8}, {'J01': 40}, 
3110.0, {'J01': -69.506}, {'J01': 8}, {'J01': 39}, 
3115.0, {'J01': -56.614}, {'J01': 7}, {'J01': 33}, 
3120.0, {'J01': -41.546}, {'J01': 5}, {'J01': 23}, 
3125.0, {'J01': -26.091}, {'J01': 5}, {'J01': 23}, 
3130.0, {'J01': -40.631}, {'J01': 5}, {'J01': 27}, 
3135.0, {'J01': -52.08}, {'J01': 7}, {'J01': 31}, 
3140.0, {'J01': -54.262}, {'J01': 8}, {'J01': 27}, 
3145.0, {'J01': -54.256}, {'J01': 8}, {'J01': 35}, 
3150.0, {'J01': -63.881}, {'J01': 8}, {'J01': 39}, 
3155.0, {'J01': -57.875}, {'J01': 8}, {'J01': 41}, 
3160.0, {'J01': -58.233000000000004}, {'J01': 7}, {'J01': 37}, 
3165.0, {'J01': -68.864}, {'J01': 6}, {'J01': 34}, 
3170.0, {'J01': -79.58000000000001}, {'J01': 6}, {'J01': 36}, 
3175.0, {'J01': -91.91499999999999}, {'J01': 11}, {'J01': 42}, 
3180.0, {'J01': -106.10300000000001}, {'J01': 9}, {'J01': 42}, 
3185.0, {'J01': -100.927}, {'J01': 6}, {'J01': 35}, 
3190.0, {'J01': -85.592}, {'J01': 6}, {'J01': 26}, 
3195.0, {'J01': -43.790000000000006}, {'J01': 4}, {'J01': 22}, 
3200.0, {'J01': -57.506}, {'J01': 4}, {'J01': 27}, 
3205.0, {'J01': -55.705}, {'J01': 6}, {'J01': 29}, 
3210.0, {'J01': -58.057}, {'J01': 8}, {'J01': 35}, 
3215.0, {'J01': -61.324}, {'J01': 8}, {'J01': 37}, 
3220.0, {'J01': -51.522999999999996}, {'J01': 8}, {'J01': 31}, 
3225.0, {'J01': -59.705}, {'J01': 8}, {'J01': 33}, 
3230.0, {'J01': -59.614}, {'J01': 8}, {'J01': 36}, 
3235.0, {'J01': -67.79599999999999}, {'J01': 8}, {'J01': 38}, 
3240.0, {'J01': -68.71100000000001}, {'J01': 7}, {'J01': 34}, 
3245.0, {'J01': -45.25}, {'J01': 7}, {'J01': 34}, 
3250.0, {'J01': -38.983000000000004}, {'J01': 6}, {'J01': 29}, 
3255.0, {'J01': -47.903999999999996}, {'J01': 5}, {'J01': 25}, 
3260.0, {'J01': -34.364000000000004}, {'J01': 4}, {'J01': 22}, 
3265.0, {'J01': -36.807}, {'J01': 4}, {'J01': 25}, 
3270.0, {'J01': -59.881}, {'J01': 7}, {'J01': 35}, 
3275.0, {'J01': -74.33000000000001}, {'J01': 8}, {'J01': 42}, 
3280.0, {'J01': -66.057}, {'J01': 8}, {'J01': 43}, 
3285.0, {'J01': -60.522999999999996}, {'J01': 8}, {'J01': 40}, 
3290.0, {'J01': -64.705}, {'J01': 8}, {'J01': 38}, 
3295.0, {'J01': -82.60300000000001}, {'J01': 8}, {'J01': 41}, 
3300.0, {'J01': -73.245}, {'J01': 7}, {'J01': 36}, 
3305.0, {'J01': -49.989000000000004}, {'J01': 7}, {'J01': 32}, 
3310.0, {'J01': -63.353}, {'J01': 7}, {'J01': 33}, 
3315.0, {'J01': -39.625}, {'J01': 8}, {'J01': 34}, 
3320.0, {'J01': -52.256}, {'J01': 8}, {'J01': 33}, 
3325.0, {'J01': -63.705}, {'J01': 8}, {'J01': 37}, 
3330.0, {'J01': -67.79599999999999}, {'J01': 8}, {'J01': 38}, 
3335.0, {'J01': -69.063}, {'J01': 8}, {'J01': 38}, 
3340.0, {'J01': -52.256}, {'J01': 8}, {'J01': 33}, 
3345.0, {'J01': -56.881}, {'J01': 8}, {'J01': 32}, 
3350.0, {'J01': -70.779}, {'J01': 7}, {'J01': 31}, 
3355.0, {'J01': -38.074}, {'J01': 6}, {'J01': 25}, 
3360.0, {'J01': -39.426}, {'J01': 6}, {'J01': 30}, 
3365.0, {'J01': -55.057}, {'J01': 6}, {'J01': 32}, 
3370.0, {'J01': -64.506}, {'J01': 7}, {'J01': 34}, 
3375.0, {'J01': -49.256}, {'J01': 7}, {'J01': 30}, 
3380.0, {'J01': -52.614}, {'J01': 7}, {'J01': 29}, 
3385.0, {'J01': -61.415}, {'J01': 7}, {'J01': 34}, 
3390.0, {'J01': -64.33000000000001}, {'J01': 7}, {'J01': 32}, 
3395.0, {'J01': -39.25}, {'J01': 7}, {'J01': 28}, 
3400.0, {'J01': -35.159}, {'J01': 7}, {'J01': 27}, 
3405.0, {'J01': -37.602000000000004}, {'J01': 8}, {'J01': 30}, 
3410.0, {'J01': -47.227}, {'J01': 8}, {'J01': 34}, 
3415.0, {'J01': -51.585}, {'J01': 8}, {'J01': 34}, 
3420.0, {'J01': -50.585}, {'J01': 8}, {'J01': 33}, 
3425.0, {'J01': -50.937}, {'J01': 8}, {'J01': 37}, 
3430.0, {'J01': -59.471000000000004}, {'J01': 8}, {'J01': 43}, 
3435.0, {'J01': -62.738}, {'J01': 8}, {'J01': 45}, 
3440.0, {'J01': -48.227}, {'J01': 6}, {'J01': 35}, 
3445.0, {'J01': -42.165000000000006}, {'J01': 5}, {'J01': 26}, 
3450.0, {'J01': -63.154}, {'J01': 5}, {'J01': 29}, 
3455.0, {'J01': -58.415}, {'J01': 6}, {'J01': 31}, 
3460.0, {'J01': -53.761}, {'J01': 8}, {'J01': 38}, 
3465.0, {'J01': -42.693000000000005}, {'J01': 8}, {'J01': 32}, 
3470.0, {'J01': -47.784000000000006}, {'J01': 8}, {'J01': 34}, 
3475.0, {'J01': -55.96600000000001}, {'J01': 8}, {'J01': 36}, 
3480.0, {'J01': -56.614}, {'J01': 8}, {'J01': 33}, 
3485.0, {'J01': -49.432}, {'J01': 8}, {'J01': 32}, 
3490.0, {'J01': -42.722}, {'J01': 6}, {'J01': 26}, 
3495.0, {'J01': -39.989000000000004}, {'J01': 4}, {'J01': 22}, 
3500.0, {'J01': -56.535000000000004}, {'J01': 4}, {'J01': 20}, 
3505.0, {'J01': -55.535000000000004}, {'J01': 4}, {'J01': 19}, 
3510.0, {'J01': -52.535000000000004}, {'J01': 4}, {'J01': 16}, 
3515.0, {'J01': -52.535000000000004}, {'J01': 4}, {'J01': 16}, 
3520.0, {'J01': -21.358}, {'J01': 4}, {'J01': 17}, 
3525.0, {'J01': -41.432}, {'J01': 3}, {'J01': 24}, 
3530.0, {'J01': -54.705}, {'J01': 6}, {'J01': 28}, 
3535.0, {'J01': -48.256}, {'J01': 7}, {'J01': 29}, 
3540.0, {'J01': -45.813}, {'J01': 7}, {'J01': 26}, 
3545.0, {'J01': -45.813}, {'J01': 6}, {'J01': 26}, 
3550.0, {'J01': -39.813}, {'J01': 5}, {'J01': 20}, 
3555.0, {'J01': -54.358999999999995}, {'J01': 5}, {'J01': 16}, 
3560.0, {'J01': -61.632000000000005}, {'J01': 5}, {'J01': 14}, 
3565.0, {'J01': -59.16}, {'J01': 5}, {'J01': 17}, 
3570.0, {'J01': -29.455000000000002}, {'J01': 4}, {'J01': 14}, 
3575.0, {'J01': -55.358999999999995}, {'J01': 3}, {'J01': 17}, 
3580.0, {'J01': -51.353}, {'J01': 3}, {'J01': 21}, 
3585.0, {'J01': -55.796}, {'J01': 4}, {'J01': 26}, 
3590.0, {'J01': -75.87}, {'J01': 5}, {'J01': 33}, 
3595.0, {'J01': -85.05199999999999}, {'J01': 5}, {'J01': 36}, 
3600.0, {'J01': -88.791}, {'J01': 6}, {'J01': 33}, 
3605.0, {'J01': -75.43299999999999}, {'J01': 4}, {'J01': 24}, 
3610.0, {'J01': -80.706}, {'J01': 4}, {'J01': 20}, 
3615.0, {'J01': -60.984}, {'J01': 4}, {'J01': 17}, 
3620.0, {'J01': -56.069}, {'J01': 4}, {'J01': 17}, 
3625.0, {'J01': -81.791}, {'J01': 5}, {'J01': 26}, 
3630.0, {'J01': -80.882}, {'J01': 4}, {'J01': 22}, 
3635.0, {'J01': -28.716}, {'J01': 4}, {'J01': 20}, 
3640.0, {'J01': -37.897999999999996}, {'J01': 4}, {'J01': 23}, 
3645.0, {'J01': -37.54}, {'J01': 6}, {'J01': 27}, 
3650.0, {'J01': -48.813}, {'J01': 7}, {'J01': 29}, 
3655.0, {'J01': -41.272999999999996}, {'J01': 8}, {'J01': 32}, 
3660.0, {'J01': -30.0}, {'J01': 8}, {'J01': 30}, 
3665.0, {'J01': -41.272999999999996}, {'J01': 8}, {'J01': 32}, 
3670.0, {'J01': -42.364000000000004}, {'J01': 8}, {'J01': 30}, 
3675.0, {'J01': -35.272999999999996}, {'J01': 7}, {'J01': 26}, 
3680.0, {'J01': -34.807}, {'J01': 4}, {'J01': 23}, 
3685.0, {'J01': -29.807}, {'J01': 4}, {'J01': 18}, 
3690.0, {'J01': -28.807}, {'J01': 4}, {'J01': 17}, 
3695.0, {'J01': -29.807}, {'J01': 4}, {'J01': 18}, 
3700.0, {'J01': -29.807}, {'J01': 4}, {'J01': 18}, 
3705.0, {'J01': -29.807}, {'J01': 4}, {'J01': 18}, 
3710.0, {'J01': -30.807}, {'J01': 4}, {'J01': 19}, 
3715.0, {'J01': -30.807}, {'J01': 4}, {'J01': 19}, 
3720.0, {'J01': -30.807}, {'J01': 4}, {'J01': 19}, 
3725.0, {'J01': -25.273}, {'J01': 4}, {'J01': 16}, 
3730.0, {'J01': -26.807}, {'J01': 4}, {'J01': 15}, 
3735.0, {'J01': -28.807}, {'J01': 4}, {'J01': 17}, 
3740.0, {'J01': -29.807}, {'J01': 4}, {'J01': 18}, 
3745.0, {'J01': -29.807}, {'J01': 4}, {'J01': 18}, 
3750.0, {'J01': -29.807}, {'J01': 4}, {'J01': 18}, 
3755.0, {'J01': -29.807}, {'J01': 4}, {'J01': 18}, 
3760.0, {'J01': -29.807}, {'J01': 4}, {'J01': 18}, 
3765.0, {'J01': -29.807}, {'J01': 4}, {'J01': 18}, 
3770.0, {'J01': -30.807}, {'J01': 4}, {'J01': 19}, 
3775.0, {'J01': -31.807}, {'J01': 4}, {'J01': 20}, 
3780.0, {'J01': -31.807}, {'J01': 4}, {'J01': 20}, 
3785.0, {'J01': -31.807}, {'J01': 4}, {'J01': 20}, 
3790.0, {'J01': -30.807}, {'J01': 4}, {'J01': 19}, 
3795.0, {'J01': -25.807}, {'J01': 4}, {'J01': 14}, 
3800.0, {'J01': -24.807}, {'J01': 4}, {'J01': 13}, 
3805.0, {'J01': -25.807}, {'J01': 4}, {'J01': 14}, 
3810.0, {'J01': -26.807}, {'J01': 4}, {'J01': 15}, 
3815.0, {'J01': -26.807}, {'J01': 4}, {'J01': 15}, 
3820.0, {'J01': -26.807}, {'J01': 4}, {'J01': 15}, 
3825.0, {'J01': -26.807}, {'J01': 4}, {'J01': 15}, 
3830.0, {'J01': -26.807}, {'J01': 4}, {'J01': 15}, 
3835.0, {'J01': -26.807}, {'J01': 4}, {'J01': 15}, 
3840.0, {'J01': -26.807}, {'J01': 4}, {'J01': 15}, 
3845.0, {'J01': -26.807}, {'J01': 4}, {'J01': 15}, 
3850.0, {'J01': -26.807}, {'J01': 4}, {'J01': 15}, 
3855.0, {'J01': -26.807}, {'J01': 4}, {'J01': 15}, 
3860.0, {'J01': -27.807}, {'J01': 4}, {'J01': 16}, 
3865.0, {'J01': -24.807}, {'J01': 4}, {'J01': 13}, 
3870.0, {'J01': -26.807}, {'J01': 4}, {'J01': 15}, 
3875.0, {'J01': -26.807}, {'J01': 4}, {'J01': 15}, 
3880.0, {'J01': -26.807}, {'J01': 4}, {'J01': 15}, 
3885.0, {'J01': -26.807}, {'J01': 4}, {'J01': 15}, 
3890.0, {'J01': -26.807}, {'J01': 4}, {'J01': 15}, 
3895.0, {'J01': -26.807}, {'J01': 4}, {'J01': 15}, 
3900.0, {'J01': -26.807}, {'J01': 4}, {'J01': 15}, 
3905.0, {'J01': -26.807}, {'J01': 4}, {'J01': 15}, 
3910.0, {'J01': -26.807}, {'J01': 4}, {'J01': 15}, 
3915.0, {'J01': -26.807}, {'J01': 4}, {'J01': 15}, 
3920.0, {'J01': -24.807}, {'J01': 4}, {'J01': 13}, 
3925.0, {'J01': -26.807}, {'J01': 4}, {'J01': 15}, 
3930.0, {'J01': -27.807}, {'J01': 4}, {'J01': 16}, 
3935.0, {'J01': -27.807}, {'J01': 4}, {'J01': 16}, 
3940.0, {'J01': -27.807}, {'J01': 4}, {'J01': 16}, 
3945.0, {'J01': -27.807}, {'J01': 4}, {'J01': 16}, 
3950.0, {'J01': -27.807}, {'J01': 4}, {'J01': 16}, 
3955.0, {'J01': -27.807}, {'J01': 4}, {'J01': 16}, 
3960.0, {'J01': -27.807}, {'J01': 4}, {'J01': 16}, 
3965.0, {'J01': -24.716}, {'J01': 4}, {'J01': 16}, 
3970.0, {'J01': -18.534}, {'J01': 4}, {'J01': 16}, 
3975.0, {'J01': -21.625}, {'J01': 4}, {'J01': 16}, 
3980.0, {'J01': -23.716}, {'J01': 4}, {'J01': 15}, 
3985.0, {'J01': -23.716}, {'J01': 4}, {'J01': 15}, 
3990.0, {'J01': -11.0}, {'J01': 4}, {'J01': 11}, 
3995.0, {'J01': -13.091000000000001}, {'J01': 4}, {'J01': 10}, 
4000.0, {'J01': -17.182000000000002}, {'J01': 4}, {'J01': 11}, 
4005.0, {'J01': -22.182000000000002}, {'J01': 4}, {'J01': 16}, 
4010.0, {'J01': -24.182000000000002}, {'J01': 4}, {'J01': 18}, 
4015.0, {'J01': -26.182000000000002}, {'J01': 5}, {'J01': 20}, 
4020.0, {'J01': -28.182000000000002}, {'J01': 6}, {'J01': 22}, 
4025.0, {'J01': -30.182000000000002}, {'J01': 7}, {'J01': 24}, 
4030.0, {'J01': -30.182000000000002}, {'J01': 7}, {'J01': 24}, 
4035.0, {'J01': -30.182000000000002}, {'J01': 7}, {'J01': 24}, 
4040.0, {'J01': -31.182000000000002}, {'J01': 7}, {'J01': 25}, 
4045.0, {'J01': -32.182}, {'J01': 8}, {'J01': 26}, 
4050.0, {'J01': -32.182}, {'J01': 8}, {'J01': 26}, 
4055.0, {'J01': -32.182}, {'J01': 8}, {'J01': 26}, 
4060.0, {'J01': -29.182000000000002}, {'J01': 8}, {'J01': 23}, 
4065.0, {'J01': -29.182000000000002}, {'J01': 8}, {'J01': 23}, 
4070.0, {'J01': -30.182000000000002}, {'J01': 8}, {'J01': 24}, 
4075.0, {'J01': -31.182000000000002}, {'J01': 8}, {'J01': 25}, 
4080.0, {'J01': -31.182000000000002}, {'J01': 8}, {'J01': 25}, 
4085.0, {'J01': -31.182000000000002}, {'J01': 8}, {'J01': 25}, 
4090.0, {'J01': -31.182000000000002}, {'J01': 8}, {'J01': 25}, 
4095.0, {'J01': -31.182000000000002}, {'J01': 8}, {'J01': 25}, 
4100.0, {'J01': -28.182000000000002}, {'J01': 8}, {'J01': 22}, 
4105.0, {'J01': -28.182000000000002}, {'J01': 8}, {'J01': 22}, 
4110.0, {'J01': -29.182000000000002}, {'J01': 8}, {'J01': 23}, 
4115.0, {'J01': -29.182000000000002}, {'J01': 8}, {'J01': 23}, 
4120.0, {'J01': -29.182000000000002}, {'J01': 8}, {'J01': 23}, 
4125.0, {'J01': -30.182000000000002}, {'J01': 8}, {'J01': 24}, 
4130.0, {'J01': -31.182000000000002}, {'J01': 8}, {'J01': 25}, 
4135.0, {'J01': -31.182000000000002}, {'J01': 8}, {'J01': 25}, 
4140.0, {'J01': -31.182000000000002}, {'J01': 8}, {'J01': 25}, 
4145.0, {'J01': -31.182000000000002}, {'J01': 8}, {'J01': 25}, 
4150.0, {'J01': -32.182}, {'J01': 8}, {'J01': 26}, 
4155.0, {'J01': -32.182}, {'J01': 8}, {'J01': 26}, 
4160.0, {'J01': -33.182}, {'J01': 8}, {'J01': 27}, 
4165.0, {'J01': -30.182000000000002}, {'J01': 8}, {'J01': 24}, 
4170.0, {'J01': -29.182000000000002}, {'J01': 8}, {'J01': 23}, 
4175.0, {'J01': -31.182000000000002}, {'J01': 8}, {'J01': 25}, 
4180.0, {'J01': -32.182}, {'J01': 8}, {'J01': 26}, 
4185.0, {'J01': -32.182}, {'J01': 8}, {'J01': 26}, 
4190.0, {'J01': -32.182}, {'J01': 8}, {'J01': 26}, 
4195.0, {'J01': -32.182}, {'J01': 8}, {'J01': 26}, 
4200.0, {'J01': -32.182}, {'J01': 8}, {'J01': 26}, 
4205.0, {'J01': -32.182}, {'J01': 8}, {'J01': 26}, 
4210.0, {'J01': -33.182}, {'J01': 8}, {'J01': 27}, 
4215.0, {'J01': -31.182000000000002}, {'J01': 8}, {'J01': 25}, 
4220.0, {'J01': -33.182}, {'J01': 8}, {'J01': 27}, 
4225.0, {'J01': -33.182}, {'J01': 8}, {'J01': 27}, 
4230.0, {'J01': -34.182}, {'J01': 8}, {'J01': 28}, 
4235.0, {'J01': -34.182}, {'J01': 8}, {'J01': 28}, 
4240.0, {'J01': -36.182}, {'J01': 8}, {'J01': 30}, 
4245.0, {'J01': -36.182}, {'J01': 8}, {'J01': 30}, 
4250.0, {'J01': -37.182}, {'J01': 8}, {'J01': 31}, 
4255.0, {'J01': -38.182}, {'J01': 8}, {'J01': 32}, 
4260.0, {'J01': -38.182}, {'J01': 8}, {'J01': 32}, 
4265.0, {'J01': -38.182}, {'J01': 8}, {'J01': 32}, 
4270.0, {'J01': -38.182}, {'J01': 8}, {'J01': 32}, 
4275.0, {'J01': -35.182}, {'J01': 8}, {'J01': 29}, 
4280.0, {'J01': -34.182}, {'J01': 8}, {'J01': 28}, 
4285.0, {'J01': -34.182}, {'J01': 8}, {'J01': 28}, 
4290.0, {'J01': -34.182}, {'J01': 8}, {'J01': 28}, 
4295.0, {'J01': -34.182}, {'J01': 8}, {'J01': 28}, 
4300.0, {'J01': -34.182}, {'J01': 8}, {'J01': 28}, 
4305.0, {'J01': -34.182}, {'J01': 8}, {'J01': 28}, 
4310.0, {'J01': -28.0}, {'J01': 8}, {'J01': 28}, 
4315.0, {'J01': -30.0}, {'J01': 8}, {'J01': 30}, 
4320.0, {'J01': -32.0}, {'J01': 8}, {'J01': 32}, 
4325.0, {'J01': -32.0}, {'J01': 7}, {'J01': 32}, 
4330.0, {'J01': -24.0}, {'J01': 5}, {'J01': 24}, 
4335.0, {'J01': -19.0}, {'J01': 4}, {'J01': 19}, 
4340.0, {'J01': -18.0}, {'J01': 4}, {'J01': 18}, 
4345.0, {'J01': -20.0}, {'J01': 4}, {'J01': 20}, 
4350.0, {'J01': -20.0}, {'J01': 6}, {'J01': 20}, 
4355.0, {'J01': -17.0}, {'J01': 4}, {'J01': 17}, 
4360.0, {'J01': -17.0}, {'J01': 4}, {'J01': 17}, 
4365.0, {'J01': -16.0}, {'J01': 4}, {'J01': 16}, 
4370.0, {'J01': -16.0}, {'J01': 4}, {'J01': 16}, 
4375.0, {'J01': -15.0}, {'J01': 4}, {'J01': 15}, 
4380.0, {'J01': -15.0}, {'J01': 4}, {'J01': 15}, 
4385.0, {'J01': -14.0}, {'J01': 4}, {'J01': 14}, 
4390.0, {'J01': -14.0}, {'J01': 4}, {'J01': 14}, 
4395.0, {'J01': -15.0}, {'J01': 4}, {'J01': 15}, 
4400.0, {'J01': -16.0}, {'J01': 3}, {'J01': 16}, 
4405.0, {'J01': -24.0}, {'J01': 7}, {'J01': 24}, 
4410.0, {'J01': -25.0}, {'J01': 7}, {'J01': 25}, 
4415.0, {'J01': -25.0}, {'J01': 6}, {'J01': 25}, 
4420.0, {'J01': -20.0}, {'J01': 4}, {'J01': 20}, 
4425.0, {'J01': -16.0}, {'J01': 4}, {'J01': 16}, 
4430.0, {'J01': -14.0}, {'J01': 4}, {'J01': 14}, 
4435.0, {'J01': -16.0}, {'J01': 4}, {'J01': 16}, 
4440.0, {'J01': -20.0}, {'J01': 4}, {'J01': 20}, 
4445.0, {'J01': -26.0}, {'J01': 6}, {'J01': 26}, 
4450.0, {'J01': -31.0}, {'J01': 8}, {'J01': 31}, 
4455.0, {'J01': -25.0}, {'J01': 6}, {'J01': 25}, 
4460.0, {'J01': -20.0}, {'J01': 4}, {'J01': 20}, 
4465.0, {'J01': -16.0}, {'J01': 4}, {'J01': 16}, 
4470.0, {'J01': -15.0}, {'J01': 4}, {'J01': 15}, 
4475.0, {'J01': -17.0}, {'J01': 4}, {'J01': 17}, 
4480.0, {'J01': -16.0}, {'J01': 4}, {'J01': 16}, 
4485.0, {'J01': -17.0}, {'J01': 4}, {'J01': 17}, 
4490.0, {'J01': -15.0}, {'J01': 4}, {'J01': 15}, 
4495.0, {'J01': -17.0}, {'J01': 4}, {'J01': 17}, 
4500.0, {'J01': -12.0}, {'J01': 4}, {'J01': 12}, 
4505.0, {'J01': -10.0}, {'J01': 4}, {'J01': 10}, 
4510.0, {'J01': -10.0}, {'J01': 4}, {'J01': 10}, 
4515.0, {'J01': -7.0}, {'J01': 4}, {'J01': 7}, 
4520.0, {'J01': -9.0}, {'J01': 4}, {'J01': 9}, 
4525.0, {'J01': -7.0}, {'J01': 4}, {'J01': 7}, 
4530.0, {'J01': -9.0}, {'J01': 4}, {'J01': 9}, 
4535.0, {'J01': -9.0}, {'J01': 4}, {'J01': 9}, 
4540.0, {'J01': -10.0}, {'J01': 4}, {'J01': 10}, 
4545.0, {'J01': -11.0}, {'J01': 4}, {'J01': 11}, 
4550.0, {'J01': -13.0}, {'J01': 3}, {'J01': 13}, 
4555.0, {'J01': -13.0}, {'J01': 4}, {'J01': 13}, 
4560.0, {'J01': -13.0}, {'J01': 4}, {'J01': 13}, 
4565.0, {'J01': -15.0}, {'J01': 4}, {'J01': 15}, 
4570.0, {'J01': -11.0}, {'J01': 4}, {'J01': 11}, 
4575.0, {'J01': -10.0}, {'J01': 4}, {'J01': 10}, 
4580.0, {'J01': -12.0}, {'J01': 4}, {'J01': 12}, 
4585.0, {'J01': -15.0}, {'J01': 4}, {'J01': 15}, 
4590.0, {'J01': -14.0}, {'J01': 4}, {'J01': 14}, 
4595.0, {'J01': -10.0}, {'J01': 3}, {'J01': 10}, 
4600.0, {'J01': -11.0}, {'J01': 3}, {'J01': 11}, 
4605.0, {'J01': -12.0}, {'J01': 3}, {'J01': 12}, 
4610.0, {'J01': -9.0}, {'J01': 3}, {'J01': 9}, 
4615.0, {'J01': -10.0}, {'J01': 4}, {'J01': 10}, 
4620.0, {'J01': -9.0}, {'J01': 4}, {'J01': 9}, 
4625.0, {'J01': -9.0}, {'J01': 4}, {'J01': 9}, 
4630.0, {'J01': -6.0}, {'J01': 4}, {'J01': 6}, 
4635.0, {'J01': -7.0}, {'J01': 3}, {'J01': 7}, 
4640.0, {'J01': -9.0}, {'J01': 3}, {'J01': 9}, 
4645.0, {'J01': -12.0}, {'J01': 3}, {'J01': 12}, 
4650.0, {'J01': -8.0}, {'J01': 3}, {'J01': 8}, 
4655.0, {'J01': -9.0}, {'J01': 4}, {'J01': 9}, 
4660.0, {'J01': -9.0}, {'J01': 4}, {'J01': 9}, 
4665.0, {'J01': -12.0}, {'J01': 4}, {'J01': 12}, 
4670.0, {'J01': -9.0}, {'J01': 4}, {'J01': 9}, 
4675.0, {'J01': -8.0}, {'J01': 4}, {'J01': 8}, 
4680.0, {'J01': -9.0}, {'J01': 4}, {'J01': 9}, 
4685.0, {'J01': -10.0}, {'J01': 4}, {'J01': 10}, 
4690.0, {'J01': -6.0}, {'J01': 4}, {'J01': 6}, 
4695.0, {'J01': -8.0}, {'J01': 3}, {'J01': 8}, 
4700.0, {'J01': -7.0}, {'J01': 3}, {'J01': 7}, 
4705.0, {'J01': -6.0}, {'J01': 2}, {'J01': 6}, 
4710.0, {'J01': -6.0}, {'J01': 3}, {'J01': 6}, 
4715.0, {'J01': -6.0}, {'J01': 4}, {'J01': 6}, 
4720.0, {'J01': -6.0}, {'J01': 3}, {'J01': 6}, 
4725.0, {'J01': -5.0}, {'J01': 2}, {'J01': 5}, 
4730.0, {'J01': -10.0}, {'J01': 4}, {'J01': 10}, 
4735.0, {'J01': -9.0}, {'J01': 4}, {'J01': 9}, 
4740.0, {'J01': -11.0}, {'J01': 4}, {'J01': 11}, 
4745.0, {'J01': -8.0}, {'J01': 4}, {'J01': 8}, 
4750.0, {'J01': -11.0}, {'J01': 3}, {'J01': 11}, 
4755.0, {'J01': -10.0}, {'J01': 4}, {'J01': 10}, 
4760.0, {'J01': -14.0}, {'J01': 4}, {'J01': 14}, 
4765.0, {'J01': -13.0}, {'J01': 4}, {'J01': 13}, 
4770.0, {'J01': -13.0}, {'J01': 4}, {'J01': 13}, 
4775.0, {'J01': -10.0}, {'J01': 3}, {'J01': 10}, 
4780.0, {'J01': -9.0}, {'J01': 3}, {'J01': 9}, 
4785.0, {'J01': -17.0}, {'J01': 4}, {'J01': 17}, 
4790.0, {'J01': -18.0}, {'J01': 5}, {'J01': 18}, 
4795.0, {'J01': -17.0}, {'J01': 5}, {'J01': 17}, 
4800.0, {'J01': -15.0}, {'J01': 4}, {'J01': 15}, 
4805.0, {'J01': -12.0}, {'J01': 3}, {'J01': 12}, 
4810.0, {'J01': -12.0}, {'J01': 3}, {'J01': 12}, 
4815.0, {'J01': -12.0}, {'J01': 3}, {'J01': 12}, 
4820.0, {'J01': -15.0}, {'J01': 5}, {'J01': 15}, 
4825.0, {'J01': -13.0}, {'J01': 4}, {'J01': 13}, 
4830.0, {'J01': -11.0}, {'J01': 3}, {'J01': 11}, 
4835.0, {'J01': -13.0}, {'J01': 4}, {'J01': 13}, 
4840.0, {'J01': -15.0}, {'J01': 5}, {'J01': 15}, 
4845.0, {'J01': -15.0}, {'J01': 4}, {'J01': 15}, 
4850.0, {'J01': -12.0}, {'J01': 3}, {'J01': 12}, 
4855.0, {'J01': -15.0}, {'J01': 4}, {'J01': 15}, 
4860.0, {'J01': -17.0}, {'J01': 5}, {'J01': 17}, 
4865.0, {'J01': -15.0}, {'J01': 4}, {'J01': 15}, 
4870.0, {'J01': -11.0}, {'J01': 3}, {'J01': 11}, 
4875.0, {'J01': -11.0}, {'J01': 4}, {'J01': 11}, 
4880.0, {'J01': -17.0}, {'J01': 6}, {'J01': 17}, 
4885.0, {'J01': -17.0}, {'J01': 5}, {'J01': 17}, 
4890.0, {'J01': -13.0}, {'J01': 4}, {'J01': 13}, 
4895.0, {'J01': -12.0}, {'J01': 4}, {'J01': 12}, 
4900.0, {'J01': -17.0}, {'J01': 5}, {'J01': 17}, 
4905.0, {'J01': -18.0}, {'J01': 4}, {'J01': 18}, 
4910.0, {'J01': -15.0}, {'J01': 4}, {'J01': 15}, 
4915.0, {'J01': -15.0}, {'J01': 4}, {'J01': 15}, 
4920.0, {'J01': -22.0}, {'J01': 7}, {'J01': 22}, 
4925.0, {'J01': -25.0}, {'J01': 7}, {'J01': 25}, 
4930.0, {'J01': -20.0}, {'J01': 4}, {'J01': 20}, 
4935.0, {'J01': -16.0}, {'J01': 4}, {'J01': 16}, 
4940.0, {'J01': -13.0}, {'J01': 5}, {'J01': 13}, 
4945.0, {'J01': -13.0}, {'J01': 4}, {'J01': 13}, 
4950.0, {'J01': -11.0}, {'J01': 4}, {'J01': 11}, 
4955.0, {'J01': -9.0}, {'J01': 4}, {'J01': 9}, 
4960.0, {'J01': -10.0}, {'J01': 4}, {'J01': 10}, 
4965.0, {'J01': -13.0}, {'J01': 4}, {'J01': 13}, 
4970.0, {'J01': -14.0}, {'J01': 5}, {'J01': 14}, 
4975.0, {'J01': -15.0}, {'J01': 6}, {'J01': 15}, 
4980.0, {'J01': -13.0}, {'J01': 4}, {'J01': 13}, 
4985.0, {'J01': -9.0}, {'J01': 4}, {'J01': 9}, 
4990.0, {'J01': -7.0}, {'J01': 4}, {'J01': 7}, 
4995.0, {'J01': -8.0}, {'J01': 4}, {'J01': 8}, 
5000.0, {'J01': -7.0}, {'J01': 4}, {'J01': 7}, 
5005.0, {'J01': -8.0}, {'J01': 4}, {'J01': 8}, 
5010.0, {'J01': -6.0}, {'J01': 4}, {'J01': 6}, 
5015.0, {'J01': -5.0}, {'J01': 3}, {'J01': 5}, 
5020.0, {'J01': -4.0}, {'J01': 2}, {'J01': 4}, 
5025.0, {'J01': -6.0}, {'J01': 4}, {'J01': 6}, 
5030.0, {'J01': -5.0}, {'J01': 3}, {'J01': 5}, 
5035.0, {'J01': -3.0}, {'J01': 2}, {'J01': 3}, 
5040.0, {'J01': -3.0}, {'J01': 1}, {'J01': 3}, 
5045.0, {'J01': -5.0}, {'J01': 3}, {'J01': 5}, 
5050.0, {'J01': -5.0}, {'J01': 2}, {'J01': 5}, 
5055.0, {'J01': -4.0}, {'J01': 2}, {'J01': 4}, 
5060.0, {'J01': -4.0}, {'J01': 1}, {'J01': 4}, 
5065.0, {'J01': -5.0}, {'J01': 3}, {'J01': 5}, 
5070.0, {'J01': -5.0}, {'J01': 2}, {'J01': 5}, 
5075.0, {'J01': -6.0}, {'J01': 3}, {'J01': 6}, 
5080.0, {'J01': -5.0}, {'J01': 2}, {'J01': 5}, 
5085.0, {'J01': -4.0}, {'J01': 2}, {'J01': 4}, 
5090.0, {'J01': -3.0}, {'J01': 1}, {'J01': 3}, 
5095.0, {'J01': -4.0}, {'J01': 4}, {'J01': 4}, 
5100.0, {'J01': -5.0}, {'J01': 3}, {'J01': 5}, 
5105.0, {'J01': -7.0}, {'J01': 4}, {'J01': 7}, 
5110.0, {'J01': -7.0}, {'J01': 4}, {'J01': 7}, 
5115.0, {'J01': -6.0}, {'J01': 4}, {'J01': 6}, 
5120.0, {'J01': -5.0}, {'J01': 3}, {'J01': 5}, 
5125.0, {'J01': -4.0}, {'J01': 3}, {'J01': 4}, 
5130.0, {'J01': -8.0}, {'J01': 4}, {'J01': 8}, 
5135.0, {'J01': -14.0}, {'J01': 7}, {'J01': 14}, 
5140.0, {'J01': -16.0}, {'J01': 8}, {'J01': 16}, 
5145.0, {'J01': -15.0}, {'J01': 7}, {'J01': 15}, 
5150.0, {'J01': -13.0}, {'J01': 5}, {'J01': 13}, 
5155.0, {'J01': -10.0}, {'J01': 4}, {'J01': 10}, 
5160.0, {'J01': -7.0}, {'J01': 3}, {'J01': 7}, 
5165.0, {'J01': -6.0}, {'J01': 3}, {'J01': 6}, 
5170.0, {'J01': -7.0}, {'J01': 3}, {'J01': 7}, 
5175.0, {'J01': -5.0}, {'J01': 2}, {'J01': 5}, 
5180.0, {'J01': -4.0}, {'J01': 1}, {'J01': 4}, 
5185.0, {'J01': -3.0}, {'J01': 1}, {'J01': 3}, 
5190.0, {'J01': -5.0}, {'J01': 2}, {'J01': 5}, 
5195.0, {'J01': -4.0}, {'J01': 2}, {'J01': 4}, 
5200.0, {'J01': -7.0}, {'J01': 2}, {'J01': 7}, 
5205.0, {'J01': -4.0}, {'J01': 2}, {'J01': 4}, 
5210.0, {'J01': -8.0}, {'J01': 3}, {'J01': 8}, 
5215.0, {'J01': -14.0}, {'J01': 7}, {'J01': 14}, 
5220.0, {'J01': -15.0}, {'J01': 7}, {'J01': 15}, 
5225.0, {'J01': -16.0}, {'J01': 6}, {'J01': 16}, 
5230.0, {'J01': -14.0}, {'J01': 5}, {'J01': 14}, 
5235.0, {'J01': -11.0}, {'J01': 4}, {'J01': 11}, 
5240.0, {'J01': -9.0}, {'J01': 3}, {'J01': 9}, 
5245.0, {'J01': -7.0}, {'J01': 4}, {'J01': 7}, 
5250.0, {'J01': -11.0}, {'J01': 6}, {'J01': 11}, 
5255.0, {'J01': -12.0}, {'J01': 5}, {'J01': 12}, 
5260.0, {'J01': -9.0}, {'J01': 4}, {'J01': 9}, 
5265.0, {'J01': -5.0}, {'J01': 4}, {'J01': 5}, 
5270.0, {'J01': -6.0}, {'J01': 3}, {'J01': 6}, 
5275.0, {'J01': -7.0}, {'J01': 3}, {'J01': 7}, 
5280.0, {'J01': -13.0}, {'J01': 6}, {'J01': 13}, 
5285.0, {'J01': -16.0}, {'J01': 7}, {'J01': 16}, 
5290.0, {'J01': -12.0}, {'J01': 4}, {'J01': 12}, 
5295.0, {'J01': -8.0}, {'J01': 4}, {'J01': 8}, 
5300.0, {'J01': -4.0}, {'J01': 4}, {'J01': 4}, 
5305.0, {'J01': -4.0}, {'J01': 2}, {'J01': 4}, 
5310.0, {'J01': -5.0}, {'J01': 3}, {'J01': 5}, 
5315.0, {'J01': -6.0}, {'J01': 3}, {'J01': 6}, 
5320.0, {'J01': -5.0}, {'J01': 3}, {'J01': 5}, 
5325.0, {'J01': -4.0}, {'J01': 2}, {'J01': 4}, 
5330.0, {'J01': -4.0}, {'J01': 2}, {'J01': 4}, 
5335.0, {'J01': -4.0}, {'J01': 1}, {'J01': 4}, 
5340.0, {'J01': -3.0}, {'J01': 1}, {'J01': 3}, 
5345.0, {'J01': -6.0}, {'J01': 2}, {'J01': 6}, 
5350.0, {'J01': -3.0}, {'J01': 1}, {'J01': 3}, 
5355.0, {'J01': -2.0}, {'J01': 1}, {'J01': 2}, 
5360.0, {'J01': -3.0}, {'J01': 1}, {'J01': 3}, 
5365.0, {'J01': -4.0}, {'J01': 1}, {'J01': 4}, 
5370.0, {'J01': -3.0}, {'J01': 1}, {'J01': 3}, 
5375.0, {'J01': -5.0}, {'J01': 2}, {'J01': 5}, 
5380.0, {'J01': -4.0}, {'J01': 2}, {'J01': 4}, 
5385.0, {'J01': -10.0}, {'J01': 4}, {'J01': 10}, 
5390.0, {'J01': -14.0}, {'J01': 7}, {'J01': 14}, 
5395.0, {'J01': -15.0}, {'J01': 7}, {'J01': 15}, 
5400.0, {'J01': -16.0}, {'J01': 6}, {'J01': 16}, 
