5.0, {'J10': 0, 'J11': 0, 'J12': 0, 'J13': 0, 'cluster3106249630_3106249631_J60_J61_#5more': 0}, {'J10': 0, 'J11': 0, 'J12': 0, 'J13': 0, 'cluster3106249630_3106249631_J60_J61_#5more': 0}, {'J10': 0, 'J11': 0, 'J12': 0, 'J13': 0, 'cluster3106249630_3106249631_J60_J61_#5more': 0}, 
10.0, {'J10': 0, 'J11': 0, 'J12': 0, 'J13': 0, 'cluster3106249630_3106249631_J60_J61_#5more': 0}, {'J10': 0, 'J11': 0, 'J12': 0, 'J13': 0, 'cluster3106249630_3106249631_J60_J61_#5more': 0}, {'J10': 0, 'J11': 0, 'J12': 0, 'J13': 0, 'cluster3106249630_3106249631_J60_J61_#5more': 0}, 
15.0, {'J10': 0, 'J11': -4.0, 'J12': -0.5, 'J13': 0, 'cluster3106249630_3106249631_J60_J61_#5more': -5.5}, {'J10': 0, 'J11': 1, 'J12': 1, 'J13': 0, 'cluster3106249630_3106249631_J60_J61_#5more': 1}, {'J10': 0, 'J11': 1, 'J12': 1, 'J13': 0, 'cluster3106249630_3106249631_J60_J61_#5more': 2}, 
20.0, {'J10': 0, 'J11': -14.0, 'J12': -10.5, 'J13': 0, 'cluster3106249630_3106249631_J60_J61_#5more': 0}, {'J10': 0, 'J11': 1, 'J12': 1, 'J13': 0, 'cluster3106249630_3106249631_J60_J61_#5more': 0}, {'J10': 0, 'J11': 1, 'J12': 1, 'J13': 0, 'cluster3106249630_3106249631_J60_J61_#5more': 0}, 
25.0, {'J10': -1.5, 'J11': -27.5, 'J12': -1.0, 'J13': -11.0, 'cluster3106249630_3106249631_J60_J61_#5more': 0}, {'J10': 1, 'J11': 2, 'J12': 1, 'J13': 2, 'cluster3106249630_3106249631_J60_J61_#5more': 0}, {'J10': 1, 'J11': 3, 'J12': 1, 'J13': 3, 'cluster3106249630_3106249631_J60_J61_#5more': 0}, 
30.0, {'J10': -11.5, 'J11': -57.5, 'J12': 0, 'J13': -47.0, 'cluster3106249630_3106249631_J60_J61_#5more': -0.5}, {'J10': 1, 'J11': 2, 'J12': 0, 'J13': 3, 'cluster3106249630_3106249631_J60_J61_#5more': 1}, {'J10': 1, 'J11': 3, 'J12': 0, 'J13': 6, 'cluster3106249630_3106249631_J60_J61_#5more': 1}, 
35.0, {'J10': -24.0, 'J11': -87.5, 'J12': -1.0, 'J13': -115.5, 'cluster3106249630_3106249631_J60_J61_#5more': -12.5}, {'J10': 1, 'J11': 2, 'J12': 1, 'J13': 4, 'cluster3106249630_3106249631_J60_J61_#5more': 1}, {'J10': 2, 'J11': 3, 'J12': 1, 'J13': 9, 'cluster3106249630_3106249631_J60_J61_#5more': 3}, 
40.0, {'J10': -44.0, 'J11': -117.5, 'J12': -11.0, 'J13': -216.5, 'cluster3106249630_3106249631_J60_J61_#5more': 0}, {'J10': 1, 'J11': 2, 'J12': 1, 'J13': 6, 'cluster3106249630_3106249631_J60_J61_#5more': 0}, {'J10': 2, 'J11': 3, 'J12': 1, 'J13': 12, 'cluster3106249630_3106249631_J60_J61_#5more': 0}, 
45.0, {'J10': -64.0, 'J11': -147.5, 'J12': -24.5, 'J13': -338.0, 'cluster3106249630_3106249631_J60_J61_#5more': -3.0}, {'J10': 1, 'J11': 2, 'J12': 2, 'J13': 7, 'cluster3106249630_3106249631_J60_J61_#5more': 1}, {'J10': 2, 'J11': 3, 'J12': 3, 'J13': 13, 'cluster3106249630_3106249631_J60_J61_#5more': 2}, 
50.0, {'J10': -88.5, 'J11': -177.5, 'J12': -51.5, 'J13': -468.0, 'cluster3106249630_3106249631_J60_J61_#5more': -32.5}, {'J10': 2, 'J11': 2, 'J12': 2, 'J13': 7, 'cluster3106249630_3106249631_J60_J61_#5more': 2}, {'J10': 4, 'J11': 3, 'J12': 4, 'J13': 13, 'cluster3106249630_3106249631_J60_J61_#5more': 5}, 
55.0, {'J10': -133.5, 'J11': -207.5, 'J12': -82.0, 'J13': -602.5, 'cluster3106249630_3106249631_J60_J61_#5more': -25.0}, {'J10': 3, 'J11': 2, 'J12': 3, 'J13': 7, 'cluster3106249630_3106249631_J60_J61_#5more': 1}, {'J10': 5, 'J11': 3, 'J12': 5, 'J13': 14, 'cluster3106249630_3106249631_J60_J61_#5more': 2}, 
60.0, {'J10': -62.5, 'J11': -240.0, 'J12': -113.0, 'J13': -742.5, 'cluster3106249630_3106249631_J60_J61_#5more': -23.0}, {'J10': 2, 'J11': 2, 'J12': 3, 'J13': 7, 'cluster3106249630_3106249631_J60_J61_#5more': 1}, {'J10': 4, 'J11': 4, 'J12': 6, 'J13': 14, 'cluster3106249630_3106249631_J60_J61_#5more': 2}, 
65.0, {'J10': -13.0, 'J11': -280.0, 'J12': -53.5, 'J13': -888.0, 'cluster3106249630_3106249631_J60_J61_#5more': -52.5}, {'J10': 1, 'J11': 2, 'J12': 4, 'J13': 7, 'cluster3106249630_3106249631_J60_J61_#5more': 2}, {'J10': 1, 'J11': 4, 'J12': 7, 'J13': 16, 'cluster3106249630_3106249631_J60_J61_#5more': 5}, 
70.0, {'J10': -24.5, 'J11': -320.0, 'J12': -104.5, 'J13': -1058.0, 'cluster3106249630_3106249631_J60_J61_#5more': -74.0}, {'J10': 2, 'J11': 2, 'J12': 5, 'J13': 9, 'cluster3106249630_3106249631_J60_J61_#5more': 5}, {'J10': 2, 'J11': 4, 'J12': 7, 'J13': 19, 'cluster3106249630_3106249631_J60_J61_#5more': 11}, 
75.0, {'J10': 0, 'J11': -361.5, 'J12': -72.0, 'J13': -844.0, 'cluster3106249630_3106249631_J60_J61_#5more': -192.5}, {'J10': 0, 'J11': 3, 'J12': 3, 'J13': 7, 'cluster3106249630_3106249631_J60_J61_#5more': 6}, {'J10': 0, 'J11': 5, 'J12': 5, 'J13': 16, 'cluster3106249630_3106249631_J60_J61_#5more': 15}, 
80.0, {'J10': 0, 'J11': -411.5, 'J12': -62.0, 'J13': -726.0, 'cluster3106249630_3106249631_J60_J61_#5more': -365.0}, {'J10': 0, 'J11': 3, 'J12': 2, 'J13': 7, 'cluster3106249630_3106249631_J60_J61_#5more': 8}, {'J10': 0, 'J11': 5, 'J12': 4, 'J13': 13, 'cluster3106249630_3106249631_J60_J61_#5more': 23}, 
85.0, {'J10': -2.5, 'J11': -464.0, 'J12': -114.0, 'J13': -863.5, 'cluster3106249630_3106249631_J60_J61_#5more': -604.0}, {'J10': 1, 'J11': 4, 'J12': 5, 'J13': 8, 'cluster3106249630_3106249631_J60_J61_#5more': 10}, {'J10': 1, 'J11': 6, 'J12': 8, 'J13': 15, 'cluster3106249630_3106249631_J60_J61_#5more': 27}, 
90.0, {'J10': -12.5, 'J11': -524.0, 'J12': -196.5, 'J13': -1016.0, 'cluster3106249630_3106249631_J60_J61_#5more': -886.0}, {'J10': 1, 'J11': 4, 'J12': 7, 'J13': 8, 'cluster3106249630_3106249631_J60_J61_#5more': 12}, {'J10': 1, 'J11': 6, 'J12': 10, 'J13': 17, 'cluster3106249630_3106249631_J60_J61_#5more': 30}, 
95.0, {'J10': -22.5, 'J11': -586.5, 'J12': -300.5, 'J13': -1187.5, 'cluster3106249630_3106249631_J60_J61_#5more': -1189.5}, {'J10': 1, 'J11': 5, 'J12': 8, 'J13': 9, 'cluster3106249630_3106249631_J60_J61_#5more': 14}, {'J10': 1, 'J11': 7, 'J12': 11, 'J13': 18, 'cluster3106249630_3106249631_J60_J61_#5more': 32}, 
100.0, {'J10': -32.5, 'J11': -656.5, 'J12': -415.5, 'J13': -1372.0, 'cluster3106249630_3106249631_J60_J61_#5more': -1513.5}, {'J10': 1, 'J11': 5, 'J12': 9, 'J13': 10, 'cluster3106249630_3106249631_J60_J61_#5more': 15}, {'J10': 1, 'J11': 7, 'J12': 14, 'J13': 19, 'cluster3106249630_3106249631_J60_J61_#5more': 34}, 
105.0, {'J10': 0, 'J11': -726.5, 'J12': -560.5, 'J13': -1564.0, 'cluster3106249630_3106249631_J60_J61_#5more': -1853.5}, {'J10': 0, 'J11': 5, 'J12': 10, 'J13': 11, 'cluster3106249630_3106249631_J60_J61_#5more': 15}, {'J10': 0, 'J11': 7, 'J12': 15, 'J13': 21, 'cluster3106249630_3106249631_J60_J61_#5more': 34}, 
110.0, {'J10': 0, 'J11': -800.5, 'J12': -710.5, 'J13': -1778.0, 'cluster3106249630_3106249631_J60_J61_#5more': -2193.5}, {'J10': 0, 'J11': 6, 'J12': 10, 'J13': 12, 'cluster3106249630_3106249631_J60_J61_#5more': 15}, {'J10': 0, 'J11': 8, 'J12': 15, 'J13': 22, 'cluster3106249630_3106249631_J60_J61_#5more': 34}, 
115.0, {'J10': 0, 'J11': -880.5, 'J12': -861.0, 'J13': -2002.5, 'cluster3106249630_3106249631_J60_J61_#5more': -2537.5}, {'J10': 0, 'J11': 6, 'J12': 10, 'J13': 14, 'cluster3106249630_3106249631_J60_J61_#5more': 16}, {'J10': 0, 'J11': 8, 'J12': 16, 'J13': 24, 'cluster3106249630_3106249631_J60_J61_#5more': 35}, 
120.0, {'J10': -3.0, 'J11': -960.5, 'J12': -1030.0, 'J13': -2242.5, 'cluster3106249630_3106249631_J60_J61_#5more': -2722.0}, {'J10': 1, 'J11': 6, 'J12': 12, 'J13': 14, 'cluster3106249630_3106249631_J60_J61_#5more': 18}, {'J10': 1, 'J11': 8, 'J12': 19, 'J13': 24, 'cluster3106249630_3106249631_J60_J61_#5more': 35}, 
125.0, {'J10': -13.0, 'J11': -1040.5, 'J12': -1130.0, 'J13': -2485.5, 'cluster3106249630_3106249631_J60_J61_#5more': -3020.5}, {'J10': 1, 'J11': 6, 'J12': 12, 'J13': 15, 'cluster3106249630_3106249631_J60_J61_#5more': 19}, {'J10': 1, 'J11': 8, 'J12': 24, 'J13': 25, 'cluster3106249630_3106249631_J60_J61_#5more': 35}, 
130.0, {'J10': -23.0, 'J11': -1128.0, 'J12': -1270.5, 'J13': -2740.0, 'cluster3106249630_3106249631_J60_J61_#5more': -3269.5}, {'J10': 1, 'J11': 8, 'J12': 12, 'J13': 16, 'cluster3106249630_3106249631_J60_J61_#5more': 19}, {'J10': 1, 'J11': 10, 'J12': 24, 'J13': 26, 'cluster3106249630_3106249631_J60_J61_#5more': 35}, 
135.0, {'J10': -33.0, 'J11': -1233.0, 'J12': -1189.0, 'J13': -3000.0, 'cluster3106249630_3106249631_J60_J61_#5more': -3625.0}, {'J10': 1, 'J11': 8, 'J12': 10, 'J13': 16, 'cluster3106249630_3106249631_J60_J61_#5more': 19}, {'J10': 1, 'J11': 11, 'J12': 23, 'J13': 26, 'cluster3106249630_3106249631_J60_J61_#5more': 37}, 
140.0, {'J10': -1.0, 'J11': -1343.0, 'J12': -1136.0, 'J13': -2023.5, 'cluster3106249630_3106249631_J60_J61_#5more': -4005.5}, {'J10': 1, 'J11': 8, 'J12': 8, 'J13': 12, 'cluster3106249630_3106249631_J60_J61_#5more': 21}, {'J10': 1, 'J11': 11, 'J12': 22, 'J13': 19, 'cluster3106249630_3106249631_J60_J61_#5more': 40}, 
145.0, {'J10': 0, 'J11': -1462.0, 'J12': -1365.5, 'J13': -1999.5, 'cluster3106249630_3106249631_J60_J61_#5more': -4353.5}, {'J10': 0, 'J11': 9, 'J12': 8, 'J13': 12, 'cluster3106249630_3106249631_J60_J61_#5more': 22}, {'J10': 0, 'J11': 13, 'J12': 27, 'J13': 18, 'cluster3106249630_3106249631_J60_J61_#5more': 39}, 
150.0, {'J10': 0, 'J11': -1592.0, 'J12': -1659.0, 'J13': -2179.5, 'cluster3106249630_3106249631_J60_J61_#5more': -4721.5}, {'J10': 0, 'J11': 9, 'J12': 11, 'J13': 12, 'cluster3106249630_3106249631_J60_J61_#5more': 23}, {'J10': 0, 'J11': 13, 'J12': 34, 'J13': 18, 'cluster3106249630_3106249631_J60_J61_#5more': 40}, 
155.0, {'J10': 0, 'J11': -1727.0, 'J12': -2007.0, 'J13': -2366.0, 'cluster3106249630_3106249631_J60_J61_#5more': -5129.5}, {'J10': 0, 'J11': 10, 'J12': 13, 'J13': 13, 'cluster3106249630_3106249631_J60_J61_#5more': 26}, {'J10': 0, 'J11': 14, 'J12': 39, 'J13': 21, 'cluster3106249630_3106249631_J60_J61_#5more': 43}, 
160.0, {'J10': 0, 'J11': -1867.5, 'J12': -1986.0, 'J13': -2579.0, 'cluster3106249630_3106249631_J60_J61_#5more': -5407.5}, {'J10': 0, 'J11': 10, 'J12': 15, 'J13': 15, 'cluster3106249630_3106249631_J60_J61_#5more': 29}, {'J10': 0, 'J11': 15, 'J12': 39, 'J13': 23, 'cluster3106249630_3106249631_J60_J61_#5more': 45}, 
165.0, {'J10': 0, 'J11': -2017.5, 'J12': -2015.0, 'J13': -2814.5, 'cluster3106249630_3106249631_J60_J61_#5more': -5687.5}, {'J10': 0, 'J11': 10, 'J12': 16, 'J13': 15, 'cluster3106249630_3106249631_J60_J61_#5more': 30}, {'J10': 0, 'J11': 15, 'J12': 37, 'J13': 25, 'cluster3106249630_3106249631_J60_J61_#5more': 45}, 
170.0, {'J10': 0, 'J11': -2167.5, 'J12': -1718.0, 'J13': -3066.0, 'cluster3106249630_3106249631_J60_J61_#5more': -6148.0}, {'J10': 0, 'J11': 10, 'J12': 14, 'J13': 16, 'cluster3106249630_3106249631_J60_J61_#5more': 32}, {'J10': 0, 'J11': 15, 'J12': 33, 'J13': 26, 'cluster3106249630_3106249631_J60_J61_#5more': 48}, 
175.0, {'J10': -2.0, 'J11': -2319.5, 'J12': -1835.0, 'J13': -3334.0, 'cluster3106249630_3106249631_J60_J61_#5more': -6639.0}, {'J10': 1, 'J11': 11, 'J12': 14, 'J13': 19, 'cluster3106249630_3106249631_J60_J61_#5more': 34}, {'J10': 1, 'J11': 16, 'J12': 30, 'J13': 29, 'cluster3106249630_3106249631_J60_J61_#5more': 51}, 
180.0, {'J10': -12.0, 'J11': -2479.5, 'J12': -2047.5, 'J13': -3626.5, 'cluster3106249630_3106249631_J60_J61_#5more': -7154.0}, {'J10': 1, 'J11': 11, 'J12': 14, 'J13': 20, 'cluster3106249630_3106249631_J60_J61_#5more': 34}, {'J10': 1, 'J11': 16, 'J12': 31, 'J13': 30, 'cluster3106249630_3106249631_J60_J61_#5more': 53}, 
185.0, {'J10': -22.0, 'J11': -2643.5, 'J12': -2269.5, 'J13': -3927.0, 'cluster3106249630_3106249631_J60_J61_#5more': -7653.0}, {'J10': 1, 'J11': 11, 'J12': 15, 'J13': 21, 'cluster3106249630_3106249631_J60_J61_#5more': 34}, {'J10': 1, 'J11': 17, 'J12': 30, 'J13': 31, 'cluster3106249630_3106249631_J60_J61_#5more': 53}, 
190.0, {'J10': -32.0, 'J11': -2816.5, 'J12': -2574.0, 'J13': -4237.0, 'cluster3106249630_3106249631_J60_J61_#5more': -8153.0}, {'J10': 1, 'J11': 12, 'J12': 15, 'J13': 21, 'cluster3106249630_3106249631_J60_J61_#5more': 35}, {'J10': 1, 'J11': 18, 'J12': 32, 'J13': 31, 'cluster3106249630_3106249631_J60_J61_#5more': 54}, 
195.0, {'J10': -42.0, 'J11': -2997.0, 'J12': -2904.5, 'J13': -4552.0, 'cluster3106249630_3106249631_J60_J61_#5more': -8577.0}, {'J10': 1, 'J11': 12, 'J12': 16, 'J13': 22, 'cluster3106249630_3106249631_J60_J61_#5more': 36}, {'J10': 1, 'J11': 19, 'J12': 36, 'J13': 33, 'cluster3106249630_3106249631_J60_J61_#5more': 55}, 
200.0, {'J10': -52.0, 'J11': -3188.5, 'J12': -3229.0, 'J13': -4884.0, 'cluster3106249630_3106249631_J60_J61_#5more': -9127.0}, {'J10': 1, 'J11': 12, 'J12': 17, 'J13': 23, 'cluster3106249630_3106249631_J60_J61_#5more': 36}, {'J10': 1, 'J11': 20, 'J12': 42, 'J13': 34, 'cluster3106249630_3106249631_J60_J61_#5more': 55}, 
205.0, {'J10': -3.5, 'J11': -3388.5, 'J12': -3650.0, 'J13': -4150.0, 'cluster3106249630_3106249631_J60_J61_#5more': -9609.0}, {'J10': 1, 'J11': 12, 'J12': 17, 'J13': 24, 'cluster3106249630_3106249631_J60_J61_#5more': 36}, {'J10': 2, 'J11': 20, 'J12': 46, 'J13': 34, 'cluster3106249630_3106249631_J60_J61_#5more': 54}, 
210.0, {'J10': -12.0, 'J11': -3588.5, 'J12': -4072.0, 'J13': -3632.5, 'cluster3106249630_3106249631_J60_J61_#5more': -9933.0}, {'J10': 2, 'J11': 12, 'J12': 18, 'J13': 22, 'cluster3106249630_3106249631_J60_J61_#5more': 36}, {'J10': 2, 'J11': 20, 'J12': 47, 'J13': 31, 'cluster3106249630_3106249631_J60_J61_#5more': 51}, 
215.0, {'J10': 0, 'J11': -3792.5, 'J12': -4444.0, 'J13': -3942.5, 'cluster3106249630_3106249631_J60_J61_#5more': -10443.0}, {'J10': 0, 'J11': 12, 'J12': 18, 'J13': 22, 'cluster3106249630_3106249631_J60_J61_#5more': 36}, {'J10': 0, 'J11': 21, 'J12': 43, 'J13': 31, 'cluster3106249630_3106249631_J60_J61_#5more': 51}, 
220.0, {'J10': 0, 'J11': -4006.0, 'J12': -4453.5, 'J13': -4256.0, 'cluster3106249630_3106249631_J60_J61_#5more': -10955.0}, {'J10': 0, 'J11': 13, 'J12': 19, 'J13': 22, 'cluster3106249630_3106249631_J60_J61_#5more': 36}, {'J10': 0, 'J11': 22, 'J12': 43, 'J13': 33, 'cluster3106249630_3106249631_J60_J61_#5more': 53}, 
225.0, {'J10': 0, 'J11': -4226.0, 'J12': -4889.0, 'J13': -4586.0, 'cluster3106249630_3106249631_J60_J61_#5more': -11394.0}, {'J10': 0, 'J11': 13, 'J12': 19, 'J13': 22, 'cluster3106249630_3106249631_J60_J61_#5more': 36}, {'J10': 0, 'J11': 22, 'J12': 46, 'J13': 33, 'cluster3106249630_3106249631_J60_J61_#5more': 52}, 
230.0, {'J10': 0, 'J11': -4447.5, 'J12': -5250.5, 'J13': -4916.0, 'cluster3106249630_3106249631_J60_J61_#5more': -11861.5}, {'J10': 0, 'J11': 14, 'J12': 20, 'J13': 22, 'cluster3106249630_3106249631_J60_J61_#5more': 36}, {'J10': 0, 'J11': 24, 'J12': 51, 'J13': 33, 'cluster3106249630_3106249631_J60_J61_#5more': 52}, 
235.0, {'J10': 0, 'J11': -4687.5, 'J12': -5678.0, 'J13': -5246.0, 'cluster3106249630_3106249631_J60_J61_#5more': -12381.5}, {'J10': 0, 'J11': 14, 'J12': 20, 'J13': 22, 'cluster3106249630_3106249631_J60_J61_#5more': 36}, {'J10': 0, 'J11': 24, 'J12': 49, 'J13': 33, 'cluster3106249630_3106249631_J60_J61_#5more': 52}, 
240.0, {'J10': -2.0, 'J11': -4930.5, 'J12': -6093.0, 'J13': -5576.0, 'cluster3106249630_3106249631_J60_J61_#5more': -12901.5}, {'J10': 1, 'J11': 14, 'J12': 20, 'J13': 22, 'cluster3106249630_3106249631_J60_J61_#5more': 36}, {'J10': 1, 'J11': 25, 'J12': 50, 'J13': 33, 'cluster3106249630_3106249631_J60_J61_#5more': 52}, 
245.0, {'J10': -12.0, 'J11': -5180.5, 'J12': -6451.0, 'J13': -5914.5, 'cluster3106249630_3106249631_J60_J61_#5more': -13428.0}, {'J10': 1, 'J11': 14, 'J12': 20, 'J13': 25, 'cluster3106249630_3106249631_J60_J61_#5more': 36}, {'J10': 1, 'J11': 25, 'J12': 53, 'J13': 36, 'cluster3106249630_3106249631_J60_J61_#5more': 54}, 
250.0, {'J10': -22.0, 'J11': -5430.5, 'J12': -6869.0, 'J13': -6279.5, 'cluster3106249630_3106249631_J60_J61_#5more': -13927.0}, {'J10': 1, 'J11': 14, 'J12': 20, 'J13': 27, 'cluster3106249630_3106249631_J60_J61_#5more': 36}, {'J10': 1, 'J11': 25, 'J12': 56, 'J13': 38, 'cluster3106249630_3106249631_J60_J61_#5more': 54}, 
255.0, {'J10': -32.0, 'J11': -5680.5, 'J12': -7389.5, 'J13': -6660.0, 'cluster3106249630_3106249631_J60_J61_#5more': -14327.0}, {'J10': 1, 'J11': 14, 'J12': 20, 'J13': 28, 'cluster3106249630_3106249631_J60_J61_#5more': 36}, {'J10': 1, 'J11': 25, 'J12': 58, 'J13': 39, 'cluster3106249630_3106249631_J60_J61_#5more': 53}, 
260.0, {'J10': -42.0, 'J11': -5935.5, 'J12': -7651.5, 'J13': -7050.0, 'cluster3106249630_3106249631_J60_J61_#5more': -14858.5}, {'J10': 1, 'J11': 14, 'J12': 20, 'J13': 28, 'cluster3106249630_3106249631_J60_J61_#5more': 36}, {'J10': 1, 'J11': 26, 'J12': 52, 'J13': 39, 'cluster3106249630_3106249631_J60_J61_#5more': 54}, 
265.0, {'J10': -52.0, 'J11': -6195.5, 'J12': -7377.0, 'J13': -7440.0, 'cluster3106249630_3106249631_J60_J61_#5more': -15355.5}, {'J10': 1, 'J11': 14, 'J12': 20, 'J13': 28, 'cluster3106249630_3106249631_J60_J61_#5more': 36}, {'J10': 1, 'J11': 26, 'J12': 47, 'J13': 39, 'cluster3106249630_3106249631_J60_J61_#5more': 54}, 
270.0, {'J10': -2.0, 'J11': -6457.0, 'J12': -6908.0, 'J13': -6168.0, 'cluster3106249630_3106249631_J60_J61_#5more': -15843.0}, {'J10': 1, 'J11': 14, 'J12': 19, 'J13': 26, 'cluster3106249630_3106249631_J60_J61_#5more': 36}, {'J10': 2, 'J11': 27, 'J12': 45, 'J13': 34, 'cluster3106249630_3106249631_J60_J61_#5more': 53}, 
275.0, {'J10': -11.5, 'J11': -6727.0, 'J12': -7191.5, 'J13': -5598.0, 'cluster3106249630_3106249631_J60_J61_#5more': -16373.0}, {'J10': 1, 'J11': 14, 'J12': 19, 'J13': 24, 'cluster3106249630_3106249631_J60_J61_#5more': 36}, {'J10': 1, 'J11': 27, 'J12': 41, 'J13': 31, 'cluster3106249630_3106249631_J60_J61_#5more': 53}, 
280.0, {'J10': 0, 'J11': -7001.0, 'J12': -6101.5, 'J13': -5908.0, 'cluster3106249630_3106249631_J60_J61_#5more': -16903.0}, {'J10': 0, 'J11': 14, 'J12': 16, 'J13': 24, 'cluster3106249630_3106249631_J60_J61_#5more': 36}, {'J10': 0, 'J11': 28, 'J12': 36, 'J13': 31, 'cluster3106249630_3106249631_J60_J61_#5more': 53}, 
285.0, {'J10': 0, 'J11': -7281.0, 'J12': -6036.0, 'J13': -6221.0, 'cluster3106249630_3106249631_J60_J61_#5more': -17207.0}, {'J10': 0, 'J11': 14, 'J12': 17, 'J13': 24, 'cluster3106249630_3106249631_J60_J61_#5more': 36}, {'J10': 0, 'J11': 28, 'J12': 36, 'J13': 33, 'cluster3106249630_3106249631_J60_J61_#5more': 49}, 
290.0, {'J10': 0, 'J11': -7561.0, 'J12': -6374.0, 'J13': -6554.0, 'cluster3106249630_3106249631_J60_J61_#5more': -17697.0}, {'J10': 0, 'J11': 14, 'J12': 17, 'J13': 24, 'cluster3106249630_3106249631_J60_J61_#5more': 36}, {'J10': 0, 'J11': 28, 'J12': 42, 'J13': 34, 'cluster3106249630_3106249631_J60_J61_#5more': 49}, 
295.0, {'J10': 0, 'J11': -7846.0, 'J12': -6701.5, 'J13': -6904.0, 'cluster3106249630_3106249631_J60_J61_#5more': -18196.5}, {'J10': 0, 'J11': 14, 'J12': 19, 'J13': 28, 'cluster3106249630_3106249631_J60_J61_#5more': 36}, {'J10': 0, 'J11': 29, 'J12': 41, 'J13': 38, 'cluster3106249630_3106249631_J60_J61_#5more': 52}, 
300.0, {'J10': 0, 'J11': -8136.0, 'J12': -7100.0, 'J13': -7284.0, 'cluster3106249630_3106249631_J60_J61_#5more': -18717.0}, {'J10': 0, 'J11': 14, 'J12': 22, 'J13': 28, 'cluster3106249630_3106249631_J60_J61_#5more': 36}, {'J10': 0, 'J11': 29, 'J12': 45, 'J13': 38, 'cluster3106249630_3106249631_J60_J61_#5more': 53}, 
305.0, {'J10': 0, 'J11': -8431.0, 'J12': -7570.0, 'J13': -7664.0, 'cluster3106249630_3106249631_J60_J61_#5more': -19247.0}, {'J10': 0, 'J11': 14, 'J12': 22, 'J13': 28, 'cluster3106249630_3106249631_J60_J61_#5more': 36}, {'J10': 0, 'J11': 30, 'J12': 51, 'J13': 38, 'cluster3106249630_3106249631_J60_J61_#5more': 53}, 
310.0, {'J10': 0, 'J11': -8731.0, 'J12': -8073.5, 'J13': -8044.0, 'cluster3106249630_3106249631_J60_J61_#5more': -19781.0}, {'J10': 0, 'J11': 14, 'J12': 22, 'J13': 28, 'cluster3106249630_3106249631_J60_J61_#5more': 36}, {'J10': 0, 'J11': 30, 'J12': 53, 'J13': 38, 'cluster3106249630_3106249631_J60_J61_#5more': 54}, 
315.0, {'J10': 0, 'J11': -9031.0, 'J12': -8013.5, 'J13': -8424.0, 'cluster3106249630_3106249631_J60_J61_#5more': -20307.0}, {'J10': 0, 'J11': 14, 'J12': 22, 'J13': 28, 'cluster3106249630_3106249631_J60_J61_#5more': 36}, {'J10': 0, 'J11': 30, 'J12': 52, 'J13': 38, 'cluster3106249630_3106249631_J60_J61_#5more': 53}, 
320.0, {'J10': 0, 'J11': -9334.5, 'J12': -8361.5, 'J13': -8804.0, 'cluster3106249630_3106249631_J60_J61_#5more': -20785.0}, {'J10': 0, 'J11': 15, 'J12': 22, 'J13': 28, 'cluster3106249630_3106249631_J60_J61_#5more': 36}, {'J10': 0, 'J11': 31, 'J12': 52, 'J13': 38, 'cluster3106249630_3106249631_J60_J61_#5more': 53}, 
325.0, {'J10': -3.0, 'J11': -9644.5, 'J12': -8631.0, 'J13': -9184.0, 'cluster3106249630_3106249631_J60_J61_#5more': -21319.0}, {'J10': 1, 'J11': 15, 'J12': 22, 'J13': 28, 'cluster3106249630_3106249631_J60_J61_#5more': 36}, {'J10': 1, 'J11': 31, 'J12': 47, 'J13': 38, 'cluster3106249630_3106249631_J60_J61_#5more': 54}, 
330.0, {'J10': -13.0, 'J11': -9954.5, 'J12': -8322.0, 'J13': -9564.0, 'cluster3106249630_3106249631_J60_J61_#5more': -21713.5}, {'J10': 1, 'J11': 15, 'J12': 22, 'J13': 28, 'cluster3106249630_3106249631_J60_J61_#5more': 36}, {'J10': 1, 'J11': 31, 'J12': 50, 'J13': 38, 'cluster3106249630_3106249631_J60_J61_#5more': 52}, 
335.0, {'J10': -23.0, 'J11': -10269.5, 'J12': -7829.5, 'J13': -8147.5, 'cluster3106249630_3106249631_J60_J61_#5more': -22177.5}, {'J10': 1, 'J11': 16, 'J12': 21, 'J13': 25, 'cluster3106249630_3106249631_J60_J61_#5more': 36}, {'J10': 1, 'J11': 33, 'J12': 44, 'J13': 35, 'cluster3106249630_3106249631_J60_J61_#5more': 50}, 
340.0, {'J10': -37.5, 'J11': -10587.5, 'J12': -7865.0, 'J13': -8062.5, 'cluster3106249630_3106249631_J60_J61_#5more': -22597.0}, {'J10': 1, 'J11': 16, 'J12': 20, 'J13': 24, 'cluster3106249630_3106249631_J60_J61_#5more': 36}, {'J10': 2, 'J11': 32, 'J12': 44, 'J13': 34, 'cluster3106249630_3106249631_J60_J61_#5more': 49}, 
345.0, {'J10': -61.5, 'J11': -10913.0, 'J12': -8135.0, 'J13': -8391.5, 'cluster3106249630_3106249631_J60_J61_#5more': -23090.5}, {'J10': 2, 'J11': 18, 'J12': 20, 'J13': 24, 'cluster3106249630_3106249631_J60_J61_#5more': 36}, {'J10': 3, 'J11': 34, 'J12': 45, 'J13': 33, 'cluster3106249630_3106249631_J60_J61_#5more': 51}, 
350.0, {'J10': -91.5, 'J11': -11253.0, 'J12': -8501.5, 'J13': -8724.5, 'cluster3106249630_3106249631_J60_J61_#5more': -23611.5}, {'J10': 2, 'J11': 18, 'J12': 20, 'J13': 24, 'cluster3106249630_3106249631_J60_J61_#5more': 36}, {'J10': 3, 'J11': 34, 'J12': 44, 'J13': 34, 'cluster3106249630_3106249631_J60_J61_#5more': 54}, 
355.0, {'J10': -25.0, 'J11': -11593.0, 'J12': -8894.5, 'J13': -9064.5, 'cluster3106249630_3106249631_J60_J61_#5more': -24151.5}, {'J10': 1, 'J11': 18, 'J12': 21, 'J13': 24, 'cluster3106249630_3106249631_J60_J61_#5more': 36}, {'J10': 2, 'J11': 34, 'J12': 45, 'J13': 34, 'cluster3106249630_3106249631_J60_J61_#5more': 54}, 
360.0, {'J10': -46.5, 'J11': -11938.0, 'J12': -9362.0, 'J13': -9414.0, 'cluster3106249630_3106249631_J60_J61_#5more': -24695.5}, {'J10': 2, 'J11': 19, 'J12': 21, 'J13': 27, 'cluster3106249630_3106249631_J60_J61_#5more': 36}, {'J10': 3, 'J11': 35, 'J12': 49, 'J13': 37, 'cluster3106249630_3106249631_J60_J61_#5more': 55}, 
365.0, {'J10': -53.5, 'J11': -12288.0, 'J12': -9860.0, 'J13': -9787.5, 'cluster3106249630_3106249631_J60_J61_#5more': -25250.5}, {'J10': 3, 'J11': 19, 'J12': 21, 'J13': 28, 'cluster3106249630_3106249631_J60_J61_#5more': 36}, {'J10': 5, 'J11': 35, 'J12': 52, 'J13': 38, 'cluster3106249630_3106249631_J60_J61_#5more': 57}, 
370.0, {'J10': -78.0, 'J11': -12638.0, 'J12': -10380.0, 'J13': -10172.5, 'cluster3106249630_3106249631_J60_J61_#5more': -25820.5}, {'J10': 3, 'J11': 19, 'J12': 21, 'J13': 28, 'cluster3106249630_3106249631_J60_J61_#5more': 36}, {'J10': 3, 'J11': 35, 'J12': 52, 'J13': 39, 'cluster3106249630_3106249631_J60_J61_#5more': 57}, 
375.0, {'J10': -22.0, 'J11': -12991.0, 'J12': -10900.0, 'J13': -10562.5, 'cluster3106249630_3106249631_J60_J61_#5more': -26390.5}, {'J10': 1, 'J11': 20, 'J12': 21, 'J13': 28, 'cluster3106249630_3106249631_J60_J61_#5more': 36}, {'J10': 2, 'J11': 36, 'J12': 52, 'J13': 39, 'cluster3106249630_3106249631_J60_J61_#5more': 57}, 
380.0, {'J10': -31.0, 'J11': -13356.0, 'J12': -11213.0, 'J13': -10952.5, 'cluster3106249630_3106249631_J60_J61_#5more': -26855.5}, {'J10': 1, 'J11': 21, 'J12': 21, 'J13': 28, 'cluster3106249630_3106249631_J60_J61_#5more': 36}, {'J10': 2, 'J11': 37, 'J12': 50, 'J13': 39, 'cluster3106249630_3106249631_J60_J61_#5more': 56}, 
385.0, {'J10': -40.5, 'J11': -13726.0, 'J12': -11444.5, 'J13': -11346.0, 'cluster3106249630_3106249631_J60_J61_#5more': -27336.0}, {'J10': 1, 'J11': 21, 'J12': 21, 'J13': 28, 'cluster3106249630_3106249631_J60_J61_#5more': 36}, {'J10': 1, 'J11': 37, 'J12': 47, 'J13': 40, 'cluster3106249630_3106249631_J60_J61_#5more': 57}, 
390.0, {'J10': -50.5, 'J11': -14098.0, 'J12': -11920.0, 'J13': -11746.0, 'cluster3106249630_3106249631_J60_J61_#5more': -27915.0}, {'J10': 1, 'J11': 22, 'J12': 21, 'J13': 28, 'cluster3106249630_3106249631_J60_J61_#5more': 36}, {'J10': 1, 'J11': 38, 'J12': 50, 'J13': 40, 'cluster3106249630_3106249631_J60_J61_#5more': 60}, 
395.0, {'J10': -64.5, 'J11': -14478.0, 'J12': -12353.5, 'J13': -12146.0, 'cluster3106249630_3106249631_J60_J61_#5more': -28417.5}, {'J10': 1, 'J11': 22, 'J12': 21, 'J13': 28, 'cluster3106249630_3106249631_J60_J61_#5more': 36}, {'J10': 2, 'J11': 38, 'J12': 52, 'J13': 40, 'cluster3106249630_3106249631_J60_J61_#5more': 60}, 
400.0, {'J10': -86.0, 'J11': -14858.0, 'J12': -12556.5, 'J13': -10551.5, 'cluster3106249630_3106249631_J60_J61_#5more': -28913.5}, {'J10': 2, 'J11': 22, 'J12': 21, 'J13': 25, 'cluster3106249630_3106249631_J60_J61_#5more': 36}, {'J10': 3, 'J11': 38, 'J12': 47, 'J13': 35, 'cluster3106249630_3106249631_J60_J61_#5more': 60}, 
405.0, {'J10': -116.0, 'J11': -15238.0, 'J12': -12913.0, 'J13': -9892.5, 'cluster3106249630_3106249631_J60_J61_#5more': -29400.0}, {'J10': 2, 'J11': 22, 'J12': 21, 'J13': 24, 'cluster3106249630_3106249631_J60_J61_#5more': 36}, {'J10': 3, 'J11': 38, 'J12': 45, 'J13': 32, 'cluster3106249630_3106249631_J60_J61_#5more': 59}, 
410.0, {'J10': -146.0, 'J11': -15621.0, 'J12': -13308.0, 'J13': -10212.5, 'cluster3106249630_3106249631_J60_J61_#5more': -29882.0}, {'J10': 2, 'J11': 23, 'J12': 21, 'J13': 24, 'cluster3106249630_3106249631_J60_J61_#5more': 36}, {'J10': 3, 'J11': 39, 'J12': 47, 'J13': 32, 'cluster3106249630_3106249631_J60_J61_#5more': 59}, 
415.0, {'J10': -176.0, 'J11': -16011.0, 'J12': -13714.5, 'J13': -10535.5, 'cluster3106249630_3106249631_J60_J61_#5more': -30272.5}, {'J10': 2, 'J11': 23, 'J12': 21, 'J13': 24, 'cluster3106249630_3106249631_J60_J61_#5more': 36}, {'J10': 3, 'J11': 39, 'J12': 47, 'J13': 34, 'cluster3106249630_3106249631_J60_J61_#5more': 55}, 
420.0, {'J10': -209.5, 'J11': -16401.0, 'J12': -12674.0, 'J13': -10875.5, 'cluster3106249630_3106249631_J60_J61_#5more': -30664.0}, {'J10': 2, 'J11': 23, 'J12': 20, 'J13': 24, 'cluster3106249630_3106249631_J60_J61_#5more': 36}, {'J10': 4, 'J11': 39, 'J12': 45, 'J13': 34, 'cluster3106249630_3106249631_J60_J61_#5more': 53}, 
425.0, {'J10': -65.0, 'J11': -16791.0, 'J12': -13129.0, 'J13': -11224.5, 'cluster3106249630_3106249631_J60_J61_#5more': -31194.5}, {'J10': 1, 'J11': 23, 'J12': 20, 'J13': 27, 'cluster3106249630_3106249631_J60_J61_#5more': 36}, {'J10': 2, 'J11': 39, 'J12': 49, 'J13': 37, 'cluster3106249630_3106249631_J60_J61_#5more': 54}, 
430.0, {'J10': -2.0, 'J11': -17181.0, 'J12': -13395.5, 'J13': -11600.0, 'cluster3106249630_3106249631_J60_J61_#5more': -31717.0}, {'J10': 1, 'J11': 23, 'J12': 20, 'J13': 28, 'cluster3106249630_3106249631_J60_J61_#5more': 36}, {'J10': 2, 'J11': 39, 'J12': 48, 'J13': 39, 'cluster3106249630_3106249631_J60_J61_#5more': 55}, 
435.0, {'J10': -28.0, 'J11': -17578.5, 'J12': -13746.5, 'J13': -11990.0, 'cluster3106249630_3106249631_J60_J61_#5more': -32267.0}, {'J10': 2, 'J11': 25, 'J12': 20, 'J13': 28, 'cluster3106249630_3106249631_J60_J61_#5more': 36}, {'J10': 6, 'J11': 41, 'J12': 47, 'J13': 39, 'cluster3106249630_3106249631_J60_J61_#5more': 55}, 
440.0, {'J10': -36.0, 'J11': -17988.5, 'J12': -14072.5, 'J13': -12380.0, 'cluster3106249630_3106249631_J60_J61_#5more': -32822.5}, {'J10': 2, 'J11': 25, 'J12': 21, 'J13': 28, 'cluster3106249630_3106249631_J60_J61_#5more': 36}, {'J10': 4, 'J11': 41, 'J12': 47, 'J13': 39, 'cluster3106249630_3106249631_J60_J61_#5more': 57}, 
445.0, {'J10': -65.0, 'J11': -18403.5, 'J12': -14469.5, 'J13': -12770.0, 'cluster3106249630_3106249631_J60_J61_#5more': -33235.0}, {'J10': 2, 'J11': 27, 'J12': 21, 'J13': 28, 'cluster3106249630_3106249631_J60_J61_#5more': 36}, {'J10': 3, 'J11': 43, 'J12': 46, 'J13': 39, 'cluster3106249630_3106249631_J60_J61_#5more': 58}, 
450.0, {'J10': -95.0, 'J11': -18838.0, 'J12': -14922.5, 'J13': -13160.0, 'cluster3106249630_3106249631_J60_J61_#5more': -33643.5}, {'J10': 2, 'J11': 28, 'J12': 21, 'J13': 28, 'cluster3106249630_3106249631_J60_J61_#5more': 36}, {'J10': 3, 'J11': 44, 'J12': 46, 'J13': 39, 'cluster3106249630_3106249631_J60_J61_#5more': 57}, 
455.0, {'J10': 0, 'J11': -19278.0, 'J12': -15325.5, 'J13': -13550.0, 'cluster3106249630_3106249631_J60_J61_#5more': -34119.5}, {'J10': 0, 'J11': 28, 'J12': 21, 'J13': 28, 'cluster3106249630_3106249631_J60_J61_#5more': 36}, {'J10': 0, 'J11': 44, 'J12': 46, 'J13': 39, 'cluster3106249630_3106249631_J60_J61_#5more': 55}, 
460.0, {'J10': -3.0, 'J11': -19719.0, 'J12': -15731.5, 'J13': -13940.0, 'cluster3106249630_3106249631_J60_J61_#5more': -34561.5}, {'J10': 1, 'J11': 29, 'J12': 21, 'J13': 28, 'cluster3106249630_3106249631_J60_J61_#5more': 36}, {'J10': 1, 'J11': 45, 'J12': 47, 'J13': 39, 'cluster3106249630_3106249631_J60_J61_#5more': 52}, 
465.0, {'J10': -13.0, 'J11': -20169.0, 'J12': -16192.0, 'J13': -11418.5, 'cluster3106249630_3106249631_J60_J61_#5more': -35083.0}, {'J10': 1, 'J11': 29, 'J12': 21, 'J13': 24, 'cluster3106249630_3106249631_J60_J61_#5more': 36}, {'J10': 1, 'J11': 45, 'J12': 49, 'J13': 33, 'cluster3106249630_3106249631_J60_J61_#5more': 53}, 
470.0, {'J10': -23.0, 'J11': -20619.0, 'J12': -16081.5, 'J13': -11748.5, 'cluster3106249630_3106249631_J60_J61_#5more': -35608.5}, {'J10': 1, 'J11': 29, 'J12': 21, 'J13': 24, 'cluster3106249630_3106249631_J60_J61_#5more': 36}, {'J10': 1, 'J11': 45, 'J12': 46, 'J13': 33, 'cluster3106249630_3106249631_J60_J61_#5more': 55}, 
475.0, {'J10': -37.5, 'J11': -21074.0, 'J12': -16018.0, 'J13': -12078.5, 'cluster3106249630_3106249631_J60_J61_#5more': -36163.5}, {'J10': 2, 'J11': 29, 'J12': 21, 'J13': 24, 'cluster3106249630_3106249631_J60_J61_#5more': 36}, {'J10': 2, 'J11': 46, 'J12': 45, 'J13': 33, 'cluster3106249630_3106249631_J60_J61_#5more': 57}, 
480.0, {'J10': -17.0, 'J11': -21519.0, 'J12': -16477.5, 'J13': -12412.0, 'cluster3106249630_3106249631_J60_J61_#5more': -36733.5}, {'J10': 1, 'J11': 29, 'J12': 21, 'J13': 24, 'cluster3106249630_3106249631_J60_J61_#5more': 36}, {'J10': 2, 'J11': 45, 'J12': 49, 'J13': 34, 'cluster3106249630_3106249631_J60_J61_#5more': 57}, 
485.0, {'J10': -17.0, 'J11': -21970.0, 'J12': -16890.5, 'J13': -12752.0, 'cluster3106249630_3106249631_J60_J61_#5more': -37182.5}, {'J10': 2, 'J11': 29, 'J12': 21, 'J13': 24, 'cluster3106249630_3106249631_J60_J61_#5more': 36}, {'J10': 3, 'J11': 46, 'J12': 50, 'J13': 34, 'cluster3106249630_3106249631_J60_J61_#5more': 53}, 
490.0, {'J10': -36.5, 'J11': -22430.0, 'J12': -17240.5, 'J13': -13102.5, 'cluster3106249630_3106249631_J60_J61_#5more': -37684.5}, {'J10': 2, 'J11': 29, 'J12': 21, 'J13': 28, 'cluster3106249630_3106249631_J60_J61_#5more': 36}, {'J10': 2, 'J11': 46, 'J12': 50, 'J13': 38, 'cluster3106249630_3106249631_J60_J61_#5more': 53}, 
495.0, {'J10': 0, 'J11': -22900.5, 'J12': -17646.5, 'J13': -13482.5, 'cluster3106249630_3106249631_J60_J61_#5more': -38220.0}, {'J10': 0, 'J11': 30, 'J12': 21, 'J13': 28, 'cluster3106249630_3106249631_J60_J61_#5more': 36}, {'J10': 0, 'J11': 50, 'J12': 54, 'J13': 38, 'cluster3106249630_3106249631_J60_J61_#5more': 55}, 
500.0, {'J10': -4.5, 'J11': -23360.0, 'J12': -18045.0, 'J13': -13862.5, 'cluster3106249630_3106249631_J60_J61_#5more': -38766.0}, {'J10': 1, 'J11': 30, 'J12': 21, 'J13': 28, 'cluster3106249630_3106249631_J60_J61_#5more': 36}, {'J10': 1, 'J11': 49, 'J12': 52, 'J13': 38, 'cluster3106249630_3106249631_J60_J61_#5more': 56}, 
505.0, {'J10': -14.5, 'J11': -23809.0, 'J12': -17908.0, 'J13': -14243.5, 'cluster3106249630_3106249631_J60_J61_#5more': -39309.0}, {'J10': 1, 'J11': 31, 'J12': 21, 'J13': 28, 'cluster3106249630_3106249631_J60_J61_#5more': 36}, {'J10': 1, 'J11': 49, 'J12': 48, 'J13': 39, 'cluster3106249630_3106249631_J60_J61_#5more': 57}, 
510.0, {'J10': -24.5, 'J11': -24303.0, 'J12': -18260.0, 'J13': -14633.5, 'cluster3106249630_3106249631_J60_J61_#5more': -39697.5}, {'J10': 1, 'J11': 32, 'J12': 21, 'J13': 28, 'cluster3106249630_3106249631_J60_J61_#5more': 36}, {'J10': 1, 'J11': 50, 'J12': 45, 'J13': 39, 'cluster3106249630_3106249631_J60_J61_#5more': 56}, 
515.0, {'J10': -34.5, 'J11': -24748.5, 'J12': -18574.0, 'J13': -15023.5, 'cluster3106249630_3106249631_J60_J61_#5more': -40264.0}, {'J10': 1, 'J11': 32, 'J12': 21, 'J13': 28, 'cluster3106249630_3106249631_J60_J61_#5more': 36}, {'J10': 1, 'J11': 48, 'J12': 42, 'J13': 39, 'cluster3106249630_3106249631_J60_J61_#5more': 59}, 
520.0, {'J10': -44.5, 'J11': -25228.5, 'J12': -18956.0, 'J13': -15413.5, 'cluster3106249630_3106249631_J60_J61_#5more': -40862.0}, {'J10': 1, 'J11': 32, 'J12': 21, 'J13': 28, 'cluster3106249630_3106249631_J60_J61_#5more': 36}, {'J10': 1, 'J11': 48, 'J12': 43, 'J13': 39, 'cluster3106249630_3106249631_J60_J61_#5more': 62}, 
525.0, {'J10': -54.5, 'J11': -25708.5, 'J12': -18150.0, 'J13': -15803.5, 'cluster3106249630_3106249631_J60_J61_#5more': -41369.0}, {'J10': 1, 'J11': 32, 'J12': 21, 'J13': 28, 'cluster3106249630_3106249631_J60_J61_#5more': 36}, {'J10': 1, 'J11': 48, 'J12': 45, 'J13': 39, 'cluster3106249630_3106249631_J60_J61_#5more': 58}, 
530.0, {'J10': -65.5, 'J11': -26188.5, 'J12': -15564.5, 'J13': -12840.0, 'cluster3106249630_3106249631_J60_J61_#5more': -41864.0}, {'J10': 1, 'J11': 32, 'J12': 19, 'J13': 24, 'cluster3106249630_3106249631_J60_J61_#5more': 36}, {'J10': 2, 'J11': 48, 'J12': 39, 'J13': 33, 'cluster3106249630_3106249631_J60_J61_#5more': 56}, 
535.0, {'J10': -88.0, 'J11': -26668.5, 'J12': -15934.0, 'J13': -12668.0, 'cluster3106249630_3106249631_J60_J61_#5more': -42424.0}, {'J10': 2, 'J11': 32, 'J12': 19, 'J13': 24, 'cluster3106249630_3106249631_J60_J61_#5more': 36}, {'J10': 3, 'J11': 48, 'J12': 39, 'J13': 32, 'cluster3106249630_3106249631_J60_J61_#5more': 56}, 
540.0, {'J10': -12.5, 'J11': -27148.5, 'J12': -15196.5, 'J13': -12988.0, 'cluster3106249630_3106249631_J60_J61_#5more': -42986.0}, {'J10': 1, 'J11': 32, 'J12': 19, 'J13': 24, 'cluster3106249630_3106249631_J60_J61_#5more': 36}, {'J10': 1, 'J11': 48, 'J12': 43, 'J13': 32, 'cluster3106249630_3106249631_J60_J61_#5more': 57}, 
545.0, {'J10': -4.5, 'J11': -27628.5, 'J12': -15376.5, 'J13': -13310.5, 'cluster3106249630_3106249631_J60_J61_#5more': -43556.0}, {'J10': 2, 'J11': 32, 'J12': 20, 'J13': 24, 'cluster3106249630_3106249631_J60_J61_#5more': 36}, {'J10': 2, 'J11': 48, 'J12': 42, 'J13': 34, 'cluster3106249630_3106249631_J60_J61_#5more': 57}, 
550.0, {'J10': -27.0, 'J11': -28108.5, 'J12': -13516.0, 'J13': -13650.5, 'cluster3106249630_3106249631_J60_J61_#5more': -44129.5}, {'J10': 2, 'J11': 32, 'J12': 18, 'J13': 24, 'cluster3106249630_3106249631_J60_J61_#5more': 36}, {'J10': 3, 'J11': 48, 'J12': 37, 'J13': 34, 'cluster3106249630_3106249631_J60_J61_#5more': 58}, 
555.0, {'J10': -19.0, 'J11': -28588.5, 'J12': -13473.0, 'J13': -13999.0, 'cluster3106249630_3106249631_J60_J61_#5more': -44709.5}, {'J10': 3, 'J11': 32, 'J12': 18, 'J13': 26, 'cluster3106249630_3106249631_J60_J61_#5more': 36}, {'J10': 4, 'J11': 48, 'J12': 39, 'J13': 36, 'cluster3106249630_3106249631_J60_J61_#5more': 58}, 
560.0, {'J10': -10.5, 'J11': -29068.5, 'J12': -13831.0, 'J13': -14367.0, 'cluster3106249630_3106249631_J60_J61_#5more': -45289.5}, {'J10': 1, 'J11': 32, 'J12': 18, 'J13': 28, 'cluster3106249630_3106249631_J60_J61_#5more': 36}, {'J10': 1, 'J11': 48, 'J12': 42, 'J13': 38, 'cluster3106249630_3106249631_J60_J61_#5more': 58}, 
565.0, {'J10': -20.5, 'J11': -29548.5, 'J12': -14121.5, 'J13': -14747.0, 'cluster3106249630_3106249631_J60_J61_#5more': -45869.5}, {'J10': 1, 'J11': 32, 'J12': 19, 'J13': 28, 'cluster3106249630_3106249631_J60_J61_#5more': 36}, {'J10': 1, 'J11': 48, 'J12': 43, 'J13': 38, 'cluster3106249630_3106249631_J60_J61_#5more': 58}, 
570.0, {'J10': -30.5, 'J11': -30028.5, 'J12': -14434.5, 'J13': -15127.0, 'cluster3106249630_3106249631_J60_J61_#5more': -46449.5}, {'J10': 1, 'J11': 32, 'J12': 20, 'J13': 28, 'cluster3106249630_3106249631_J60_J61_#5more': 36}, {'J10': 1, 'J11': 48, 'J12': 45, 'J13': 38, 'cluster3106249630_3106249631_J60_J61_#5more': 58}, 
575.0, {'J10': -40.5, 'J11': -30508.5, 'J12': -14779.0, 'J13': -15507.0, 'cluster3106249630_3106249631_J60_J61_#5more': -46738.5}, {'J10': 1, 'J11': 32, 'J12': 20, 'J13': 28, 'cluster3106249630_3106249631_J60_J61_#5more': 36}, {'J10': 1, 'J11': 48, 'J12': 45, 'J13': 38, 'cluster3106249630_3106249631_J60_J61_#5more': 59}, 
580.0, {'J10': -50.5, 'J11': -30988.5, 'J12': -14985.0, 'J13': -15887.0, 'cluster3106249630_3106249631_J60_J61_#5more': -47331.0}, {'J10': 1, 'J11': 32, 'J12': 20, 'J13': 28, 'cluster3106249630_3106249631_J60_J61_#5more': 36}, {'J10': 1, 'J11': 48, 'J12': 45, 'J13': 38, 'cluster3106249630_3106249631_J60_J61_#5more': 60}, 
585.0, {'J10': -64.5, 'J11': -31468.5, 'J12': -15367.5, 'J13': -16267.0, 'cluster3106249630_3106249631_J60_J61_#5more': -47792.0}, {'J10': 1, 'J11': 32, 'J12': 20, 'J13': 28, 'cluster3106249630_3106249631_J60_J61_#5more': 36}, {'J10': 2, 'J11': 48, 'J12': 43, 'J13': 38, 'cluster3106249630_3106249631_J60_J61_#5more': 60}, 
590.0, {'J10': -87.0, 'J11': -31948.5, 'J12': -15810.0, 'J13': -16647.0, 'cluster3106249630_3106249631_J60_J61_#5more': -48396.5}, {'J10': 2, 'J11': 32, 'J12': 20, 'J13': 28, 'cluster3106249630_3106249631_J60_J61_#5more': 36}, {'J10': 3, 'J11': 48, 'J12': 46, 'J13': 38, 'cluster3106249630_3106249631_J60_J61_#5more': 62}, 
595.0, {'J10': -117.0, 'J11': -32428.5, 'J12': -15095.0, 'J13': -14842.0, 'cluster3106249630_3106249631_J60_J61_#5more': -48789.5}, {'J10': 2, 'J11': 32, 'J12': 20, 'J13': 26, 'cluster3106249630_3106249631_J60_J61_#5more': 36}, {'J10': 3, 'J11': 48, 'J12': 45, 'J13': 35, 'cluster3106249630_3106249631_J60_J61_#5more': 59}, 
600.0, {'J10': -148.5, 'J11': -32908.5, 'J12': -13030.5, 'J13': -13272.5, 'cluster3106249630_3106249631_J60_J61_#5more': -49201.0}, {'J10': 2, 'J11': 32, 'J12': 18, 'J13': 24, 'cluster3106249630_3106249631_J60_J61_#5more': 36}, {'J10': 4, 'J11': 48, 'J12': 40, 'J13': 32, 'cluster3106249630_3106249631_J60_J61_#5more': 57}, 
605.0, {'J10': -44.0, 'J11': -33388.5, 'J12': -12441.5, 'J13': -13593.0, 'cluster3106249630_3106249631_J60_J61_#5more': -49626.5}, {'J10': 1, 'J11': 32, 'J12': 17, 'J13': 24, 'cluster3106249630_3106249631_J60_J61_#5more': 36}, {'J10': 2, 'J11': 48, 'J12': 37, 'J13': 33, 'cluster3106249630_3106249631_J60_J61_#5more': 55}, 
610.0, {'J10': -47.5, 'J11': -33868.5, 'J12': -12769.0, 'J13': -13926.0, 'cluster3106249630_3106249631_J60_J61_#5more': -50176.5}, {'J10': 2, 'J11': 32, 'J12': 17, 'J13': 24, 'cluster3106249630_3106249631_J60_J61_#5more': 36}, {'J10': 5, 'J11': 48, 'J12': 39, 'J13': 35, 'cluster3106249630_3106249631_J60_J61_#5more': 55}, 
615.0, {'J10': -75.5, 'J11': -34348.5, 'J12': -13107.0, 'J13': -14276.0, 'cluster3106249630_3106249631_J60_J61_#5more': -50727.5}, {'J10': 2, 'J11': 32, 'J12': 17, 'J13': 24, 'cluster3106249630_3106249631_J60_J61_#5more': 36}, {'J10': 4, 'J11': 48, 'J12': 39, 'J13': 35, 'cluster3106249630_3106249631_J60_J61_#5more': 56}, 
620.0, {'J10': -84.0, 'J11': -34828.5, 'J12': -13270.5, 'J13': -14636.0, 'cluster3106249630_3106249631_J60_J61_#5more': -51299.5}, {'J10': 2, 'J11': 32, 'J12': 21, 'J13': 27, 'cluster3106249630_3106249631_J60_J61_#5more': 36}, {'J10': 2, 'J11': 48, 'J12': 42, 'J13': 38, 'cluster3106249630_3106249631_J60_J61_#5more': 59}, 
625.0, {'J10': -34.5, 'J11': -35313.0, 'J12': -10707.5, 'J13': -15019.0, 'cluster3106249630_3106249631_J60_J61_#5more': -51889.5}, {'J10': 1, 'J11': 32, 'J12': 19, 'J13': 28, 'cluster3106249630_3106249631_J60_J61_#5more': 36}, {'J10': 2, 'J11': 49, 'J12': 37, 'J13': 39, 'cluster3106249630_3106249631_J60_J61_#5more': 59}, 
630.0, {'J10': 0, 'J11': -35788.5, 'J12': -10952.0, 'J13': -15409.0, 'cluster3106249630_3106249631_J60_J61_#5more': -52479.5}, {'J10': 0, 'J11': 32, 'J12': 19, 'J13': 28, 'cluster3106249630_3106249631_J60_J61_#5more': 36}, {'J10': 0, 'J11': 48, 'J12': 36, 'J13': 39, 'cluster3106249630_3106249631_J60_J61_#5more': 59}, 
635.0, {'J10': 0, 'J11': -36268.5, 'J12': -11262.5, 'J13': -15799.0, 'cluster3106249630_3106249631_J60_J61_#5more': -53069.5}, {'J10': 0, 'J11': 32, 'J12': 19, 'J13': 28, 'cluster3106249630_3106249631_J60_J61_#5more': 36}, {'J10': 0, 'J11': 48, 'J12': 39, 'J13': 39, 'cluster3106249630_3106249631_J60_J61_#5more': 59}, 
640.0, {'J10': 0, 'J11': -36748.5, 'J12': -11664.5, 'J13': -16189.0, 'cluster3106249630_3106249631_J60_J61_#5more': -53239.0}, {'J10': 0, 'J11': 32, 'J12': 20, 'J13': 28, 'cluster3106249630_3106249631_J60_J61_#5more': 36}, {'J10': 0, 'J11': 48, 'J12': 46, 'J13': 39, 'cluster3106249630_3106249631_J60_J61_#5more': 58}, 
645.0, {'J10': 0, 'J11': -37228.5, 'J12': -12086.0, 'J13': -16579.0, 'cluster3106249630_3106249631_J60_J61_#5more': -53823.0}, {'J10': 0, 'J11': 32, 'J12': 20, 'J13': 28, 'cluster3106249630_3106249631_J60_J61_#5more': 36}, {'J10': 0, 'J11': 48, 'J12': 47, 'J13': 39, 'cluster3106249630_3106249631_J60_J61_#5more': 60}, 
650.0, {'J10': 0, 'J11': -37713.5, 'J12': -11808.5, 'J13': -16969.0, 'cluster3106249630_3106249631_J60_J61_#5more': -54331.5}, {'J10': 0, 'J11': 32, 'J12': 20, 'J13': 28, 'cluster3106249630_3106249631_J60_J61_#5more': 36}, {'J10': 0, 'J11': 49, 'J12': 46, 'J13': 39, 'cluster3106249630_3106249631_J60_J61_#5more': 63}, 
655.0, {'J10': 0, 'J11': -38188.5, 'J12': -12129.5, 'J13': -17359.0, 'cluster3106249630_3106249631_J60_J61_#5more': -54902.5}, {'J10': 0, 'J11': 32, 'J12': 20, 'J13': 28, 'cluster3106249630_3106249631_J60_J61_#5more': 36}, {'J10': 0, 'J11': 48, 'J12': 42, 'J13': 39, 'cluster3106249630_3106249631_J60_J61_#5more': 60}, 
660.0, {'J10': 0, 'J11': -38668.5, 'J12': -12446.0, 'J13': -15485.0, 'cluster3106249630_3106249631_J60_J61_#5more': -55370.5}, {'J10': 0, 'J11': 32, 'J12': 20, 'J13': 26, 'cluster3106249630_3106249631_J60_J61_#5more': 36}, {'J10': 0, 'J11': 48, 'J12': 41, 'J13': 36, 'cluster3106249630_3106249631_J60_J61_#5more': 58}, 
665.0, {'J10': 0, 'J11': -39149.0, 'J12': -12850.5, 'J13': -15832.5, 'cluster3106249630_3106249631_J60_J61_#5more': -55950.5}, {'J10': 0, 'J11': 32, 'J12': 20, 'J13': 26, 'cluster3106249630_3106249631_J60_J61_#5more': 36}, {'J10': 0, 'J11': 49, 'J12': 44, 'J13': 35, 'cluster3106249630_3106249631_J60_J61_#5more': 58}, 
670.0, {'J10': 0, 'J11': -39628.5, 'J12': -12698.0, 'J13': -16182.5, 'cluster3106249630_3106249631_J60_J61_#5more': -56426.0}, {'J10': 0, 'J11': 32, 'J12': 20, 'J13': 26, 'cluster3106249630_3106249631_J60_J61_#5more': 36}, {'J10': 0, 'J11': 48, 'J12': 46, 'J13': 35, 'cluster3106249630_3106249631_J60_J61_#5more': 57}, 
675.0, {'J10': -4.5, 'J11': -40110.0, 'J12': -11983.5, 'J13': -16536.0, 'cluster3106249630_3106249631_J60_J61_#5more': -56996.0}, {'J10': 1, 'J11': 32, 'J12': 19, 'J13': 26, 'cluster3106249630_3106249631_J60_J61_#5more': 36}, {'J10': 1, 'J11': 49, 'J12': 41, 'J13': 36, 'cluster3106249630_3106249631_J60_J61_#5more': 57}, 
680.0, {'J10': -14.5, 'J11': -40588.5, 'J12': -11734.5, 'J13': -16897.0, 'cluster3106249630_3106249631_J60_J61_#5more': -57569.5}, {'J10': 1, 'J11': 32, 'J12': 19, 'J13': 27, 'cluster3106249630_3106249631_J60_J61_#5more': 36}, {'J10': 1, 'J11': 48, 'J12': 42, 'J13': 37, 'cluster3106249630_3106249631_J60_J61_#5more': 58}, 
685.0, {'J10': -24.5, 'J11': -41068.5, 'J12': -12061.0, 'J13': -17271.0, 'cluster3106249630_3106249631_J60_J61_#5more': -58158.0}, {'J10': 1, 'J11': 32, 'J12': 20, 'J13': 28, 'cluster3106249630_3106249631_J60_J61_#5more': 36}, {'J10': 1, 'J11': 48, 'J12': 40, 'J13': 38, 'cluster3106249630_3106249631_J60_J61_#5more': 61}, 
690.0, {'J10': -3.5, 'J11': -41548.5, 'J12': -12340.5, 'J13': -17651.0, 'cluster3106249630_3106249631_J60_J61_#5more': -58774.5}, {'J10': 2, 'J11': 32, 'J12': 21, 'J13': 28, 'cluster3106249630_3106249631_J60_J61_#5more': 36}, {'J10': 2, 'J11': 48, 'J12': 40, 'J13': 38, 'cluster3106249630_3106249631_J60_J61_#5more': 64}, 
695.0, {'J10': 0, 'J11': -42032.5, 'J12': -12756.5, 'J13': -18031.0, 'cluster3106249630_3106249631_J60_J61_#5more': -59422.0}, {'J10': 0, 'J11': 32, 'J12': 21, 'J13': 28, 'cluster3106249630_3106249631_J60_J61_#5more': 36}, {'J10': 0, 'J11': 50, 'J12': 47, 'J13': 38, 'cluster3106249630_3106249631_J60_J61_#5more': 67}, 
700.0, {'J10': -2.5, 'J11': -42509.0, 'J12': -13207.5, 'J13': -18411.0, 'cluster3106249630_3106249631_J60_J61_#5more': -60095.0}, {'J10': 1, 'J11': 32, 'J12': 21, 'J13': 28, 'cluster3106249630_3106249631_J60_J61_#5more': 36}, {'J10': 1, 'J11': 49, 'J12': 48, 'J13': 38, 'cluster3106249630_3106249631_J60_J61_#5more': 68}, 
705.0, {'J10': -16.5, 'J11': -42991.0, 'J12': -13696.5, 'J13': -18791.0, 'cluster3106249630_3106249631_J60_J61_#5more': -60174.0}, {'J10': 2, 'J11': 32, 'J12': 21, 'J13': 28, 'cluster3106249630_3106249631_J60_J61_#5more': 36}, {'J10': 2, 'J11': 50, 'J12': 52, 'J13': 38, 'cluster3106249630_3106249631_J60_J61_#5more': 68}, 
710.0, {'J10': -14.0, 'J11': -43468.5, 'J12': -14224.5, 'J13': -19171.0, 'cluster3106249630_3106249631_J60_J61_#5more': -60855.0}, {'J10': 1, 'J11': 32, 'J12': 21, 'J13': 28, 'cluster3106249630_3106249631_J60_J61_#5more': 36}, {'J10': 1, 'J11': 48, 'J12': 55, 'J13': 38, 'cluster3106249630_3106249631_J60_J61_#5more': 69}, 
715.0, {'J10': -29.0, 'J11': -43950.5, 'J12': -14778.5, 'J13': -19551.0, 'cluster3106249630_3106249631_J60_J61_#5more': -61313.5}, {'J10': 1, 'J11': 32, 'J12': 21, 'J13': 28, 'cluster3106249630_3106249631_J60_J61_#5more': 36}, {'J10': 2, 'J11': 49, 'J12': 57, 'J13': 38, 'cluster3106249630_3106249631_J60_J61_#5more': 65}, 
720.0, {'J10': -24.5, 'J11': -44428.5, 'J12': -15354.5, 'J13': -19931.0, 'cluster3106249630_3106249631_J60_J61_#5more': -61867.5}, {'J10': 2, 'J11': 32, 'J12': 21, 'J13': 28, 'cluster3106249630_3106249631_J60_J61_#5more': 36}, {'J10': 5, 'J11': 48, 'J12': 60, 'J13': 38, 'cluster3106249630_3106249631_J60_J61_#5more': 63}, 
725.0, {'J10': -81.0, 'J11': -44908.5, 'J12': -15955.0, 'J13': -17796.5, 'cluster3106249630_3106249631_J60_J61_#5more': -62500.5}, {'J10': 4, 'J11': 32, 'J12': 21, 'J13': 26, 'cluster3106249630_3106249631_J60_J61_#5more': 36}, {'J10': 7, 'J11': 48, 'J12': 61, 'J13': 35, 'cluster3106249630_3106249631_J60_J61_#5more': 65}, 
730.0, {'J10': -27.5, 'J11': -45388.5, 'J12': -16567.0, 'J13': -17643.0, 'cluster3106249630_3106249631_J60_J61_#5more': -63158.0}, {'J10': 2, 'J11': 32, 'J12': 21, 'J13': 26, 'cluster3106249630_3106249631_J60_J61_#5more': 36}, {'J10': 2, 'J11': 48, 'J12': 64, 'J13': 34, 'cluster3106249630_3106249631_J60_J61_#5more': 67}, 
735.0, {'J10': -47.5, 'J11': -45868.5, 'J12': -17213.5, 'J13': -17983.0, 'cluster3106249630_3106249631_J60_J61_#5more': -63828.0}, {'J10': 2, 'J11': 32, 'J12': 21, 'J13': 26, 'cluster3106249630_3106249631_J60_J61_#5more': 36}, {'J10': 2, 'J11': 48, 'J12': 67, 'J13': 34, 'cluster3106249630_3106249631_J60_J61_#5more': 67}, 
740.0, {'J10': -68.5, 'J11': -46348.5, 'J12': -17883.5, 'J13': -18326.5, 'cluster3106249630_3106249631_J60_J61_#5more': -64498.0}, {'J10': 3, 'J11': 32, 'J12': 21, 'J13': 26, 'cluster3106249630_3106249631_J60_J61_#5more': 36}, {'J10': 3, 'J11': 48, 'J12': 67, 'J13': 36, 'cluster3106249630_3106249631_J60_J61_#5more': 67}, 
745.0, {'J10': -44.0, 'J11': -46828.5, 'J12': -18558.5, 'J13': -18688.0, 'cluster3106249630_3106249631_J60_J61_#5more': -65168.0}, {'J10': 2, 'J11': 32, 'J12': 21, 'J13': 27, 'cluster3106249630_3106249631_J60_J61_#5more': 36}, {'J10': 2, 'J11': 48, 'J12': 70, 'J13': 37, 'cluster3106249630_3106249631_J60_J61_#5more': 67}, 
750.0, {'J10': -65.0, 'J11': -47308.5, 'J12': -19262.5, 'J13': -19064.0, 'cluster3106249630_3106249631_J60_J61_#5more': -65838.0}, {'J10': 2, 'J11': 32, 'J12': 21, 'J13': 28, 'cluster3106249630_3106249631_J60_J61_#5more': 36}, {'J10': 3, 'J11': 48, 'J12': 71, 'J13': 39, 'cluster3106249630_3106249631_J60_J61_#5more': 67}, 
755.0, {'J10': -32.5, 'J11': -47788.5, 'J12': -19981.0, 'J13': -19454.0, 'cluster3106249630_3106249631_J60_J61_#5more': -66508.0}, {'J10': 1, 'J11': 32, 'J12': 21, 'J13': 28, 'cluster3106249630_3106249631_J60_J61_#5more': 36}, {'J10': 2, 'J11': 48, 'J12': 73, 'J13': 39, 'cluster3106249630_3106249631_J60_J61_#5more': 67}, 
760.0, {'J10': -15.0, 'J11': -48268.5, 'J12': -20711.0, 'J13': -19844.0, 'cluster3106249630_3106249631_J60_J61_#5more': -67178.0}, {'J10': 2, 'J11': 32, 'J12': 21, 'J13': 28, 'cluster3106249630_3106249631_J60_J61_#5more': 36}, {'J10': 3, 'J11': 48, 'J12': 73, 'J13': 39, 'cluster3106249630_3106249631_J60_J61_#5more': 67}, 
765.0, {'J10': -11.5, 'J11': -48748.5, 'J12': -17291.0, 'J13': -20234.0, 'cluster3106249630_3106249631_J60_J61_#5more': -67848.0}, {'J10': 1, 'J11': 32, 'J12': 18, 'J13': 28, 'cluster3106249630_3106249631_J60_J61_#5more': 36}, {'J10': 1, 'J11': 48, 'J12': 65, 'J13': 39, 'cluster3106249630_3106249631_J60_J61_#5more': 67}, 
770.0, {'J10': -0.5, 'J11': -49228.5, 'J12': -16045.5, 'J13': -20624.0, 'cluster3106249630_3106249631_J60_J61_#5more': -68519.5}, {'J10': 1, 'J11': 32, 'J12': 17, 'J13': 28, 'cluster3106249630_3106249631_J60_J61_#5more': 36}, {'J10': 1, 'J11': 48, 'J12': 62, 'J13': 39, 'cluster3106249630_3106249631_J60_J61_#5more': 68}, 
775.0, {'J10': -16.0, 'J11': -49708.5, 'J12': -16669.5, 'J13': -21014.0, 'cluster3106249630_3106249631_J60_J61_#5more': -69188.0}, {'J10': 3, 'J11': 32, 'J12': 17, 'J13': 28, 'cluster3106249630_3106249631_J60_J61_#5more': 36}, {'J10': 4, 'J11': 48, 'J12': 64, 'J13': 39, 'cluster3106249630_3106249631_J60_J61_#5more': 67}, 
780.0, {'J10': -64.0, 'J11': -50188.5, 'J12': -16770.0, 'J13': -21404.0, 'cluster3106249630_3106249631_J60_J61_#5more': -69858.0}, {'J10': 4, 'J11': 32, 'J12': 17, 'J13': 28, 'cluster3106249630_3106249631_J60_J61_#5more': 36}, {'J10': 6, 'J11': 48, 'J12': 63, 'J13': 39, 'cluster3106249630_3106249631_J60_J61_#5more': 67}, 
785.0, {'J10': -39.5, 'J11': -50668.5, 'J12': -15966.0, 'J13': -21794.0, 'cluster3106249630_3106249631_J60_J61_#5more': -70528.0}, {'J10': 2, 'J11': 32, 'J12': 21, 'J13': 28, 'cluster3106249630_3106249631_J60_J61_#5more': 36}, {'J10': 3, 'J11': 48, 'J12': 61, 'J13': 39, 'cluster3106249630_3106249631_J60_J61_#5more': 67}, 
790.0, {'J10': -69.5, 'J11': -51148.5, 'J12': -16229.0, 'J13': -18631.5, 'cluster3106249630_3106249631_J60_J61_#5more': -71198.0}, {'J10': 2, 'J11': 32, 'J12': 21, 'J13': 25, 'cluster3106249630_3106249631_J60_J61_#5more': 36}, {'J10': 3, 'J11': 48, 'J12': 64, 'J13': 34, 'cluster3106249630_3106249631_J60_J61_#5more': 67}, 
795.0, {'J10': -99.5, 'J11': -51628.5, 'J12': -16470.5, 'J13': -18472.0, 'cluster3106249630_3106249631_J60_J61_#5more': -71868.0}, {'J10': 2, 'J11': 32, 'J12': 21, 'J13': 25, 'cluster3106249630_3106249631_J60_J61_#5more': 36}, {'J10': 3, 'J11': 48, 'J12': 65, 'J13': 34, 'cluster3106249630_3106249631_J60_J61_#5more': 67}, 
800.0, {'J10': -129.5, 'J11': -52108.5, 'J12': -16605.0, 'J13': -18812.0, 'cluster3106249630_3106249631_J60_J61_#5more': -72538.0}, {'J10': 2, 'J11': 32, 'J12': 21, 'J13': 25, 'cluster3106249630_3106249631_J60_J61_#5more': 36}, {'J10': 3, 'J11': 48, 'J12': 59, 'J13': 34, 'cluster3106249630_3106249631_J60_J61_#5more': 67}, 
805.0, {'J10': -1.5, 'J11': -52588.5, 'J12': -16711.0, 'J13': -19154.5, 'cluster3106249630_3106249631_J60_J61_#5more': -73208.0}, {'J10': 1, 'J11': 32, 'J12': 21, 'J13': 25, 'cluster3106249630_3106249631_J60_J61_#5more': 36}, {'J10': 1, 'J11': 48, 'J12': 57, 'J13': 36, 'cluster3106249630_3106249631_J60_J61_#5more': 67}, 
810.0, {'J10': -14.5, 'J11': -53068.5, 'J12': -16819.5, 'J13': -19514.5, 'cluster3106249630_3106249631_J60_J61_#5more': -73878.0}, {'J10': 1, 'J11': 32, 'J12': 21, 'J13': 25, 'cluster3106249630_3106249631_J60_J61_#5more': 36}, {'J10': 2, 'J11': 48, 'J12': 55, 'J13': 36, 'cluster3106249630_3106249631_J60_J61_#5more': 67}, 
815.0, {'J10': -13.0, 'J11': -53548.5, 'J12': -17200.5, 'J13': -19885.5, 'cluster3106249630_3106249631_J60_J61_#5more': -74548.0}, {'J10': 1, 'J11': 32, 'J12': 21, 'J13': 28, 'cluster3106249630_3106249631_J60_J61_#5more': 36}, {'J10': 1, 'J11': 48, 'J12': 58, 'J13': 39, 'cluster3106249630_3106249631_J60_J61_#5more': 67}, 
820.0, {'J10': -27.0, 'J11': -54028.5, 'J12': -17674.5, 'J13': -20275.5, 'cluster3106249630_3106249631_J60_J61_#5more': -75218.0}, {'J10': 3, 'J11': 32, 'J12': 21, 'J13': 28, 'cluster3106249630_3106249631_J60_J61_#5more': 36}, {'J10': 3, 'J11': 48, 'J12': 57, 'J13': 39, 'cluster3106249630_3106249631_J60_J61_#5more': 67}, 
825.0, {'J10': -24.0, 'J11': -54510.0, 'J12': -17940.0, 'J13': -20665.5, 'cluster3106249630_3106249631_J60_J61_#5more': -75890.0}, {'J10': 2, 'J11': 32, 'J12': 21, 'J13': 28, 'cluster3106249630_3106249631_J60_J61_#5more': 36}, {'J10': 2, 'J11': 49, 'J12': 55, 'J13': 39, 'cluster3106249630_3106249631_J60_J61_#5more': 68}, 
830.0, {'J10': -48.0, 'J11': -54990.5, 'J12': -18337.0, 'J13': -21055.5, 'cluster3106249630_3106249631_J60_J61_#5more': -76570.0}, {'J10': 2, 'J11': 32, 'J12': 21, 'J13': 28, 'cluster3106249630_3106249631_J60_J61_#5more': 36}, {'J10': 4, 'J11': 49, 'J12': 55, 'J13': 39, 'cluster3106249630_3106249631_J60_J61_#5more': 68}, 
835.0, {'J10': -56.5, 'J11': -55468.5, 'J12': -18859.0, 'J13': -21445.5, 'cluster3106249630_3106249631_J60_J61_#5more': -77253.0}, {'J10': 2, 'J11': 32, 'J12': 21, 'J13': 28, 'cluster3106249630_3106249631_J60_J61_#5more': 36}, {'J10': 4, 'J11': 48, 'J12': 56, 'J13': 39, 'cluster3106249630_3106249631_J60_J61_#5more': 69}, 
840.0, {'J10': -47.5, 'J11': -55948.5, 'J12': -18409.5, 'J13': -21835.5, 'cluster3106249630_3106249631_J60_J61_#5more': -77698.0}, {'J10': 3, 'J11': 32, 'J12': 21, 'J13': 28, 'cluster3106249630_3106249631_J60_J61_#5more': 36}, {'J10': 4, 'J11': 48, 'J12': 52, 'J13': 39, 'cluster3106249630_3106249631_J60_J61_#5more': 67}, 
845.0, {'J10': -87.5, 'J11': -56428.5, 'J12': -17143.0, 'J13': -22225.5, 'cluster3106249630_3106249631_J60_J61_#5more': -78368.5}, {'J10': 3, 'J11': 32, 'J12': 21, 'J13': 28, 'cluster3106249630_3106249631_J60_J61_#5more': 36}, {'J10': 4, 'J11': 48, 'J12': 49, 'J13': 39, 'cluster3106249630_3106249631_J60_J61_#5more': 68}, 
850.0, {'J10': -24.0, 'J11': -56908.5, 'J12': -17299.5, 'J13': -22615.5, 'cluster3106249630_3106249631_J60_J61_#5more': -79048.5}, {'J10': 1, 'J11': 32, 'J12': 21, 'J13': 28, 'cluster3106249630_3106249631_J60_J61_#5more': 36}, {'J10': 3, 'J11': 48, 'J12': 48, 'J13': 39, 'cluster3106249630_3106249631_J60_J61_#5more': 68}, 
855.0, {'J10': -32.0, 'J11': -57388.5, 'J12': -17372.5, 'J13': -20277.5, 'cluster3106249630_3106249631_J60_J61_#5more': -79730.0}, {'J10': 2, 'J11': 32, 'J12': 21, 'J13': 26, 'cluster3106249630_3106249631_J60_J61_#5more': 36}, {'J10': 2, 'J11': 48, 'J12': 47, 'J13': 35, 'cluster3106249630_3106249631_J60_J61_#5more': 69}, 
860.0, {'J10': -12.0, 'J11': -57868.5, 'J12': -17786.0, 'J13': -18624.0, 'cluster3106249630_3106249631_J60_J61_#5more': -80420.0}, {'J10': 1, 'J11': 32, 'J12': 21, 'J13': 24, 'cluster3106249630_3106249631_J60_J61_#5more': 36}, {'J10': 2, 'J11': 48, 'J12': 50, 'J13': 34, 'cluster3106249630_3106249631_J60_J61_#5more': 69}, 
865.0, {'J10': 0, 'J11': -58348.5, 'J12': -17014.0, 'J13': -18964.0, 'cluster3106249630_3106249631_J60_J61_#5more': -80829.0}, {'J10': 0, 'J11': 32, 'J12': 21, 'J13': 24, 'cluster3106249630_3106249631_J60_J61_#5more': 36}, {'J10': 0, 'J11': 48, 'J12': 51, 'J13': 34, 'cluster3106249630_3106249631_J60_J61_#5more': 68}, 
870.0, {'J10': -1.0, 'J11': -58828.5, 'J12': -16800.0, 'J13': -19307.5, 'cluster3106249630_3106249631_J60_J61_#5more': -81509.0}, {'J10': 1, 'J11': 32, 'J12': 21, 'J13': 24, 'cluster3106249630_3106249631_J60_J61_#5more': 36}, {'J10': 1, 'J11': 48, 'J12': 46, 'J13': 35, 'cluster3106249630_3106249631_J60_J61_#5more': 68}, 
875.0, {'J10': 0, 'J11': -59308.5, 'J12': -17139.0, 'J13': -19658.0, 'cluster3106249630_3106249631_J60_J61_#5more': -82191.5}, {'J10': 0, 'J11': 32, 'J12': 21, 'J13': 25, 'cluster3106249630_3106249631_J60_J61_#5more': 36}, {'J10': 0, 'J11': 48, 'J12': 45, 'J13': 36, 'cluster3106249630_3106249631_J60_J61_#5more': 69}, 
880.0, {'J10': 0, 'J11': -59788.5, 'J12': -17338.5, 'J13': -20028.0, 'cluster3106249630_3106249631_J60_J61_#5more': -82886.5}, {'J10': 0, 'J11': 32, 'J12': 21, 'J13': 28, 'cluster3106249630_3106249631_J60_J61_#5more': 36}, {'J10': 0, 'J11': 48, 'J12': 43, 'J13': 39, 'cluster3106249630_3106249631_J60_J61_#5more': 71}, 
885.0, {'J10': -5.0, 'J11': -60268.5, 'J12': -17667.5, 'J13': -20418.0, 'cluster3106249630_3106249631_J60_J61_#5more': -82970.5}, {'J10': 1, 'J11': 32, 'J12': 21, 'J13': 28, 'cluster3106249630_3106249631_J60_J61_#5more': 36}, {'J10': 1, 'J11': 48, 'J12': 42, 'J13': 39, 'cluster3106249630_3106249631_J60_J61_#5more': 70}, 
890.0, {'J10': -15.0, 'J11': -60748.5, 'J12': -18120.5, 'J13': -20808.0, 'cluster3106249630_3106249631_J60_J61_#5more': -83589.5}, {'J10': 1, 'J11': 32, 'J12': 21, 'J13': 28, 'cluster3106249630_3106249631_J60_J61_#5more': 36}, {'J10': 1, 'J11': 48, 'J12': 49, 'J13': 39, 'cluster3106249630_3106249631_J60_J61_#5more': 72}, 
895.0, {'J10': -27.5, 'J11': -61228.5, 'J12': -18406.5, 'J13': -21198.0, 'cluster3106249630_3106249631_J60_J61_#5more': -84238.0}, {'J10': 2, 'J11': 32, 'J12': 21, 'J13': 28, 'cluster3106249630_3106249631_J60_J61_#5more': 36}, {'J10': 2, 'J11': 48, 'J12': 53, 'J13': 39, 'cluster3106249630_3106249631_J60_J61_#5more': 71}, 
900.0, {'J10': -13.5, 'J11': -61708.5, 'J12': -18733.0, 'J13': -21588.0, 'cluster3106249630_3106249631_J60_J61_#5more': -84157.0}, {'J10': 1, 'J11': 32, 'J12': 21, 'J13': 28, 'cluster3106249630_3106249631_J60_J61_#5more': 36}, {'J10': 2, 'J11': 48, 'J12': 48, 'J13': 39, 'cluster3106249630_3106249631_J60_J61_#5more': 71}, 
905.0, {'J10': 0, 'J11': -62188.5, 'J12': -19072.0, 'J13': -21978.0, 'cluster3106249630_3106249631_J60_J61_#5more': -84870.5}, {'J10': 0, 'J11': 32, 'J12': 21, 'J13': 28, 'cluster3106249630_3106249631_J60_J61_#5more': 36}, {'J10': 0, 'J11': 48, 'J12': 43, 'J13': 39, 'cluster3106249630_3106249631_J60_J61_#5more': 74}, 
910.0, {'J10': -3.5, 'J11': -62668.5, 'J12': -19472.5, 'J13': -22368.0, 'cluster3106249630_3106249631_J60_J61_#5more': -85527.0}, {'J10': 1, 'J11': 32, 'J12': 21, 'J13': 28, 'cluster3106249630_3106249631_J60_J61_#5more': 36}, {'J10': 2, 'J11': 48, 'J12': 44, 'J13': 39, 'cluster3106249630_3106249631_J60_J61_#5more': 75}, 
915.0, {'J10': -23.5, 'J11': -63148.5, 'J12': -19689.0, 'J13': -22758.0, 'cluster3106249630_3106249631_J60_J61_#5more': -86089.5}, {'J10': 1, 'J11': 32, 'J12': 21, 'J13': 28, 'cluster3106249630_3106249631_J60_J61_#5more': 36}, {'J10': 2, 'J11': 48, 'J12': 45, 'J13': 39, 'cluster3106249630_3106249631_J60_J61_#5more': 72}, 
920.0, {'J10': -43.5, 'J11': -63628.5, 'J12': -19550.0, 'J13': -20419.0, 'cluster3106249630_3106249631_J60_J61_#5more': -86656.0}, {'J10': 1, 'J11': 32, 'J12': 21, 'J13': 26, 'cluster3106249630_3106249631_J60_J61_#5more': 36}, {'J10': 2, 'J11': 48, 'J12': 44, 'J13': 36, 'cluster3106249630_3106249631_J60_J61_#5more': 68}, 
925.0, {'J10': -73.5, 'J11': -64111.5, 'J12': -19881.0, 'J13': -19140.5, 'cluster3106249630_3106249631_J60_J61_#5more': -87289.0}, {'J10': 2, 'J11': 32, 'J12': 21, 'J13': 25, 'cluster3106249630_3106249631_J60_J61_#5more': 36}, {'J10': 4, 'J11': 49, 'J12': 41, 'J13': 33, 'cluster3106249630_3106249631_J60_J61_#5more': 67}, 
930.0, {'J10': -113.5, 'J11': -64606.0, 'J12': -20250.0, 'J13': -19470.5, 'cluster3106249630_3106249631_J60_J61_#5more': -87959.0}, {'J10': 2, 'J11': 32, 'J12': 21, 'J13': 25, 'cluster3106249630_3106249631_J60_J61_#5more': 36}, {'J10': 4, 'J11': 51, 'J12': 40, 'J13': 33, 'cluster3106249630_3106249631_J60_J61_#5more': 67}, 
935.0, {'J10': -153.5, 'J11': -65116.0, 'J12': -20654.0, 'J13': -19803.0, 'cluster3106249630_3106249631_J60_J61_#5more': -88639.5}, {'J10': 2, 'J11': 32, 'J12': 21, 'J13': 25, 'cluster3106249630_3106249631_J60_J61_#5more': 36}, {'J10': 4, 'J11': 51, 'J12': 42, 'J13': 35, 'cluster3106249630_3106249631_J60_J61_#5more': 70}, 
940.0, {'J10': -193.5, 'J11': -65593.0, 'J12': -21064.0, 'J13': -20155.5, 'cluster3106249630_3106249631_J60_J61_#5more': -89324.5}, {'J10': 2, 'J11': 32, 'J12': 21, 'J13': 25, 'cluster3106249630_3106249631_J60_J61_#5more': 36}, {'J10': 4, 'J11': 50, 'J12': 42, 'J13': 36, 'cluster3106249630_3106249631_J60_J61_#5more': 69}, 
945.0, {'J10': -50.0, 'J11': -66063.0, 'J12': -21465.5, 'J13': -20526.5, 'cluster3106249630_3106249631_J60_J61_#5more': -90014.5}, {'J10': 1, 'J11': 32, 'J12': 21, 'J13': 28, 'cluster3106249630_3106249631_J60_J61_#5more': 36}, {'J10': 2, 'J11': 50, 'J12': 44, 'J13': 40, 'cluster3106249630_3106249631_J60_J61_#5more': 69}, 
950.0, {'J10': -15.0, 'J11': -66527.5, 'J12': -21896.5, 'J13': -20926.5, 'cluster3106249630_3106249631_J60_J61_#5more': -90643.5}, {'J10': 1, 'J11': 32, 'J12': 21, 'J13': 28, 'cluster3106249630_3106249631_J60_J61_#5more': 36}, {'J10': 1, 'J11': 52, 'J12': 45, 'J13': 40, 'cluster3106249630_3106249631_J60_J61_#5more': 69}, 
955.0, {'J10': -25.0, 'J11': -67014.0, 'J12': -22361.0, 'J13': -21326.5, 'cluster3106249630_3106249631_J60_J61_#5more': -91290.0}, {'J10': 1, 'J11': 32, 'J12': 21, 'J13': 28, 'cluster3106249630_3106249631_J60_J61_#5more': 36}, {'J10': 1, 'J11': 51, 'J12': 51, 'J13': 40, 'cluster3106249630_3106249631_J60_J61_#5more': 68}, 
960.0, {'J10': 0, 'J11': -67501.5, 'J12': -22800.0, 'J13': -21726.5, 'cluster3106249630_3106249631_J60_J61_#5more': -91918.0}, {'J10': 0, 'J11': 32, 'J12': 21, 'J13': 28, 'cluster3106249630_3106249631_J60_J61_#5more': 36}, {'J10': 0, 'J11': 50, 'J12': 48, 'J13': 40, 'cluster3106249630_3106249631_J60_J61_#5more': 67}, 
965.0, {'J10': -8.5, 'J11': -68006.0, 'J12': -23242.0, 'J13': -22126.5, 'cluster3106249630_3106249631_J60_J61_#5more': -92556.0}, {'J10': 2, 'J11': 32, 'J12': 21, 'J13': 28, 'cluster3106249630_3106249631_J60_J61_#5more': 36}, {'J10': 3, 'J11': 52, 'J12': 49, 'J13': 40, 'cluster3106249630_3106249631_J60_J61_#5more': 66}, 
970.0, {'J10': -43.0, 'J11': -68531.5, 'J12': -23670.0, 'J13': -22526.5, 'cluster3106249630_3106249631_J60_J61_#5more': -93222.0}, {'J10': 2, 'J11': 32, 'J12': 21, 'J13': 28, 'cluster3106249630_3106249631_J60_J61_#5more': 36}, {'J10': 4, 'J11': 54, 'J12': 47, 'J13': 40, 'cluster3106249630_3106249631_J60_J61_#5more': 68}, 
975.0, {'J10': -60.0, 'J11': -68997.5, 'J12': -23820.0, 'J13': -22926.5, 'cluster3106249630_3106249631_J60_J61_#5more': -93911.0}, {'J10': 2, 'J11': 32, 'J12': 21, 'J13': 28, 'cluster3106249630_3106249631_J60_J61_#5more': 36}, {'J10': 3, 'J11': 52, 'J12': 50, 'J13': 40, 'cluster3106249630_3106249631_J60_J61_#5more': 70}, 
980.0, {'J10': -90.0, 'J11': -69521.5, 'J12': -24300.0, 'J13': -23326.5, 'cluster3106249630_3106249631_J60_J61_#5more': -94611.0}, {'J10': 2, 'J11': 32, 'J12': 21, 'J13': 28, 'cluster3106249630_3106249631_J60_J61_#5more': 36}, {'J10': 3, 'J11': 53, 'J12': 50, 'J13': 40, 'cluster3106249630_3106249631_J60_J61_#5more': 70}, 
985.0, {'J10': -122.0, 'J11': -70060.5, 'J12': -24812.5, 'J13': -21119.0, 'cluster3106249630_3106249631_J60_J61_#5more': -95311.0}, {'J10': 2, 'J11': 32, 'J12': 21, 'J13': 26, 'cluster3106249630_3106249631_J60_J61_#5more': 36}, {'J10': 4, 'J11': 58, 'J12': 54, 'J13': 37, 'cluster3106249630_3106249631_J60_J61_#5more': 70}, 
990.0, {'J10': -166.5, 'J11': -70517.0, 'J12': -25233.0, 'J13': -19261.0, 'cluster3106249630_3106249631_J60_J61_#5more': -96011.0}, {'J10': 2, 'J11': 32, 'J12': 21, 'J13': 24, 'cluster3106249630_3106249631_J60_J61_#5more': 36}, {'J10': 5, 'J11': 56, 'J12': 54, 'J13': 34, 'cluster3106249630_3106249631_J60_J61_#5more': 70}, 
995.0, {'J10': -224.0, 'J11': -71023.5, 'J12': -24755.0, 'J13': -19601.0, 'cluster3106249630_3106249631_J60_J61_#5more': -96711.0}, {'J10': 4, 'J11': 32, 'J12': 21, 'J13': 24, 'cluster3106249630_3106249631_J60_J61_#5more': 36}, {'J10': 7, 'J11': 55, 'J12': 49, 'J13': 34, 'cluster3106249630_3106249631_J60_J61_#5more': 70}, 
1000.0, {'J10': -299.0, 'J11': -71573.5, 'J12': -25126.5, 'J13': -19945.0, 'cluster3106249630_3106249631_J60_J61_#5more': -97346.5}, {'J10': 5, 'J11': 32, 'J12': 21, 'J13': 24, 'cluster3106249630_3106249631_J60_J61_#5more': 36}, {'J10': 8, 'J11': 55, 'J12': 46, 'J13': 35, 'cluster3106249630_3106249631_J60_J61_#5more': 69}, 
1005.0, {'J10': -379.0, 'J11': -71955.5, 'J12': -25440.0, 'J13': -20295.5, 'cluster3106249630_3106249631_J60_J61_#5more': -98036.5}, {'J10': 5, 'J11': 32, 'J12': 21, 'J13': 25, 'cluster3106249630_3106249631_J60_J61_#5more': 36}, {'J10': 8, 'J11': 52, 'J12': 44, 'J13': 36, 'cluster3106249630_3106249631_J60_J61_#5more': 69}, 
1010.0, {'J10': -461.5, 'J11': -72319.0, 'J12': -25880.5, 'J13': -20665.5, 'cluster3106249630_3106249631_J60_J61_#5more': -98645.0}, {'J10': 6, 'J11': 32, 'J12': 21, 'J13': 28, 'cluster3106249630_3106249631_J60_J61_#5more': 36}, {'J10': 10, 'J11': 49, 'J12': 45, 'J13': 39, 'cluster3106249630_3106249631_J60_J61_#5more': 68}, 
1015.0, {'J10': -385.0, 'J11': -72748.5, 'J12': -26350.5, 'J13': -21060.5, 'cluster3106249630_3106249631_J60_J61_#5more': -99240.0}, {'J10': 7, 'J11': 32, 'J12': 21, 'J13': 28, 'cluster3106249630_3106249631_J60_J61_#5more': 36}, {'J10': 9, 'J11': 48, 'J12': 52, 'J13': 40, 'cluster3106249630_3106249631_J60_J61_#5more': 67}, 
1020.0, {'J10': -361.5, 'J11': -73228.5, 'J12': -26880.0, 'J13': -21460.5, 'cluster3106249630_3106249631_J60_J61_#5more': -99816.0}, {'J10': 7, 'J11': 32, 'J12': 21, 'J13': 28, 'cluster3106249630_3106249631_J60_J61_#5more': 36}, {'J10': 8, 'J11': 48, 'J12': 54, 'J13': 40, 'cluster3106249630_3106249631_J60_J61_#5more': 66}, 
1025.0, {'J10': -443.5, 'J11': -73708.5, 'J12': -27428.5, 'J13': -21860.5, 'cluster3106249630_3106249631_J60_J61_#5more': -100478.0}, {'J10': 8, 'J11': 32, 'J12': 21, 'J13': 28, 'cluster3106249630_3106249631_J60_J61_#5more': 36}, {'J10': 9, 'J11': 48, 'J12': 56, 'J13': 40, 'cluster3106249630_3106249631_J60_J61_#5more': 68}, 
1030.0, {'J10': -541.0, 'J11': -74188.5, 'J12': -27995.0, 'J13': -22260.5, 'cluster3106249630_3106249631_J60_J61_#5more': -101158.0}, {'J10': 10, 'J11': 32, 'J12': 21, 'J13': 28, 'cluster3106249630_3106249631_J60_J61_#5more': 36}, {'J10': 11, 'J11': 48, 'J12': 58, 'J13': 40, 'cluster3106249630_3106249631_J60_J61_#5more': 68}, 
1035.0, {'J10': -661.0, 'J11': -74668.5, 'J12': -28423.5, 'J13': -22660.5, 'cluster3106249630_3106249631_J60_J61_#5more': -101841.5}, {'J10': 13, 'J11': 32, 'J12': 21, 'J13': 28, 'cluster3106249630_3106249631_J60_J61_#5more': 36}, {'J10': 14, 'J11': 48, 'J12': 57, 'J13': 40, 'cluster3106249630_3106249631_J60_J61_#5more': 70}, 
1040.0, {'J10': -801.0, 'J11': -75148.5, 'J12': -28670.0, 'J13': -23060.5, 'cluster3106249630_3106249631_J60_J61_#5more': -102541.5}, {'J10': 13, 'J11': 32, 'J12': 21, 'J13': 28, 'cluster3106249630_3106249631_J60_J61_#5more': 36}, {'J10': 14, 'J11': 48, 'J12': 53, 'J13': 40, 'cluster3106249630_3106249631_J60_J61_#5more': 70}, 
1045.0, {'J10': -941.0, 'J11': -75628.5, 'J12': -29124.5, 'J13': -23460.5, 'cluster3106249630_3106249631_J60_J61_#5more': -103241.5}, {'J10': 13, 'J11': 32, 'J12': 21, 'J13': 28, 'cluster3106249630_3106249631_J60_J61_#5more': 36}, {'J10': 14, 'J11': 48, 'J12': 52, 'J13': 40, 'cluster3106249630_3106249631_J60_J61_#5more': 70}, 
1050.0, {'J10': -1084.5, 'J11': -76108.5, 'J12': -29530.5, 'J13': -23650.0, 'cluster3106249630_3106249631_J60_J61_#5more': -103941.5}, {'J10': 13, 'J11': 32, 'J12': 21, 'J13': 28, 'cluster3106249630_3106249631_J60_J61_#5more': 36}, {'J10': 15, 'J11': 48, 'J12': 51, 'J13': 39, 'cluster3106249630_3106249631_J60_J61_#5more': 70}, 
1055.0, {'J10': -1236.0, 'J11': -76588.5, 'J12': -29573.5, 'J13': -23324.0, 'cluster3106249630_3106249631_J60_J61_#5more': -104641.5}, {'J10': 13, 'J11': 32, 'J12': 21, 'J13': 28, 'cluster3106249630_3106249631_J60_J61_#5more': 36}, {'J10': 16, 'J11': 48, 'J12': 46, 'J13': 37, 'cluster3106249630_3106249631_J60_J61_#5more': 70}, 
1060.0, {'J10': -1396.0, 'J11': -77068.5, 'J12': -29917.5, 'J13': -23694.0, 'cluster3106249630_3106249631_J60_J61_#5more': -105341.5}, {'J10': 13, 'J11': 32, 'J12': 21, 'J13': 28, 'cluster3106249630_3106249631_J60_J61_#5more': 36}, {'J10': 16, 'J11': 48, 'J12': 44, 'J13': 37, 'cluster3106249630_3106249631_J60_J61_#5more': 70}, 
1065.0, {'J10': -1534.5, 'J11': -77548.5, 'J12': -22376.0, 'J13': -24064.5, 'cluster3106249630_3106249631_J60_J61_#5more': -106041.5}, {'J10': 13, 'J11': 32, 'J12': 18, 'J13': 28, 'cluster3106249630_3106249631_J60_J61_#5more': 36}, {'J10': 15, 'J11': 48, 'J12': 35, 'J13': 38, 'cluster3106249630_3106249631_J60_J61_#5more': 70}, 
1070.0, {'J10': -1684.5, 'J11': -78028.5, 'J12': -21170.5, 'J13': -24444.5, 'cluster3106249630_3106249631_J60_J61_#5more': -106741.5}, {'J10': 13, 'J11': 32, 'J12': 17, 'J13': 28, 'cluster3106249630_3106249631_J60_J61_#5more': 36}, {'J10': 15, 'J11': 48, 'J12': 37, 'J13': 38, 'cluster3106249630_3106249631_J60_J61_#5more': 70}, 
1075.0, {'J10': -1834.5, 'J11': -78515.5, 'J12': -21522.5, 'J13': -24829.0, 'cluster3106249630_3106249631_J60_J61_#5more': -107441.5}, {'J10': 13, 'J11': 32, 'J12': 17, 'J13': 28, 'cluster3106249630_3106249631_J60_J61_#5more': 36}, {'J10': 15, 'J11': 51, 'J12': 38, 'J13': 40, 'cluster3106249630_3106249631_J60_J61_#5more': 70}, 
1080.0, {'J10': -1862.5, 'J11': -79015.0, 'J12': -21950.5, 'J13': -25229.0, 'cluster3106249630_3106249631_J60_J61_#5more': -108141.5}, {'J10': 13, 'J11': 32, 'J12': 17, 'J13': 28, 'cluster3106249630_3106249631_J60_J61_#5more': 36}, {'J10': 14, 'J11': 51, 'J12': 45, 'J13': 40, 'cluster3106249630_3106249631_J60_J61_#5more': 70}, 
1085.0, {'J10': -1929.5, 'J11': -79468.5, 'J12': -21797.0, 'J13': -25629.0, 'cluster3106249630_3106249631_J60_J61_#5more': -108841.5}, {'J10': 13, 'J11': 32, 'J12': 21, 'J13': 28, 'cluster3106249630_3106249631_J60_J61_#5more': 36}, {'J10': 14, 'J11': 48, 'J12': 50, 'J13': 40, 'cluster3106249630_3106249631_J60_J61_#5more': 70}, 
1090.0, {'J10': -2069.5, 'J11': -79948.5, 'J12': -20939.5, 'J13': -26029.0, 'cluster3106249630_3106249631_J60_J61_#5more': -109410.0}, {'J10': 13, 'J11': 32, 'J12': 21, 'J13': 28, 'cluster3106249630_3106249631_J60_J61_#5more': 36}, {'J10': 14, 'J11': 48, 'J12': 47, 'J13': 40, 'cluster3106249630_3106249631_J60_J61_#5more': 69}, 
1095.0, {'J10': -2209.5, 'J11': -80429.0, 'J12': -20776.0, 'J13': -26433.5, 'cluster3106249630_3106249631_J60_J61_#5more': -110100.0}, {'J10': 13, 'J11': 32, 'J12': 21, 'J13': 28, 'cluster3106249630_3106249631_J60_J61_#5more': 36}, {'J10': 14, 'J11': 49, 'J12': 44, 'J13': 41, 'cluster3106249630_3106249631_J60_J61_#5more': 69}, 
1100.0, {'J10': -2349.5, 'J11': -80919.0, 'J12': -16897.0, 'J13': -26843.5, 'cluster3106249630_3106249631_J60_J61_#5more': -110639.5}, {'J10': 13, 'J11': 32, 'J12': 19, 'J13': 28, 'cluster3106249630_3106249631_J60_J61_#5more': 36}, {'J10': 14, 'J11': 49, 'J12': 40, 'J13': 41, 'cluster3106249630_3106249631_J60_J61_#5more': 68}, 
1105.0, {'J10': -2489.5, 'J11': -81388.5, 'J12': -14488.5, 'J13': -27253.5, 'cluster3106249630_3106249631_J60_J61_#5more': -111319.5}, {'J10': 13, 'J11': 32, 'J12': 17, 'J13': 28, 'cluster3106249630_3106249631_J60_J61_#5more': 36}, {'J10': 14, 'J11': 48, 'J12': 35, 'J13': 41, 'cluster3106249630_3106249631_J60_J61_#5more': 68}, 
1110.0, {'J10': -2629.5, 'J11': -81868.5, 'J12': -14819.5, 'J13': -27663.5, 'cluster3106249630_3106249631_J60_J61_#5more': -112005.5}, {'J10': 13, 'J11': 32, 'J12': 17, 'J13': 28, 'cluster3106249630_3106249631_J60_J61_#5more': 36}, {'J10': 14, 'J11': 48, 'J12': 40, 'J13': 41, 'cluster3106249630_3106249631_J60_J61_#5more': 70}, 
1115.0, {'J10': -2770.5, 'J11': -82349.0, 'J12': -15087.5, 'J13': -23741.0, 'cluster3106249630_3106249631_J60_J61_#5more': -112543.0}, {'J10': 13, 'J11': 32, 'J12': 17, 'J13': 25, 'cluster3106249630_3106249631_J60_J61_#5more': 36}, {'J10': 15, 'J11': 49, 'J12': 42, 'J13': 36, 'cluster3106249630_3106249631_J60_J61_#5more': 69}, 
1120.0, {'J10': -2920.5, 'J11': -82828.5, 'J12': -15380.0, 'J13': -22282.5, 'cluster3106249630_3106249631_J60_J61_#5more': -113233.0}, {'J10': 13, 'J11': 32, 'J12': 20, 'J13': 24, 'cluster3106249630_3106249631_J60_J61_#5more': 36}, {'J10': 15, 'J11': 48, 'J12': 44, 'J13': 33, 'cluster3106249630_3106249631_J60_J61_#5more': 69}, 
1125.0, {'J10': -3070.5, 'J11': -83308.5, 'J12': -15826.0, 'J13': -22612.5, 'cluster3106249630_3106249631_J60_J61_#5more': -113925.0}, {'J10': 13, 'J11': 32, 'J12': 20, 'J13': 24, 'cluster3106249630_3106249631_J60_J61_#5more': 36}, {'J10': 15, 'J11': 48, 'J12': 46, 'J13': 33, 'cluster3106249630_3106249631_J60_J61_#5more': 70}, 
1130.0, {'J10': -3220.5, 'J11': -83792.0, 'J12': -16188.5, 'J13': -22945.5, 'cluster3106249630_3106249631_J60_J61_#5more': -114625.0}, {'J10': 13, 'J11': 32, 'J12': 20, 'J13': 24, 'cluster3106249630_3106249631_J60_J61_#5more': 36}, {'J10': 15, 'J11': 49, 'J12': 44, 'J13': 35, 'cluster3106249630_3106249631_J60_J61_#5more': 70}, 
1135.0, {'J10': -3374.0, 'J11': -84268.5, 'J12': -16518.5, 'J13': -23298.5, 'cluster3106249630_3106249631_J60_J61_#5more': -115325.0}, {'J10': 13, 'J11': 32, 'J12': 20, 'J13': 25, 'cluster3106249630_3106249631_J60_J61_#5more': 36}, {'J10': 16, 'J11': 48, 'J12': 43, 'J13': 37, 'cluster3106249630_3106249631_J60_J61_#5more': 70}, 
1140.0, {'J10': -3534.0, 'J11': -84748.5, 'J12': -16449.0, 'J13': -23681.5, 'cluster3106249630_3106249631_J60_J61_#5more': -116025.0}, {'J10': 13, 'J11': 32, 'J12': 20, 'J13': 28, 'cluster3106249630_3106249631_J60_J61_#5more': 36}, {'J10': 16, 'J11': 48, 'J12': 49, 'J13': 41, 'cluster3106249630_3106249631_J60_J61_#5more': 70}, 
1145.0, {'J10': -3512.5, 'J11': -85228.5, 'J12': -16822.0, 'J13': -24091.5, 'cluster3106249630_3106249631_J60_J61_#5more': -116504.0}, {'J10': 13, 'J11': 32, 'J12': 20, 'J13': 28, 'cluster3106249630_3106249631_J60_J61_#5more': 36}, {'J10': 14, 'J11': 48, 'J12': 46, 'J13': 41, 'cluster3106249630_3106249631_J60_J61_#5more': 69}, 
1150.0, {'J10': -3621.5, 'J11': -85708.5, 'J12': -17260.5, 'J13': -24501.5, 'cluster3106249630_3106249631_J60_J61_#5more': -117194.0}, {'J10': 13, 'J11': 32, 'J12': 20, 'J13': 28, 'cluster3106249630_3106249631_J60_J61_#5more': 36}, {'J10': 14, 'J11': 48, 'J12': 46, 'J13': 41, 'cluster3106249630_3106249631_J60_J61_#5more': 69}, 
1155.0, {'J10': -3761.5, 'J11': -86188.5, 'J12': -17300.5, 'J13': -24911.5, 'cluster3106249630_3106249631_J60_J61_#5more': -117698.0}, {'J10': 13, 'J11': 32, 'J12': 20, 'J13': 28, 'cluster3106249630_3106249631_J60_J61_#5more': 36}, {'J10': 14, 'J11': 48, 'J12': 48, 'J13': 41, 'cluster3106249630_3106249631_J60_J61_#5more': 67}, 
1160.0, {'J10': -3901.5, 'J11': -86668.5, 'J12': -17246.0, 'J13': -25321.5, 'cluster3106249630_3106249631_J60_J61_#5more': -118296.0}, {'J10': 13, 'J11': 32, 'J12': 20, 'J13': 28, 'cluster3106249630_3106249631_J60_J61_#5more': 36}, {'J10': 14, 'J11': 48, 'J12': 47, 'J13': 41, 'cluster3106249630_3106249631_J60_J61_#5more': 66}, 
1165.0, {'J10': -4041.5, 'J11': -87148.5, 'J12': -14442.0, 'J13': -25731.5, 'cluster3106249630_3106249631_J60_J61_#5more': -118956.0}, {'J10': 13, 'J11': 32, 'J12': 18, 'J13': 28, 'cluster3106249630_3106249631_J60_J61_#5more': 36}, {'J10': 14, 'J11': 48, 'J12': 43, 'J13': 41, 'cluster3106249630_3106249631_J60_J61_#5more': 66}, 
1170.0, {'J10': -4181.5, 'J11': -87628.5, 'J12': -14815.5, 'J13': -26141.5, 'cluster3106249630_3106249631_J60_J61_#5more': -119616.5}, {'J10': 13, 'J11': 32, 'J12': 18, 'J13': 28, 'cluster3106249630_3106249631_J60_J61_#5more': 36}, {'J10': 14, 'J11': 48, 'J12': 43, 'J13': 41, 'cluster3106249630_3106249631_J60_J61_#5more': 67}, 
1175.0, {'J10': -4321.5, 'J11': -88108.5, 'J12': -15042.0, 'J13': -26554.0, 'cluster3106249630_3106249631_J60_J61_#5more': -120294.0}, {'J10': 13, 'J11': 32, 'J12': 18, 'J13': 28, 'cluster3106249630_3106249631_J60_J61_#5more': 36}, {'J10': 14, 'J11': 48, 'J12': 47, 'J13': 42, 'cluster3106249630_3106249631_J60_J61_#5more': 70}, 
1180.0, {'J10': -4461.5, 'J11': -88588.5, 'J12': -14858.0, 'J13': -22725.5, 'cluster3106249630_3106249631_J60_J61_#5more': -120994.0}, {'J10': 13, 'J11': 32, 'J12': 19, 'J13': 25, 'cluster3106249630_3106249631_J60_J61_#5more': 36}, {'J10': 14, 'J11': 48, 'J12': 52, 'J13': 37, 'cluster3106249630_3106249631_J60_J61_#5more': 70}, 
1185.0, {'J10': -4601.5, 'J11': -89068.5, 'J12': -15128.5, 'J13': -21460.0, 'cluster3106249630_3106249631_J60_J61_#5more': -121694.0}, {'J10': 13, 'J11': 32, 'J12': 20, 'J13': 24, 'cluster3106249630_3106249631_J60_J61_#5more': 36}, {'J10': 14, 'J11': 48, 'J12': 51, 'J13': 35, 'cluster3106249630_3106249631_J60_J61_#5more': 70}, 
1190.0, {'J10': -4741.5, 'J11': -89548.5, 'J12': -15615.0, 'J13': -21810.0, 'cluster3106249630_3106249631_J60_J61_#5more': -122394.0}, {'J10': 13, 'J11': 32, 'J12': 20, 'J13': 24, 'cluster3106249630_3106249631_J60_J61_#5more': 36}, {'J10': 14, 'J11': 48, 'J12': 53, 'J13': 35, 'cluster3106249630_3106249631_J60_J61_#5more': 70}, 
1195.0, {'J10': -4881.5, 'J11': -90028.5, 'J12': -15946.5, 'J13': -22163.5, 'cluster3106249630_3106249631_J60_J61_#5more': -123094.0}, {'J10': 13, 'J11': 32, 'J12': 20, 'J13': 24, 'cluster3106249630_3106249631_J60_J61_#5more': 36}, {'J10': 14, 'J11': 48, 'J12': 52, 'J13': 37, 'cluster3106249630_3106249631_J60_J61_#5more': 70}, 
1200.0, {'J10': -5021.5, 'J11': -90508.5, 'J12': -16326.0, 'J13': -22534.5, 'cluster3106249630_3106249631_J60_J61_#5more': -123794.0}, {'J10': 13, 'J11': 32, 'J12': 20, 'J13': 25, 'cluster3106249630_3106249631_J60_J61_#5more': 36}, {'J10': 14, 'J11': 48, 'J12': 51, 'J13': 38, 'cluster3106249630_3106249631_J60_J61_#5more': 70}, 
1205.0, {'J10': -5161.5, 'J11': -90988.5, 'J12': -16805.0, 'J13': -22924.0, 'cluster3106249630_3106249631_J60_J61_#5more': -124494.0}, {'J10': 13, 'J11': 32, 'J12': 20, 'J13': 28, 'cluster3106249630_3106249631_J60_J61_#5more': 36}, {'J10': 14, 'J11': 48, 'J12': 51, 'J13': 41, 'cluster3106249630_3106249631_J60_J61_#5more': 70}, 
1210.0, {'J10': -5179.0, 'J11': -91468.5, 'J12': -16915.0, 'J13': -23334.0, 'cluster3106249630_3106249631_J60_J61_#5more': -125194.0}, {'J10': 13, 'J11': 32, 'J12': 20, 'J13': 28, 'cluster3106249630_3106249631_J60_J61_#5more': 36}, {'J10': 13, 'J11': 48, 'J12': 54, 'J13': 41, 'cluster3106249630_3106249631_J60_J61_#5more': 70}, 
1215.0, {'J10': -5316.5, 'J11': -91948.5, 'J12': -17054.5, 'J13': -23744.0, 'cluster3106249630_3106249631_J60_J61_#5more': -125894.0}, {'J10': 13, 'J11': 32, 'J12': 20, 'J13': 28, 'cluster3106249630_3106249631_J60_J61_#5more': 36}, {'J10': 17, 'J11': 48, 'J12': 51, 'J13': 41, 'cluster3106249630_3106249631_J60_J61_#5more': 70}, 
1220.0, {'J10': -5466.5, 'J11': -92428.5, 'J12': -17307.5, 'J13': -24154.0, 'cluster3106249630_3106249631_J60_J61_#5more': -126594.0}, {'J10': 13, 'J11': 32, 'J12': 20, 'J13': 28, 'cluster3106249630_3106249631_J60_J61_#5more': 36}, {'J10': 16, 'J11': 48, 'J12': 48, 'J13': 41, 'cluster3106249630_3106249631_J60_J61_#5more': 70}, 
1225.0, {'J10': -5613.5, 'J11': -92910.5, 'J12': -17583.0, 'J13': -24564.0, 'cluster3106249630_3106249631_J60_J61_#5more': -127294.0}, {'J10': 13, 'J11': 32, 'J12': 20, 'J13': 28, 'cluster3106249630_3106249631_J60_J61_#5more': 36}, {'J10': 15, 'J11': 49, 'J12': 46, 'J13': 41, 'cluster3106249630_3106249631_J60_J61_#5more': 70}, 
1230.0, {'J10': -5763.5, 'J11': -93404.0, 'J12': -17872.5, 'J13': -24974.0, 'cluster3106249630_3106249631_J60_J61_#5more': -127873.5}, {'J10': 13, 'J11': 32, 'J12': 20, 'J13': 28, 'cluster3106249630_3106249631_J60_J61_#5more': 36}, {'J10': 15, 'J11': 50, 'J12': 45, 'J13': 41, 'cluster3106249630_3106249631_J60_J61_#5more': 69}, 
1235.0, {'J10': -5913.5, 'J11': -93904.0, 'J12': -15305.0, 'J13': -25384.0, 'cluster3106249630_3106249631_J60_J61_#5more': -128439.5}, {'J10': 13, 'J11': 32, 'J12': 18, 'J13': 28, 'cluster3106249630_3106249631_J60_J61_#5more': 36}, {'J10': 15, 'J11': 50, 'J12': 45, 'J13': 41, 'cluster3106249630_3106249631_J60_J61_#5more': 68}, 
1240.0, {'J10': -6063.5, 'J11': -94407.5, 'J12': -14003.0, 'J13': -25794.0, 'cluster3106249630_3106249631_J60_J61_#5more': -128987.0}, {'J10': 13, 'J11': 32, 'J12': 17, 'J13': 28, 'cluster3106249630_3106249631_J60_J61_#5more': 36}, {'J10': 15, 'J11': 51, 'J12': 41, 'J13': 41, 'cluster3106249630_3106249631_J60_J61_#5more': 67}, 
1245.0, {'J10': -6213.5, 'J11': -94918.0, 'J12': -14426.0, 'J13': -24452.5, 'cluster3106249630_3106249631_J60_J61_#5more': -129657.0}, {'J10': 13, 'J11': 32, 'J12': 17, 'J13': 27, 'cluster3106249630_3106249631_J60_J61_#5more': 36}, {'J10': 15, 'J11': 52, 'J12': 46, 'J13': 39, 'cluster3106249630_3106249631_J60_J61_#5more': 67}, 
1250.0, {'J10': -6366.0, 'J11': -95389.5, 'J12': -14850.5, 'J13': -23204.5, 'cluster3106249630_3106249631_J60_J61_#5more': -130176.0}, {'J10': 13, 'J11': 32, 'J12': 17, 'J13': 26, 'cluster3106249630_3106249631_J60_J61_#5more': 36}, {'J10': 16, 'J11': 52, 'J12': 45, 'J13': 37, 'cluster3106249630_3106249631_J60_J61_#5more': 66}, 
1255.0, {'J10': -6529.5, 'J11': -95909.5, 'J12': -15199.5, 'J13': -23574.5, 'cluster3106249630_3106249631_J60_J61_#5more': -130836.0}, {'J10': 13, 'J11': 32, 'J12': 20, 'J13': 26, 'cluster3106249630_3106249631_J60_J61_#5more': 36}, {'J10': 17, 'J11': 52, 'J12': 47, 'J13': 37, 'cluster3106249630_3106249631_J60_J61_#5more': 66}, 
1260.0, {'J10': -6699.5, 'J11': -96322.5, 'J12': -15491.0, 'J13': -23951.0, 'cluster3106249630_3106249631_J60_J61_#5more': -131496.0}, {'J10': 13, 'J11': 32, 'J12': 20, 'J13': 28, 'cluster3106249630_3106249631_J60_J61_#5more': 36}, {'J10': 17, 'J11': 50, 'J12': 51, 'J13': 41, 'cluster3106249630_3106249631_J60_J61_#5more': 66}, 
1265.0, {'J10': -6869.5, 'J11': -96782.0, 'J12': -15867.0, 'J13': -24361.0, 'cluster3106249630_3106249631_J60_J61_#5more': -132156.0}, {'J10': 13, 'J11': 32, 'J12': 20, 'J13': 28, 'cluster3106249630_3106249631_J60_J61_#5more': 36}, {'J10': 17, 'J11': 49, 'J12': 53, 'J13': 41, 'cluster3106249630_3106249631_J60_J61_#5more': 66}, 
1270.0, {'J10': -7042.0, 'J11': -97272.0, 'J12': -16403.5, 'J13': -24775.0, 'cluster3106249630_3106249631_J60_J61_#5more': -132816.0}, {'J10': 13, 'J11': 32, 'J12': 20, 'J13': 28, 'cluster3106249630_3106249631_J60_J61_#5more': 36}, {'J10': 19, 'J11': 49, 'J12': 55, 'J13': 42, 'cluster3106249630_3106249631_J60_J61_#5more': 66}, 
1275.0, {'J10': -7066.5, 'J11': -97710.5, 'J12': -16654.0, 'J13': -25195.0, 'cluster3106249630_3106249631_J60_J61_#5more': -133476.0}, {'J10': 13, 'J11': 32, 'J12': 20, 'J13': 28, 'cluster3106249630_3106249631_J60_J61_#5more': 36}, {'J10': 18, 'J11': 50, 'J12': 52, 'J13': 42, 'cluster3106249630_3106249631_J60_J61_#5more': 66}, 
1280.0, {'J10': -7247.5, 'J11': -98210.5, 'J12': -17006.0, 'J13': -25615.0, 'cluster3106249630_3106249631_J60_J61_#5more': -134143.0}, {'J10': 13, 'J11': 32, 'J12': 20, 'J13': 28, 'cluster3106249630_3106249631_J60_J61_#5more': 36}, {'J10': 20, 'J11': 50, 'J12': 50, 'J13': 42, 'cluster3106249630_3106249631_J60_J61_#5more': 69}, 
1285.0, {'J10': -7450.0, 'J11': -98712.0, 'J12': -17514.5, 'J13': -26035.0, 'cluster3106249630_3106249631_J60_J61_#5more': -134838.0}, {'J10': 13, 'J11': 32, 'J12': 20, 'J13': 28, 'cluster3106249630_3106249631_J60_J61_#5more': 36}, {'J10': 21, 'J11': 51, 'J12': 54, 'J13': 42, 'cluster3106249630_3106249631_J60_J61_#5more': 70}, 
1290.0, {'J10': -7588.0, 'J11': -99194.5, 'J12': -18068.5, 'J13': -26455.0, 'cluster3106249630_3106249631_J60_J61_#5more': -135516.5}, {'J10': 13, 'J11': 32, 'J12': 20, 'J13': 28, 'cluster3106249630_3106249631_J60_J61_#5more': 36}, {'J10': 18, 'J11': 51, 'J12': 59, 'J13': 42, 'cluster3106249630_3106249631_J60_J61_#5more': 70}, 
1295.0, {'J10': -7768.0, 'J11': -99642.5, 'J12': -18367.5, 'J13': -26875.0, 'cluster3106249630_3106249631_J60_J61_#5more': -136204.0}, {'J10': 13, 'J11': 32, 'J12': 20, 'J13': 28, 'cluster3106249630_3106249631_J60_J61_#5more': 36}, {'J10': 18, 'J11': 49, 'J12': 57, 'J13': 42, 'cluster3106249630_3106249631_J60_J61_#5more': 69}, 
1300.0, {'J10': -7948.0, 'J11': -100108.5, 'J12': -18829.0, 'J13': -27295.0, 'cluster3106249630_3106249631_J60_J61_#5more': -136852.0}, {'J10': 13, 'J11': 32, 'J12': 20, 'J13': 28, 'cluster3106249630_3106249631_J60_J61_#5more': 36}, {'J10': 18, 'J11': 48, 'J12': 55, 'J13': 42, 'cluster3106249630_3106249631_J60_J61_#5more': 68}, 
1305.0, {'J10': -8128.0, 'J11': -100588.5, 'J12': -19263.0, 'J13': -27715.0, 'cluster3106249630_3106249631_J60_J61_#5more': -137481.0}, {'J10': 13, 'J11': 32, 'J12': 20, 'J13': 28, 'cluster3106249630_3106249631_J60_J61_#5more': 36}, {'J10': 18, 'J11': 48, 'J12': 52, 'J13': 42, 'cluster3106249630_3106249631_J60_J61_#5more': 67}, 
1310.0, {'J10': -8308.0, 'J11': -101068.5, 'J12': -19415.5, 'J13': -23894.5, 'cluster3106249630_3106249631_J60_J61_#5more': -138151.0}, {'J10': 13, 'J11': 32, 'J12': 20, 'J13': 25, 'cluster3106249630_3106249631_J60_J61_#5more': 36}, {'J10': 18, 'J11': 48, 'J12': 54, 'J13': 38, 'cluster3106249630_3106249631_J60_J61_#5more': 67}, 
1315.0, {'J10': -8488.0, 'J11': -101548.5, 'J12': -19317.5, 'J13': -22898.5, 'cluster3106249630_3106249631_J60_J61_#5more': -138756.0}, {'J10': 13, 'J11': 32, 'J12': 20, 'J13': 24, 'cluster3106249630_3106249631_J60_J61_#5more': 36}, {'J10': 18, 'J11': 48, 'J12': 56, 'J13': 36, 'cluster3106249630_3106249631_J60_J61_#5more': 66}, 
1320.0, {'J10': -8668.0, 'J11': -102028.5, 'J12': -17885.5, 'J13': -23258.5, 'cluster3106249630_3106249631_J60_J61_#5more': -139423.5}, {'J10': 13, 'J11': 32, 'J12': 20, 'J13': 24, 'cluster3106249630_3106249631_J60_J61_#5more': 36}, {'J10': 18, 'J11': 48, 'J12': 53, 'J13': 36, 'cluster3106249630_3106249631_J60_J61_#5more': 69}, 
1325.0, {'J10': -8848.0, 'J11': -102510.5, 'J12': -18262.5, 'J13': -23620.5, 'cluster3106249630_3106249631_J60_J61_#5more': -140115.5}, {'J10': 13, 'J11': 32, 'J12': 20, 'J13': 24, 'cluster3106249630_3106249631_J60_J61_#5more': 36}, {'J10': 18, 'J11': 49, 'J12': 53, 'J13': 38, 'cluster3106249630_3106249631_J60_J61_#5more': 70}, 
1330.0, {'J10': -9028.0, 'J11': -102988.5, 'J12': -18631.5, 'J13': -24005.0, 'cluster3106249630_3106249631_J60_J61_#5more': -140815.5}, {'J10': 13, 'J11': 32, 'J12': 20, 'J13': 24, 'cluster3106249630_3106249631_J60_J61_#5more': 36}, {'J10': 18, 'J11': 48, 'J12': 53, 'J13': 39, 'cluster3106249630_3106249631_J60_J61_#5more': 70}, 
1335.0, {'J10': -9208.0, 'J11': -103468.5, 'J12': -18976.0, 'J13': -24402.5, 'cluster3106249630_3106249631_J60_J61_#5more': -141517.0}, {'J10': 13, 'J11': 32, 'J12': 20, 'J13': 26, 'cluster3106249630_3106249631_J60_J61_#5more': 36}, {'J10': 18, 'J11': 48, 'J12': 53, 'J13': 41, 'cluster3106249630_3106249631_J60_J61_#5more': 71}, 
1340.0, {'J10': -9139.0, 'J11': -103948.5, 'J12': -19324.0, 'J13': -24818.5, 'cluster3106249630_3106249631_J60_J61_#5more': -142227.0}, {'J10': 13, 'J11': 32, 'J12': 20, 'J13': 28, 'cluster3106249630_3106249631_J60_J61_#5more': 36}, {'J10': 18, 'J11': 48, 'J12': 50, 'J13': 43, 'cluster3106249630_3106249631_J60_J61_#5more': 71}, 
1345.0, {'J10': -9319.0, 'J11': -104428.5, 'J12': -16328.0, 'J13': -25248.5, 'cluster3106249630_3106249631_J60_J61_#5more': -142940.5}, {'J10': 13, 'J11': 32, 'J12': 18, 'J13': 28, 'cluster3106249630_3106249631_J60_J61_#5more': 36}, {'J10': 18, 'J11': 48, 'J12': 48, 'J13': 43, 'cluster3106249630_3106249631_J60_J61_#5more': 72}, 
1350.0, {'J10': -9501.5, 'J11': -104908.5, 'J12': -15595.5, 'J13': -25678.5, 'cluster3106249630_3106249631_J60_J61_#5more': -143660.5}, {'J10': 13, 'J11': 32, 'J12': 17, 'J13': 28, 'cluster3106249630_3106249631_J60_J61_#5more': 36}, {'J10': 19, 'J11': 48, 'J12': 48, 'J13': 43, 'cluster3106249630_3106249631_J60_J61_#5more': 72}, 
1355.0, {'J10': -9697.0, 'J11': -105388.5, 'J12': -15906.0, 'J13': -26108.5, 'cluster3106249630_3106249631_J60_J61_#5more': -144380.5}, {'J10': 13, 'J11': 32, 'J12': 17, 'J13': 28, 'cluster3106249630_3106249631_J60_J61_#5more': 36}, {'J10': 21, 'J11': 48, 'J12': 48, 'J13': 43, 'cluster3106249630_3106249631_J60_J61_#5more': 72}, 
1360.0, {'J10': -9850.0, 'J11': -105868.5, 'J12': -16392.0, 'J13': -26538.5, 'cluster3106249630_3106249631_J60_J61_#5more': -145100.5}, {'J10': 13, 'J11': 32, 'J12': 17, 'J13': 28, 'cluster3106249630_3106249631_J60_J61_#5more': 36}, {'J10': 19, 'J11': 48, 'J12': 50, 'J13': 43, 'cluster3106249630_3106249631_J60_J61_#5more': 72}, 
1365.0, {'J10': -10021.5, 'J11': -106348.5, 'J12': -15938.5, 'J13': -26968.5, 'cluster3106249630_3106249631_J60_J61_#5more': -145825.0}, {'J10': 13, 'J11': 32, 'J12': 21, 'J13': 28, 'cluster3106249630_3106249631_J60_J61_#5more': 36}, {'J10': 19, 'J11': 48, 'J12': 54, 'J13': 43, 'cluster3106249630_3106249631_J60_J61_#5more': 73}, 
1370.0, {'J10': -10211.5, 'J11': -106828.5, 'J12': -16389.5, 'J13': -27398.5, 'cluster3106249630_3106249631_J60_J61_#5more': -146555.0}, {'J10': 13, 'J11': 32, 'J12': 21, 'J13': 28, 'cluster3106249630_3106249631_J60_J61_#5more': 36}, {'J10': 19, 'J11': 48, 'J12': 54, 'J13': 43, 'cluster3106249630_3106249631_J60_J61_#5more': 73}, 
1375.0, {'J10': -10401.5, 'J11': -107308.5, 'J12': -16929.5, 'J13': -24862.5, 'cluster3106249630_3106249631_J60_J61_#5more': -147171.0}, {'J10': 13, 'J11': 32, 'J12': 21, 'J13': 26, 'cluster3106249630_3106249631_J60_J61_#5more': 36}, {'J10': 19, 'J11': 48, 'J12': 54, 'J13': 40, 'cluster3106249630_3106249631_J60_J61_#5more': 72}, 
1380.0, {'J10': -10591.5, 'J11': -107788.5, 'J12': -17183.5, 'J13': -25249.5, 'cluster3106249630_3106249631_J60_J61_#5more': -147891.0}, {'J10': 13, 'J11': 32, 'J12': 21, 'J13': 26, 'cluster3106249630_3106249631_J60_J61_#5more': 36}, {'J10': 19, 'J11': 48, 'J12': 52, 'J13': 39, 'cluster3106249630_3106249631_J60_J61_#5more': 72}, 
1385.0, {'J10': -10781.5, 'J11': -108268.5, 'J12': -17204.5, 'J13': -25639.5, 'cluster3106249630_3106249631_J60_J61_#5more': -148613.0}, {'J10': 13, 'J11': 32, 'J12': 21, 'J13': 26, 'cluster3106249630_3106249631_J60_J61_#5more': 36}, {'J10': 19, 'J11': 48, 'J12': 46, 'J13': 39, 'cluster3106249630_3106249631_J60_J61_#5more': 73}, 
1390.0, {'J10': -10971.5, 'J11': -108748.5, 'J12': -17591.5, 'J13': -26032.5, 'cluster3106249630_3106249631_J60_J61_#5more': -149343.0}, {'J10': 13, 'J11': 32, 'J12': 21, 'J13': 26, 'cluster3106249630_3106249631_J60_J61_#5more': 36}, {'J10': 19, 'J11': 48, 'J12': 49, 'J13': 40, 'cluster3106249630_3106249631_J60_J61_#5more': 73}, 
1395.0, {'J10': -11161.5, 'J11': -109228.5, 'J12': -18091.0, 'J13': -26433.5, 'cluster3106249630_3106249631_J60_J61_#5more': -150073.0}, {'J10': 13, 'J11': 32, 'J12': 21, 'J13': 27, 'cluster3106249630_3106249631_J60_J61_#5more': 36}, {'J10': 19, 'J11': 48, 'J12': 54, 'J13': 41, 'cluster3106249630_3106249631_J60_J61_#5more': 73}, 
1400.0, {'J10': -11351.5, 'J11': -109708.5, 'J12': -18638.0, 'J13': -26848.5, 'cluster3106249630_3106249631_J60_J61_#5more': -150640.5}, {'J10': 13, 'J11': 32, 'J12': 21, 'J13': 28, 'cluster3106249630_3106249631_J60_J61_#5more': 36}, {'J10': 19, 'J11': 48, 'J12': 56, 'J13': 42, 'cluster3106249630_3106249631_J60_J61_#5more': 72}, 
1405.0, {'J10': -11146.5, 'J11': -110188.5, 'J12': -18947.5, 'J13': -27271.0, 'cluster3106249630_3106249631_J60_J61_#5more': -151189.5}, {'J10': 13, 'J11': 32, 'J12': 21, 'J13': 28, 'cluster3106249630_3106249631_J60_J61_#5more': 36}, {'J10': 17, 'J11': 48, 'J12': 52, 'J13': 43, 'cluster3106249630_3106249631_J60_J61_#5more': 71}, 
1410.0, {'J10': -11317.5, 'J11': -110668.5, 'J12': -19260.5, 'J13': -27701.0, 'cluster3106249630_3106249631_J60_J61_#5more': -151899.5}, {'J10': 13, 'J11': 32, 'J12': 21, 'J13': 28, 'cluster3106249630_3106249631_J60_J61_#5more': 36}, {'J10': 18, 'J11': 48, 'J12': 48, 'J13': 43, 'cluster3106249630_3106249631_J60_J61_#5more': 71}, 
1415.0, {'J10': -11501.0, 'J11': -111148.5, 'J12': -19353.5, 'J13': -28131.0, 'cluster3106249630_3106249631_J60_J61_#5more': -152613.5}, {'J10': 13, 'J11': 32, 'J12': 21, 'J13': 28, 'cluster3106249630_3106249631_J60_J61_#5more': 36}, {'J10': 20, 'J11': 48, 'J12': 46, 'J13': 43, 'cluster3106249630_3106249631_J60_J61_#5more': 72}, 
1420.0, {'J10': -11704.5, 'J11': -111628.5, 'J12': -19285.5, 'J13': -28561.0, 'cluster3106249630_3106249631_J60_J61_#5more': -153340.0}, {'J10': 13, 'J11': 32, 'J12': 21, 'J13': 28, 'cluster3106249630_3106249631_J60_J61_#5more': 36}, {'J10': 21, 'J11': 48, 'J12': 46, 'J13': 43, 'cluster3106249630_3106249631_J60_J61_#5more': 74}, 
1425.0, {'J10': -11917.5, 'J11': -112108.5, 'J12': -19623.5, 'J13': -28991.0, 'cluster3106249630_3106249631_J60_J61_#5more': -154068.0}, {'J10': 13, 'J11': 32, 'J12': 21, 'J13': 28, 'cluster3106249630_3106249631_J60_J61_#5more': 36}, {'J10': 22, 'J11': 48, 'J12': 48, 'J13': 43, 'cluster3106249630_3106249631_J60_J61_#5more': 73}, 
1430.0, {'J10': -12042.0, 'J11': -112588.5, 'J12': -20031.5, 'J13': -29421.0, 'cluster3106249630_3106249631_J60_J61_#5more': -154494.0}, {'J10': 13, 'J11': 32, 'J12': 21, 'J13': 28, 'cluster3106249630_3106249631_J60_J61_#5more': 36}, {'J10': 19, 'J11': 48, 'J12': 54, 'J13': 43, 'cluster3106249630_3106249631_J60_J61_#5more': 71}, 
1435.0, {'J10': -12209.0, 'J11': -113068.5, 'J12': -16888.0, 'J13': -29851.0, 'cluster3106249630_3106249631_J60_J61_#5more': -155205.5}, {'J10': 13, 'J11': 32, 'J12': 19, 'J13': 28, 'cluster3106249630_3106249631_J60_J61_#5more': 36}, {'J10': 18, 'J11': 48, 'J12': 50, 'J13': 43, 'cluster3106249630_3106249631_J60_J61_#5more': 72}, 
1440.0, {'J10': -12389.0, 'J11': -113548.5, 'J12': -14782.0, 'J13': -26717.0, 'cluster3106249630_3106249631_J60_J61_#5more': -155929.5}, {'J10': 13, 'J11': 32, 'J12': 17, 'J13': 26, 'cluster3106249630_3106249631_J60_J61_#5more': 36}, {'J10': 18, 'J11': 48, 'J12': 46, 'J13': 38, 'cluster3106249630_3106249631_J60_J61_#5more': 74}, 
1445.0, {'J10': -12569.0, 'J11': -114028.5, 'J12': -15152.0, 'J13': -27097.0, 'cluster3106249630_3106249631_J60_J61_#5more': -156669.5}, {'J10': 13, 'J11': 32, 'J12': 17, 'J13': 26, 'cluster3106249630_3106249631_J60_J61_#5more': 36}, {'J10': 18, 'J11': 48, 'J12': 45, 'J13': 38, 'cluster3106249630_3106249631_J60_J61_#5more': 74}, 
1450.0, {'J10': -12749.0, 'J11': -114508.5, 'J12': -15570.5, 'J13': -27477.0, 'cluster3106249630_3106249631_J60_J61_#5more': -157412.0}, {'J10': 13, 'J11': 32, 'J12': 17, 'J13': 26, 'cluster3106249630_3106249631_J60_J61_#5more': 36}, {'J10': 18, 'J11': 48, 'J12': 48, 'J13': 38, 'cluster3106249630_3106249631_J60_J61_#5more': 75}, 
1455.0, {'J10': -12929.0, 'J11': -114991.0, 'J12': -15926.0, 'J13': -27859.5, 'cluster3106249630_3106249631_J60_J61_#5more': -158162.0}, {'J10': 13, 'J11': 32, 'J12': 20, 'J13': 26, 'cluster3106249630_3106249631_J60_J61_#5more': 36}, {'J10': 18, 'J11': 49, 'J12': 48, 'J13': 40, 'cluster3106249630_3106249631_J60_J61_#5more': 75}, 
1460.0, {'J10': -13109.0, 'J11': -115481.0, 'J12': -16315.5, 'J13': -28259.5, 'cluster3106249630_3106249631_J60_J61_#5more': -158912.0}, {'J10': 13, 'J11': 32, 'J12': 20, 'J13': 26, 'cluster3106249630_3106249631_J60_J61_#5more': 36}, {'J10': 18, 'J11': 49, 'J12': 47, 'J13': 40, 'cluster3106249630_3106249631_J60_J61_#5more': 75}, 
1465.0, {'J10': -13289.0, 'J11': -115971.0, 'J12': -16589.0, 'J13': -28668.0, 'cluster3106249630_3106249631_J60_J61_#5more': -159662.0}, {'J10': 13, 'J11': 32, 'J12': 20, 'J13': 28, 'cluster3106249630_3106249631_J60_J61_#5more': 36}, {'J10': 18, 'J11': 49, 'J12': 43, 'J13': 42, 'cluster3106249630_3106249631_J60_J61_#5more': 75}, 
1470.0, {'J10': -13069.5, 'J11': -116461.0, 'J12': -17026.5, 'J13': -29088.0, 'cluster3106249630_3106249631_J60_J61_#5more': -160412.0}, {'J10': 13, 'J11': 32, 'J12': 20, 'J13': 28, 'cluster3106249630_3106249631_J60_J61_#5more': 36}, {'J10': 19, 'J11': 49, 'J12': 49, 'J13': 42, 'cluster3106249630_3106249631_J60_J61_#5more': 75}, 
1475.0, {'J10': -13260.0, 'J11': -116951.0, 'J12': -17500.0, 'J13': -29508.0, 'cluster3106249630_3106249631_J60_J61_#5more': -161164.0}, {'J10': 13, 'J11': 32, 'J12': 20, 'J13': 28, 'cluster3106249630_3106249631_J60_J61_#5more': 36}, {'J10': 20, 'J11': 49, 'J12': 49, 'J13': 42, 'cluster3106249630_3106249631_J60_J61_#5more': 76}, 
1480.0, {'J10': -13465.5, 'J11': -117441.0, 'J12': -15131.5, 'J13': -29928.0, 'cluster3106249630_3106249631_J60_J61_#5more': -161924.0}, {'J10': 13, 'J11': 32, 'J12': 18, 'J13': 28, 'cluster3106249630_3106249631_J60_J61_#5more': 36}, {'J10': 22, 'J11': 49, 'J12': 48, 'J13': 42, 'cluster3106249630_3106249631_J60_J61_#5more': 76}, 
1485.0, {'J10': -13607.5, 'J11': -117931.0, 'J12': -15330.0, 'J13': -30348.0, 'cluster3106249630_3106249631_J60_J61_#5more': -162684.0}, {'J10': 13, 'J11': 32, 'J12': 18, 'J13': 28, 'cluster3106249630_3106249631_J60_J61_#5more': 36}, {'J10': 20, 'J11': 49, 'J12': 46, 'J13': 42, 'cluster3106249630_3106249631_J60_J61_#5more': 76}, 
1490.0, {'J10': -13784.5, 'J11': -118348.5, 'J12': -15702.5, 'J13': -30768.0, 'cluster3106249630_3106249631_J60_J61_#5more': -163444.0}, {'J10': 13, 'J11': 32, 'J12': 18, 'J13': 28, 'cluster3106249630_3106249631_J60_J61_#5more': 36}, {'J10': 19, 'J11': 48, 'J12': 45, 'J13': 42, 'cluster3106249630_3106249631_J60_J61_#5more': 76}, 
1495.0, {'J10': -13974.5, 'J11': -118828.5, 'J12': -16014.5, 'J13': -31188.0, 'cluster3106249630_3106249631_J60_J61_#5more': -164204.0}, {'J10': 13, 'J11': 32, 'J12': 19, 'J13': 28, 'cluster3106249630_3106249631_J60_J61_#5more': 36}, {'J10': 19, 'J11': 48, 'J12': 49, 'J13': 42, 'cluster3106249630_3106249631_J60_J61_#5more': 76}, 
1500.0, {'J10': -14164.5, 'J11': -119308.5, 'J12': -16522.5, 'J13': -31608.0, 'cluster3106249630_3106249631_J60_J61_#5more': -164964.0}, {'J10': 13, 'J11': 32, 'J12': 21, 'J13': 28, 'cluster3106249630_3106249631_J60_J61_#5more': 36}, {'J10': 19, 'J11': 48, 'J12': 53, 'J13': 42, 'cluster3106249630_3106249631_J60_J61_#5more': 76}, 
1505.0, {'J10': -14354.5, 'J11': -119788.5, 'J12': -17057.5, 'J13': -28663.5, 'cluster3106249630_3106249631_J60_J61_#5more': -165540.0}, {'J10': 13, 'J11': 32, 'J12': 21, 'J13': 26, 'cluster3106249630_3106249631_J60_J61_#5more': 36}, {'J10': 19, 'J11': 48, 'J12': 55, 'J13': 39, 'cluster3106249630_3106249631_J60_J61_#5more': 75}, 
1510.0, {'J10': -14544.5, 'J11': -120268.5, 'J12': -17450.0, 'J13': -29040.5, 'cluster3106249630_3106249631_J60_J61_#5more': -166290.0}, {'J10': 13, 'J11': 32, 'J12': 21, 'J13': 26, 'cluster3106249630_3106249631_J60_J61_#5more': 36}, {'J10': 19, 'J11': 48, 'J12': 52, 'J13': 38, 'cluster3106249630_3106249631_J60_J61_#5more': 75}, 
1515.0, {'J10': -14734.5, 'J11': -120748.5, 'J12': -17569.5, 'J13': -29420.5, 'cluster3106249630_3106249631_J60_J61_#5more': -167040.0}, {'J10': 13, 'J11': 32, 'J12': 21, 'J13': 26, 'cluster3106249630_3106249631_J60_J61_#5more': 36}, {'J10': 19, 'J11': 48, 'J12': 46, 'J13': 38, 'cluster3106249630_3106249631_J60_J61_#5more': 75}, 
1520.0, {'J10': -14924.5, 'J11': -121228.5, 'J12': -17904.5, 'J13': -29803.0, 'cluster3106249630_3106249631_J60_J61_#5more': -167795.0}, {'J10': 13, 'J11': 32, 'J12': 21, 'J13': 26, 'cluster3106249630_3106249631_J60_J61_#5more': 36}, {'J10': 19, 'J11': 48, 'J12': 45, 'J13': 40, 'cluster3106249630_3106249631_J60_J61_#5more': 76}, 
1525.0, {'J10': -15114.5, 'J11': -121708.5, 'J12': -18359.0, 'J13': -30207.5, 'cluster3106249630_3106249631_J60_J61_#5more': -168555.0}, {'J10': 13, 'J11': 32, 'J12': 21, 'J13': 28, 'cluster3106249630_3106249631_J60_J61_#5more': 36}, {'J10': 19, 'J11': 48, 'J12': 47, 'J13': 42, 'cluster3106249630_3106249631_J60_J61_#5more': 76}, 
1530.0, {'J10': -15304.5, 'J11': -122191.0, 'J12': -18838.5, 'J13': -30627.5, 'cluster3106249630_3106249631_J60_J61_#5more': -169320.0}, {'J10': 13, 'J11': 32, 'J12': 21, 'J13': 28, 'cluster3106249630_3106249631_J60_J61_#5more': 36}, {'J10': 19, 'J11': 49, 'J12': 49, 'J13': 42, 'cluster3106249630_3106249631_J60_J61_#5more': 77}, 
1535.0, {'J10': -15389.5, 'J11': -122686.0, 'J12': -19333.5, 'J13': -31047.5, 'cluster3106249630_3106249631_J60_J61_#5more': -169663.5}, {'J10': 13, 'J11': 32, 'J12': 21, 'J13': 28, 'cluster3106249630_3106249631_J60_J61_#5more': 36}, {'J10': 18, 'J11': 51, 'J12': 51, 'J13': 42, 'cluster3106249630_3106249631_J60_J61_#5more': 76}, 
1540.0, {'J10': -15569.5, 'J11': -123196.0, 'J12': -19392.0, 'J13': -31467.5, 'cluster3106249630_3106249631_J60_J61_#5more': -170424.5}, {'J10': 13, 'J11': 32, 'J12': 21, 'J13': 28, 'cluster3106249630_3106249631_J60_J61_#5more': 36}, {'J10': 18, 'J11': 51, 'J12': 47, 'J13': 42, 'cluster3106249630_3106249631_J60_J61_#5more': 77}, 
1545.0, {'J10': -15749.5, 'J11': -123706.0, 'J12': -19844.0, 'J13': -31887.5, 'cluster3106249630_3106249631_J60_J61_#5more': -170951.0}, {'J10': 13, 'J11': 32, 'J12': 21, 'J13': 28, 'cluster3106249630_3106249631_J60_J61_#5more': 36}, {'J10': 18, 'J11': 51, 'J12': 50, 'J13': 42, 'cluster3106249630_3106249631_J60_J61_#5more': 76}, 
1550.0, {'J10': -15929.5, 'J11': -124216.0, 'J12': -18840.5, 'J13': -32307.5, 'cluster3106249630_3106249631_J60_J61_#5more': -169137.5}, {'J10': 13, 'J11': 32, 'J12': 21, 'J13': 28, 'cluster3106249630_3106249631_J60_J61_#5more': 36}, {'J10': 18, 'J11': 51, 'J12': 48, 'J13': 42, 'cluster3106249630_3106249631_J60_J61_#5more': 73}, 
1555.0, {'J10': -16109.5, 'J11': -124674.0, 'J12': -18384.5, 'J13': -32727.5, 'cluster3106249630_3106249631_J60_J61_#5more': -169867.5}, {'J10': 13, 'J11': 32, 'J12': 20, 'J13': 28, 'cluster3106249630_3106249631_J60_J61_#5more': 36}, {'J10': 18, 'J11': 51, 'J12': 47, 'J13': 42, 'cluster3106249630_3106249631_J60_J61_#5more': 73}, 
1560.0, {'J10': -16289.5, 'J11': -125068.5, 'J12': -15857.0, 'J13': -33147.5, 'cluster3106249630_3106249631_J60_J61_#5more': -170602.5}, {'J10': 13, 'J11': 32, 'J12': 18, 'J13': 28, 'cluster3106249630_3106249631_J60_J61_#5more': 36}, {'J10': 18, 'J11': 48, 'J12': 43, 'J13': 42, 'cluster3106249630_3106249631_J60_J61_#5more': 74}, 
1565.0, {'J10': -16469.5, 'J11': -125548.5, 'J12': -14263.5, 'J13': -33567.5, 'cluster3106249630_3106249631_J60_J61_#5more': -171296.5}, {'J10': 13, 'J11': 32, 'J12': 16, 'J13': 28, 'cluster3106249630_3106249631_J60_J61_#5more': 36}, {'J10': 18, 'J11': 48, 'J12': 37, 'J13': 42, 'cluster3106249630_3106249631_J60_J61_#5more': 72}, 
1570.0, {'J10': -16649.5, 'J11': -126028.5, 'J12': -14493.5, 'J13': -30858.0, 'cluster3106249630_3106249631_J60_J61_#5more': -172016.5}, {'J10': 13, 'J11': 32, 'J12': 16, 'J13': 26, 'cluster3106249630_3106249631_J60_J61_#5more': 36}, {'J10': 18, 'J11': 48, 'J12': 36, 'J13': 39, 'cluster3106249630_3106249631_J60_J61_#5more': 72}, 
1575.0, {'J10': -16829.5, 'J11': -126509.0, 'J12': -14767.0, 'J13': -30747.5, 'cluster3106249630_3106249631_J60_J61_#5more': -172740.5}, {'J10': 13, 'J11': 32, 'J12': 17, 'J13': 26, 'cluster3106249630_3106249631_J60_J61_#5more': 36}, {'J10': 18, 'J11': 49, 'J12': 35, 'J13': 38, 'cluster3106249630_3106249631_J60_J61_#5more': 76}, 
1580.0, {'J10': -17009.5, 'J11': -126988.5, 'J12': -15105.5, 'J13': -31127.5, 'cluster3106249630_3106249631_J60_J61_#5more': -173495.0}, {'J10': 13, 'J11': 32, 'J12': 20, 'J13': 26, 'cluster3106249630_3106249631_J60_J61_#5more': 36}, {'J10': 18, 'J11': 48, 'J12': 40, 'J13': 38, 'cluster3106249630_3106249631_J60_J61_#5more': 76}, 
1585.0, {'J10': -17189.5, 'J11': -127468.5, 'J12': -15520.5, 'J13': -31510.0, 'cluster3106249630_3106249631_J60_J61_#5more': -174255.0}, {'J10': 13, 'J11': 32, 'J12': 20, 'J13': 26, 'cluster3106249630_3106249631_J60_J61_#5more': 36}, {'J10': 18, 'J11': 48, 'J12': 46, 'J13': 40, 'cluster3106249630_3106249631_J60_J61_#5more': 76}, 
1590.0, {'J10': -17369.5, 'J11': -127948.5, 'J12': -13676.5, 'J13': -31910.0, 'cluster3106249630_3106249631_J60_J61_#5more': -175015.5}, {'J10': 13, 'J11': 32, 'J12': 19, 'J13': 26, 'cluster3106249630_3106249631_J60_J61_#5more': 36}, {'J10': 18, 'J11': 48, 'J12': 41, 'J13': 40, 'cluster3106249630_3106249631_J60_J61_#5more': 77}, 
1595.0, {'J10': -17549.5, 'J11': -128428.5, 'J12': -14032.0, 'J13': -32319.0, 'cluster3106249630_3106249631_J60_J61_#5more': -175785.5}, {'J10': 13, 'J11': 32, 'J12': 19, 'J13': 28, 'cluster3106249630_3106249631_J60_J61_#5more': 36}, {'J10': 18, 'J11': 48, 'J12': 39, 'J13': 42, 'cluster3106249630_3106249631_J60_J61_#5more': 77}, 
1600.0, {'J10': -17731.0, 'J11': -128908.5, 'J12': -14358.0, 'J13': -32739.0, 'cluster3106249630_3106249631_J60_J61_#5more': -176555.5}, {'J10': 13, 'J11': 32, 'J12': 19, 'J13': 28, 'cluster3106249630_3106249631_J60_J61_#5more': 36}, {'J10': 19, 'J11': 48, 'J12': 39, 'J13': 42, 'cluster3106249630_3106249631_J60_J61_#5more': 77}, 
1605.0, {'J10': -17909.5, 'J11': -129388.5, 'J12': -14764.0, 'J13': -33159.0, 'cluster3106249630_3106249631_J60_J61_#5more': -177325.5}, {'J10': 13, 'J11': 32, 'J12': 21, 'J13': 28, 'cluster3106249630_3106249631_J60_J61_#5more': 36}, {'J10': 18, 'J11': 48, 'J12': 46, 'J13': 42, 'cluster3106249630_3106249631_J60_J61_#5more': 77}, 
1610.0, {'J10': -18089.5, 'J11': -129868.5, 'J12': -14376.5, 'J13': -33579.0, 'cluster3106249630_3106249631_J60_J61_#5more': -178095.5}, {'J10': 13, 'J11': 32, 'J12': 21, 'J13': 28, 'cluster3106249630_3106249631_J60_J61_#5more': 36}, {'J10': 18, 'J11': 48, 'J12': 51, 'J13': 42, 'cluster3106249630_3106249631_J60_J61_#5more': 77}, 
1615.0, {'J10': -18269.5, 'J11': -130348.5, 'J12': -14834.0, 'J13': -33999.0, 'cluster3106249630_3106249631_J60_J61_#5more': -176242.0}, {'J10': 13, 'J11': 32, 'J12': 21, 'J13': 28, 'cluster3106249630_3106249631_J60_J61_#5more': 36}, {'J10': 18, 'J11': 48, 'J12': 50, 'J13': 42, 'cluster3106249630_3106249631_J60_J61_#5more': 76}, 
1620.0, {'J10': -18449.5, 'J11': -130828.5, 'J12': -15343.5, 'J13': -34419.0, 'cluster3106249630_3106249631_J60_J61_#5more': -177002.0}, {'J10': 13, 'J11': 32, 'J12': 21, 'J13': 28, 'cluster3106249630_3106249631_J60_J61_#5more': 36}, {'J10': 18, 'J11': 48, 'J12': 54, 'J13': 42, 'cluster3106249630_3106249631_J60_J61_#5more': 76}, 
1625.0, {'J10': -18630.5, 'J11': -131308.5, 'J12': -15808.5, 'J13': -34839.0, 'cluster3106249630_3106249631_J60_J61_#5more': -177741.5}, {'J10': 13, 'J11': 32, 'J12': 21, 'J13': 28, 'cluster3106249630_3106249631_J60_J61_#5more': 36}, {'J10': 19, 'J11': 48, 'J12': 54, 'J13': 42, 'cluster3106249630_3106249631_J60_J61_#5more': 75}, 
1630.0, {'J10': -18820.5, 'J11': -131788.5, 'J12': -16099.0, 'J13': -35262.0, 'cluster3106249630_3106249631_J60_J61_#5more': -178491.5}, {'J10': 13, 'J11': 32, 'J12': 21, 'J13': 28, 'cluster3106249630_3106249631_J60_J61_#5more': 36}, {'J10': 19, 'J11': 48, 'J12': 48, 'J13': 43, 'cluster3106249630_3106249631_J60_J61_#5more': 75}, 
1635.0, {'J10': -19010.5, 'J11': -132268.5, 'J12': -16456.5, 'J13': -30668.5, 'cluster3106249630_3106249631_J60_J61_#5more': -179119.5}, {'J10': 13, 'J11': 32, 'J12': 21, 'J13': 25, 'cluster3106249630_3106249631_J60_J61_#5more': 36}, {'J10': 19, 'J11': 48, 'J12': 47, 'J13': 37, 'cluster3106249630_3106249631_J60_J61_#5more': 74}, 
1640.0, {'J10': -19200.5, 'J11': -132748.5, 'J12': -14656.5, 'J13': -29775.0, 'cluster3106249630_3106249631_J60_J61_#5more': -179859.5}, {'J10': 13, 'J11': 32, 'J12': 19, 'J13': 24, 'cluster3106249630_3106249631_J60_J61_#5more': 36}, {'J10': 19, 'J11': 48, 'J12': 42, 'J13': 36, 'cluster3106249630_3106249631_J60_J61_#5more': 74}, 
1645.0, {'J10': -19390.5, 'J11': -133228.5, 'J12': -14142.0, 'J13': -30135.0, 'cluster3106249630_3106249631_J60_J61_#5more': -180599.5}, {'J10': 13, 'J11': 32, 'J12': 18, 'J13': 24, 'cluster3106249630_3106249631_J60_J61_#5more': 36}, {'J10': 19, 'J11': 48, 'J12': 40, 'J13': 36, 'cluster3106249630_3106249631_J60_J61_#5more': 74}, 
1650.0, {'J10': -19580.5, 'J11': -133708.5, 'J12': -14543.5, 'J13': -30497.5, 'cluster3106249630_3106249631_J60_J61_#5more': -181344.5}, {'J10': 13, 'J11': 32, 'J12': 18, 'J13': 24, 'cluster3106249630_3106249631_J60_J61_#5more': 36}, {'J10': 19, 'J11': 48, 'J12': 41, 'J13': 38, 'cluster3106249630_3106249631_J60_J61_#5more': 75}, 
1655.0, {'J10': -19770.5, 'J11': -134188.5, 'J12': -14964.5, 'J13': -30879.0, 'cluster3106249630_3106249631_J60_J61_#5more': -182095.0}, {'J10': 13, 'J11': 32, 'J12': 18, 'J13': 25, 'cluster3106249630_3106249631_J60_J61_#5more': 36}, {'J10': 19, 'J11': 48, 'J12': 47, 'J13': 39, 'cluster3106249630_3106249631_J60_J61_#5more': 76}, 
1660.0, {'J10': -19960.5, 'J11': -134668.5, 'J12': -13446.0, 'J13': -31280.5, 'cluster3106249630_3106249631_J60_J61_#5more': -182855.0}, {'J10': 13, 'J11': 32, 'J12': 19, 'J13': 28, 'cluster3106249630_3106249631_J60_J61_#5more': 36}, {'J10': 19, 'J11': 48, 'J12': 43, 'J13': 42, 'cluster3106249630_3106249631_J60_J61_#5more': 76}, 
1665.0, {'J10': -20074.0, 'J11': -135148.5, 'J12': -12539.5, 'J13': -31700.5, 'cluster3106249630_3106249631_J60_J61_#5more': -183615.0}, {'J10': 13, 'J11': 32, 'J12': 17, 'J13': 28, 'cluster3106249630_3106249631_J60_J61_#5more': 36}, {'J10': 20, 'J11': 48, 'J12': 43, 'J13': 42, 'cluster3106249630_3106249631_J60_J61_#5more': 76}, 
1670.0, {'J10': -20249.5, 'J11': -135628.5, 'J12': -12953.5, 'J13': -32120.5, 'cluster3106249630_3106249631_J60_J61_#5more': -184186.5}, {'J10': 13, 'J11': 32, 'J12': 17, 'J13': 28, 'cluster3106249630_3106249631_J60_J61_#5more': 36}, {'J10': 18, 'J11': 48, 'J12': 45, 'J13': 42, 'cluster3106249630_3106249631_J60_J61_#5more': 76}, 
1675.0, {'J10': -20429.5, 'J11': -136108.5, 'J12': -13393.0, 'J13': -32540.5, 'cluster3106249630_3106249631_J60_J61_#5more': -184752.0}, {'J10': 13, 'J11': 32, 'J12': 17, 'J13': 28, 'cluster3106249630_3106249631_J60_J61_#5more': 36}, {'J10': 18, 'J11': 48, 'J12': 48, 'J13': 42, 'cluster3106249630_3106249631_J60_J61_#5more': 77}, 
1680.0, {'J10': -20609.5, 'J11': -136588.5, 'J12': -13892.5, 'J13': -32960.5, 'cluster3106249630_3106249631_J60_J61_#5more': -182588.5}, {'J10': 13, 'J11': 32, 'J12': 20, 'J13': 28, 'cluster3106249630_3106249631_J60_J61_#5more': 36}, {'J10': 18, 'J11': 48, 'J12': 56, 'J13': 42, 'cluster3106249630_3106249631_J60_J61_#5more': 76}, 
1685.0, {'J10': -20789.5, 'J11': -137068.5, 'J12': -14379.0, 'J13': -33384.5, 'cluster3106249630_3106249631_J60_J61_#5more': -183352.5}, {'J10': 13, 'J11': 32, 'J12': 20, 'J13': 28, 'cluster3106249630_3106249631_J60_J61_#5more': 36}, {'J10': 18, 'J11': 48, 'J12': 56, 'J13': 43, 'cluster3106249630_3106249631_J60_J61_#5more': 78}, 
1690.0, {'J10': -20969.5, 'J11': -137548.5, 'J12': -14918.5, 'J13': -33814.5, 'cluster3106249630_3106249631_J60_J61_#5more': -184019.5}, {'J10': 13, 'J11': 32, 'J12': 20, 'J13': 28, 'cluster3106249630_3106249631_J60_J61_#5more': 36}, {'J10': 18, 'J11': 48, 'J12': 56, 'J13': 43, 'cluster3106249630_3106249631_J60_J61_#5more': 76}, 
1695.0, {'J10': -21149.5, 'J11': -138028.5, 'J12': -15431.0, 'J13': -34244.5, 'cluster3106249630_3106249631_J60_J61_#5more': -184662.0}, {'J10': 13, 'J11': 32, 'J12': 20, 'J13': 28, 'cluster3106249630_3106249631_J60_J61_#5more': 36}, {'J10': 18, 'J11': 48, 'J12': 57, 'J13': 43, 'cluster3106249630_3106249631_J60_J61_#5more': 73}, 
1700.0, {'J10': -21329.5, 'J11': -138508.5, 'J12': -15695.0, 'J13': -30253.0, 'cluster3106249630_3106249631_J60_J61_#5more': -185243.0}, {'J10': 13, 'J11': 32, 'J12': 20, 'J13': 25, 'cluster3106249630_3106249631_J60_J61_#5more': 36}, {'J10': 18, 'J11': 48, 'J12': 51, 'J13': 38, 'cluster3106249630_3106249631_J60_J61_#5more': 71}, 
1705.0, {'J10': -21509.5, 'J11': -138989.5, 'J12': -16027.5, 'J13': -29128.5, 'cluster3106249630_3106249631_J60_J61_#5more': -185957.5}, {'J10': 13, 'J11': 32, 'J12': 20, 'J13': 24, 'cluster3106249630_3106249631_J60_J61_#5more': 36}, {'J10': 18, 'J11': 49, 'J12': 48, 'J13': 36, 'cluster3106249630_3106249631_J60_J61_#5more': 72}, 
1710.0, {'J10': -21689.5, 'J11': -139479.5, 'J12': -16517.0, 'J13': -29488.5, 'cluster3106249630_3106249631_J60_J61_#5more': -186679.5}, {'J10': 13, 'J11': 32, 'J12': 20, 'J13': 24, 'cluster3106249630_3106249631_J60_J61_#5more': 36}, {'J10': 18, 'J11': 49, 'J12': 52, 'J13': 36, 'cluster3106249630_3106249631_J60_J61_#5more': 73}, 
1715.0, {'J10': -21869.5, 'J11': -139969.5, 'J12': -14645.5, 'J13': -29852.0, 'cluster3106249630_3106249631_J60_J61_#5more': -187351.0}, {'J10': 13, 'J11': 32, 'J12': 20, 'J13': 24, 'cluster3106249630_3106249631_J60_J61_#5more': 36}, {'J10': 18, 'J11': 49, 'J12': 51, 'J13': 38, 'cluster3106249630_3106249631_J60_J61_#5more': 73}, 
1720.0, {'J10': -22054.5, 'J11': -140462.5, 'J12': -13245.0, 'J13': -30234.0, 'cluster3106249630_3106249631_J60_J61_#5more': -188081.5}, {'J10': 13, 'J11': 32, 'J12': 20, 'J13': 24, 'cluster3106249630_3106249631_J60_J61_#5more': 36}, {'J10': 19, 'J11': 50, 'J12': 45, 'J13': 39, 'cluster3106249630_3106249631_J60_J61_#5more': 74}, 
1725.0, {'J10': -22244.5, 'J11': -140962.5, 'J12': -13478.0, 'J13': -30638.0, 'cluster3106249630_3106249631_J60_J61_#5more': -188821.5}, {'J10': 13, 'J11': 32, 'J12': 20, 'J13': 28, 'cluster3106249630_3106249631_J60_J61_#5more': 36}, {'J10': 19, 'J11': 50, 'J12': 39, 'J13': 43, 'cluster3106249630_3106249631_J60_J61_#5more': 74}, 
1730.0, {'J10': -22409.5, 'J11': -141388.5, 'J12': -13877.0, 'J13': -31068.0, 'cluster3106249630_3106249631_J60_J61_#5more': -189470.0}, {'J10': 13, 'J11': 32, 'J12': 20, 'J13': 28, 'cluster3106249630_3106249631_J60_J61_#5more': 36}, {'J10': 18, 'J11': 48, 'J12': 42, 'J13': 43, 'cluster3106249630_3106249631_J60_J61_#5more': 73}, 
1735.0, {'J10': -22589.5, 'J11': -141871.5, 'J12': -12488.5, 'J13': -31498.0, 'cluster3106249630_3106249631_J60_J61_#5more': -190148.0}, {'J10': 13, 'J11': 32, 'J12': 20, 'J13': 28, 'cluster3106249630_3106249631_J60_J61_#5more': 36}, {'J10': 18, 'J11': 49, 'J12': 38, 'J13': 43, 'cluster3106249630_3106249631_J60_J61_#5more': 72}, 
1740.0, {'J10': -22769.5, 'J11': -142361.5, 'J12': -12882.0, 'J13': -31928.0, 'cluster3106249630_3106249631_J60_J61_#5more': -190868.5}, {'J10': 13, 'J11': 32, 'J12': 20, 'J13': 28, 'cluster3106249630_3106249631_J60_J61_#5more': 36}, {'J10': 18, 'J11': 49, 'J12': 43, 'J13': 43, 'cluster3106249630_3106249631_J60_J61_#5more': 73}, 
1745.0, {'J10': -22949.5, 'J11': -142828.5, 'J12': -13297.5, 'J13': -32358.0, 'cluster3106249630_3106249631_J60_J61_#5more': -191600.5}, {'J10': 13, 'J11': 32, 'J12': 20, 'J13': 28, 'cluster3106249630_3106249631_J60_J61_#5more': 36}, {'J10': 18, 'J11': 48, 'J12': 44, 'J13': 43, 'cluster3106249630_3106249631_J60_J61_#5more': 74}, 
1750.0, {'J10': -23129.5, 'J11': -143308.5, 'J12': -12839.0, 'J13': -32788.0, 'cluster3106249630_3106249631_J60_J61_#5more': -192332.5}, {'J10': 13, 'J11': 32, 'J12': 20, 'J13': 28, 'cluster3106249630_3106249631_J60_J61_#5more': 36}, {'J10': 18, 'J11': 48, 'J12': 41, 'J13': 43, 'cluster3106249630_3106249631_J60_J61_#5more': 74}, 
1755.0, {'J10': -23309.5, 'J11': -143788.5, 'J12': -13203.0, 'J13': -33218.0, 'cluster3106249630_3106249631_J60_J61_#5more': -192918.0}, {'J10': 13, 'J11': 32, 'J12': 20, 'J13': 28, 'cluster3106249630_3106249631_J60_J61_#5more': 36}, {'J10': 18, 'J11': 48, 'J12': 40, 'J13': 43, 'cluster3106249630_3106249631_J60_J61_#5more': 72}, 
1760.0, {'J10': -23489.5, 'J11': -144272.0, 'J12': -13565.5, 'J13': -33648.0, 'cluster3106249630_3106249631_J60_J61_#5more': -193638.0}, {'J10': 13, 'J11': 32, 'J12': 20, 'J13': 28, 'cluster3106249630_3106249631_J60_J61_#5more': 36}, {'J10': 18, 'J11': 50, 'J12': 41, 'J13': 43, 'cluster3106249630_3106249631_J60_J61_#5more': 72}, 
1765.0, {'J10': -23669.5, 'J11': -144780.5, 'J12': -11689.5, 'J13': -29868.5, 'cluster3106249630_3106249631_J60_J61_#5more': -194367.0}, {'J10': 13, 'J11': 32, 'J12': 18, 'J13': 25, 'cluster3106249630_3106249631_J60_J61_#5more': 36}, {'J10': 18, 'J11': 53, 'J12': 40, 'J13': 40, 'cluster3106249630_3106249631_J60_J61_#5more': 75}, 
1770.0, {'J10': -23849.5, 'J11': -145274.5, 'J12': -10351.5, 'J13': -28734.0, 'cluster3106249630_3106249631_J60_J61_#5more': -195117.0}, {'J10': 13, 'J11': 32, 'J12': 16, 'J13': 24, 'cluster3106249630_3106249631_J60_J61_#5more': 36}, {'J10': 18, 'J11': 51, 'J12': 38, 'J13': 36, 'cluster3106249630_3106249631_J60_J61_#5more': 75}, 
1775.0, {'J10': -24032.5, 'J11': -145732.0, 'J12': -10750.5, 'J13': -29094.0, 'cluster3106249630_3106249631_J60_J61_#5more': -195796.5}, {'J10': 13, 'J11': 32, 'J12': 16, 'J13': 24, 'cluster3106249630_3106249631_J60_J61_#5more': 36}, {'J10': 19, 'J11': 49, 'J12': 44, 'J13': 36, 'cluster3106249630_3106249631_J60_J61_#5more': 74}, 
1780.0, {'J10': -24222.5, 'J11': -146188.5, 'J12': -11197.5, 'J13': -29456.5, 'cluster3106249630_3106249631_J60_J61_#5more': -196439.0}, {'J10': 13, 'J11': 32, 'J12': 16, 'J13': 24, 'cluster3106249630_3106249631_J60_J61_#5more': 36}, {'J10': 19, 'J11': 48, 'J12': 47, 'J13': 38, 'cluster3106249630_3106249631_J60_J61_#5more': 72}, 
1785.0, {'J10': -24415.5, 'J11': -146668.5, 'J12': -9961.5, 'J13': -29836.5, 'cluster3106249630_3106249631_J60_J61_#5more': -197117.0}, {'J10': 13, 'J11': 32, 'J12': 20, 'J13': 24, 'cluster3106249630_3106249631_J60_J61_#5more': 36}, {'J10': 20, 'J11': 48, 'J12': 49, 'J13': 38, 'cluster3106249630_3106249631_J60_J61_#5more': 71}, 
1790.0, {'J10': -24615.5, 'J11': -147148.5, 'J12': -10275.0, 'J13': -30227.0, 'cluster3106249630_3106249631_J60_J61_#5more': -197827.0}, {'J10': 13, 'J11': 32, 'J12': 20, 'J13': 27, 'cluster3106249630_3106249631_J60_J61_#5more': 36}, {'J10': 20, 'J11': 48, 'J12': 46, 'J13': 41, 'cluster3106249630_3106249631_J60_J61_#5more': 71}, 
1795.0, {'J10': -24772.5, 'J11': -147628.5, 'J12': -10642.0, 'J13': -30640.5, 'cluster3106249630_3106249631_J60_J61_#5more': -198539.0}, {'J10': 13, 'J11': 32, 'J12': 20, 'J13': 28, 'cluster3106249630_3106249631_J60_J61_#5more': 36}, {'J10': 19, 'J11': 48, 'J12': 45, 'J13': 42, 'cluster3106249630_3106249631_J60_J61_#5more': 73}, 
1800.0, {'J10': -24929.5, 'J11': -148108.5, 'J12': -11039.0, 'J13': -31060.5, 'cluster3106249630_3106249631_J60_J61_#5more': -199277.0}, {'J10': 13, 'J11': 32, 'J12': 20, 'J13': 28, 'cluster3106249630_3106249631_J60_J61_#5more': 36}, {'J10': 18, 'J11': 48, 'J12': 46, 'J13': 42, 'cluster3106249630_3106249631_J60_J61_#5more': 75}, 
1805.0, {'J10': -25109.5, 'J11': -148588.5, 'J12': -10260.5, 'J13': -31480.5, 'cluster3106249630_3106249631_J60_J61_#5more': -200005.5}, {'J10': 13, 'J11': 32, 'J12': 20, 'J13': 28, 'cluster3106249630_3106249631_J60_J61_#5more': 36}, {'J10': 18, 'J11': 48, 'J12': 43, 'J13': 42, 'cluster3106249630_3106249631_J60_J61_#5more': 74}, 
1810.0, {'J10': -25290.0, 'J11': -149068.5, 'J12': -10548.0, 'J13': -31903.5, 'cluster3106249630_3106249631_J60_J61_#5more': -200698.0}, {'J10': 13, 'J11': 32, 'J12': 20, 'J13': 28, 'cluster3106249630_3106249631_J60_J61_#5more': 36}, {'J10': 19, 'J11': 48, 'J12': 41, 'J13': 43, 'cluster3106249630_3106249631_J60_J61_#5more': 73}, 
1815.0, {'J10': -25480.0, 'J11': -149548.5, 'J12': -10087.0, 'J13': -32333.5, 'cluster3106249630_3106249631_J60_J61_#5more': -201418.0}, {'J10': 13, 'J11': 32, 'J12': 20, 'J13': 28, 'cluster3106249630_3106249631_J60_J61_#5more': 36}, {'J10': 19, 'J11': 48, 'J12': 40, 'J13': 43, 'cluster3106249630_3106249631_J60_J61_#5more': 73}, 
1820.0, {'J10': -25670.0, 'J11': -150028.5, 'J12': -9131.5, 'J13': -32763.5, 'cluster3106249630_3106249631_J60_J61_#5more': -202157.0}, {'J10': 13, 'J11': 32, 'J12': 19, 'J13': 28, 'cluster3106249630_3106249631_J60_J61_#5more': 36}, {'J10': 19, 'J11': 48, 'J12': 40, 'J13': 43, 'cluster3106249630_3106249631_J60_J61_#5more': 75}, 
1825.0, {'J10': -25860.0, 'J11': -150508.5, 'J12': -9537.0, 'J13': -33193.5, 'cluster3106249630_3106249631_J60_J61_#5more': -202907.0}, {'J10': 13, 'J11': 32, 'J12': 19, 'J13': 28, 'cluster3106249630_3106249631_J60_J61_#5more': 36}, {'J10': 19, 'J11': 48, 'J12': 42, 'J13': 43, 'cluster3106249630_3106249631_J60_J61_#5more': 75}, 
1830.0, {'J10': -26050.0, 'J11': -150990.0, 'J12': -9322.5, 'J13': -30583.5, 'cluster3106249630_3106249631_J60_J61_#5more': -203657.0}, {'J10': 13, 'J11': 32, 'J12': 19, 'J13': 26, 'cluster3106249630_3106249631_J60_J61_#5more': 36}, {'J10': 19, 'J11': 49, 'J12': 41, 'J13': 39, 'cluster3106249630_3106249631_J60_J61_#5more': 75}, 
1835.0, {'J10': -26240.0, 'J11': -151484.0, 'J12': -9305.5, 'J13': -28669.5, 'cluster3106249630_3106249631_J60_J61_#5more': -204330.5}, {'J10': 13, 'J11': 32, 'J12': 20, 'J13': 24, 'cluster3106249630_3106249631_J60_J61_#5more': 36}, {'J10': 19, 'J11': 51, 'J12': 41, 'J13': 37, 'cluster3106249630_3106249631_J60_J61_#5more': 75}, 
1840.0, {'J10': -26430.0, 'J11': -152000.0, 'J12': -9340.0, 'J13': -29039.5, 'cluster3106249630_3106249631_J60_J61_#5more': -205046.0}, {'J10': 13, 'J11': 32, 'J12': 21, 'J13': 24, 'cluster3106249630_3106249631_J60_J61_#5more': 36}, {'J10': 19, 'J11': 53, 'J12': 42, 'J13': 37, 'cluster3106249630_3106249631_J60_J61_#5more': 77}, 
1845.0, {'J10': -26620.0, 'J11': -152478.0, 'J12': -8370.0, 'J13': -29413.0, 'cluster3106249630_3106249631_J60_J61_#5more': -205764.0}, {'J10': 13, 'J11': 32, 'J12': 19, 'J13': 24, 'cluster3106249630_3106249631_J60_J61_#5more': 36}, {'J10': 19, 'J11': 51, 'J12': 43, 'J13': 38, 'cluster3106249630_3106249631_J60_J61_#5more': 77}, 
1850.0, {'J10': -26810.0, 'J11': -152936.5, 'J12': -8482.0, 'J13': -29793.0, 'cluster3106249630_3106249631_J60_J61_#5more': -206463.5}, {'J10': 13, 'J11': 32, 'J12': 19, 'J13': 24, 'cluster3106249630_3106249631_J60_J61_#5more': 36}, {'J10': 19, 'J11': 51, 'J12': 41, 'J13': 38, 'cluster3106249630_3106249631_J60_J61_#5more': 76}, 
1855.0, {'J10': -27000.0, 'J11': -153446.5, 'J12': -8746.5, 'J13': -30182.0, 'cluster3106249630_3106249631_J60_J61_#5more': -207113.5}, {'J10': 13, 'J11': 32, 'J12': 19, 'J13': 27, 'cluster3106249630_3106249631_J60_J61_#5more': 36}, {'J10': 19, 'J11': 51, 'J12': 40, 'J13': 41, 'cluster3106249630_3106249631_J60_J61_#5more': 74}, 
1860.0, {'J10': -27089.5, 'J11': -153911.5, 'J12': -9071.0, 'J13': -30595.5, 'cluster3106249630_3106249631_J60_J61_#5more': -207853.5}, {'J10': 13, 'J11': 32, 'J12': 20, 'J13': 28, 'cluster3106249630_3106249631_J60_J61_#5more': 36}, {'J10': 18, 'J11': 50, 'J12': 44, 'J13': 42, 'cluster3106249630_3106249631_J60_J61_#5more': 74}, 
1865.0, {'J10': -27271.0, 'J11': -154379.0, 'J12': -9100.5, 'J13': -31015.5, 'cluster3106249630_3106249631_J60_J61_#5more': -208596.0}, {'J10': 13, 'J11': 32, 'J12': 20, 'J13': 28, 'cluster3106249630_3106249631_J60_J61_#5more': 36}, {'J10': 19, 'J11': 49, 'J12': 44, 'J13': 42, 'cluster3106249630_3106249631_J60_J61_#5more': 75}, 
1870.0, {'J10': -27461.0, 'J11': -154830.5, 'J12': -9495.5, 'J13': -31435.5, 'cluster3106249630_3106249631_J60_J61_#5more': -209346.0}, {'J10': 13, 'J11': 32, 'J12': 20, 'J13': 28, 'cluster3106249630_3106249631_J60_J61_#5more': 36}, {'J10': 19, 'J11': 49, 'J12': 41, 'J13': 42, 'cluster3106249630_3106249631_J60_J61_#5more': 75}, 
1875.0, {'J10': -27651.0, 'J11': -155320.5, 'J12': -9383.5, 'J13': -31855.5, 'cluster3106249630_3106249631_J60_J61_#5more': -210096.0}, {'J10': 13, 'J11': 32, 'J12': 20, 'J13': 28, 'cluster3106249630_3106249631_J60_J61_#5more': 36}, {'J10': 19, 'J11': 49, 'J12': 48, 'J13': 42, 'cluster3106249630_3106249631_J60_J61_#5more': 75}, 
1880.0, {'J10': -27841.0, 'J11': -155788.5, 'J12': -9888.5, 'J13': -32275.5, 'cluster3106249630_3106249631_J60_J61_#5more': -210850.0}, {'J10': 13, 'J11': 32, 'J12': 21, 'J13': 28, 'cluster3106249630_3106249631_J60_J61_#5more': 36}, {'J10': 19, 'J11': 48, 'J12': 57, 'J13': 42, 'cluster3106249630_3106249631_J60_J61_#5more': 77}, 
1885.0, {'J10': -28031.0, 'J11': -156268.5, 'J12': -10470.5, 'J13': -32695.5, 'cluster3106249630_3106249631_J60_J61_#5more': -211609.5}, {'J10': 13, 'J11': 32, 'J12': 21, 'J13': 28, 'cluster3106249630_3106249631_J60_J61_#5more': 36}, {'J10': 19, 'J11': 48, 'J12': 60, 'J13': 42, 'cluster3106249630_3106249631_J60_J61_#5more': 76}, 
1890.0, {'J10': -28221.0, 'J11': -156748.5, 'J12': -10331.5, 'J13': -33115.5, 'cluster3106249630_3106249631_J60_J61_#5more': -212369.5}, {'J10': 13, 'J11': 32, 'J12': 21, 'J13': 28, 'cluster3106249630_3106249631_J60_J61_#5more': 36}, {'J10': 19, 'J11': 48, 'J12': 54, 'J13': 42, 'cluster3106249630_3106249631_J60_J61_#5more': 76}, 
1895.0, {'J10': -28411.0, 'J11': -157228.5, 'J12': -10554.0, 'J13': -30805.5, 'cluster3106249630_3106249631_J60_J61_#5more': -213129.5}, {'J10': 13, 'J11': 32, 'J12': 21, 'J13': 26, 'cluster3106249630_3106249631_J60_J61_#5more': 36}, {'J10': 19, 'J11': 48, 'J12': 51, 'J13': 39, 'cluster3106249630_3106249631_J60_J61_#5more': 76}, 
1900.0, {'J10': -28601.0, 'J11': -157708.5, 'J12': -10725.0, 'J13': -28439.5, 'cluster3106249630_3106249631_J60_J61_#5more': -213889.5}, {'J10': 13, 'J11': 32, 'J12': 21, 'J13': 24, 'cluster3106249630_3106249631_J60_J61_#5more': 36}, {'J10': 19, 'J11': 48, 'J12': 48, 'J13': 36, 'cluster3106249630_3106249631_J60_J61_#5more': 76}, 
1905.0, {'J10': -28791.0, 'J11': -158190.5, 'J12': -10940.5, 'J13': -28804.5, 'cluster3106249630_3106249631_J60_J61_#5more': -214654.0}, {'J10': 13, 'J11': 32, 'J12': 21, 'J13': 24, 'cluster3106249630_3106249631_J60_J61_#5more': 36}, {'J10': 19, 'J11': 49, 'J12': 47, 'J13': 37, 'cluster3106249630_3106249631_J60_J61_#5more': 78}, 
1910.0, {'J10': -28981.0, 'J11': -158680.5, 'J12': -11344.5, 'J13': -29178.0, 'cluster3106249630_3106249631_J60_J61_#5more': -215442.5}, {'J10': 13, 'J11': 32, 'J12': 21, 'J13': 24, 'cluster3106249630_3106249631_J60_J61_#5more': 36}, {'J10': 19, 'J11': 49, 'J12': 50, 'J13': 39, 'cluster3106249630_3106249631_J60_J61_#5more': 80}, 
1915.0, {'J10': -29171.0, 'J11': -159148.5, 'J12': -11196.5, 'J13': -29568.0, 'cluster3106249630_3106249631_J60_J61_#5more': -216198.0}, {'J10': 13, 'J11': 32, 'J12': 21, 'J13': 24, 'cluster3106249630_3106249631_J60_J61_#5more': 36}, {'J10': 19, 'J11': 48, 'J12': 45, 'J13': 39, 'cluster3106249630_3106249631_J60_J61_#5more': 78}, 
1920.0, {'J10': -29361.0, 'J11': -159628.5, 'J12': -8823.5, 'J13': -29972.5, 'cluster3106249630_3106249631_J60_J61_#5more': -216953.0}, {'J10': 13, 'J11': 32, 'J12': 18, 'J13': 28, 'cluster3106249630_3106249631_J60_J61_#5more': 36}, {'J10': 19, 'J11': 48, 'J12': 37, 'J13': 43, 'cluster3106249630_3106249631_J60_J61_#5more': 77}, 
1925.0, {'J10': -29431.0, 'J11': -160108.5, 'J12': -8355.5, 'J13': -30402.5, 'cluster3106249630_3106249631_J60_J61_#5more': -217723.0}, {'J10': 13, 'J11': 32, 'J12': 17, 'J13': 28, 'cluster3106249630_3106249631_J60_J61_#5more': 36}, {'J10': 19, 'J11': 48, 'J12': 37, 'J13': 43, 'cluster3106249630_3106249631_J60_J61_#5more': 77}, 
1930.0, {'J10': -29612.0, 'J11': -160588.5, 'J12': -8741.0, 'J13': -30832.5, 'cluster3106249630_3106249631_J60_J61_#5more': -218497.5}, {'J10': 13, 'J11': 32, 'J12': 17, 'J13': 28, 'cluster3106249630_3106249631_J60_J61_#5more': 36}, {'J10': 19, 'J11': 48, 'J12': 42, 'J13': 43, 'cluster3106249630_3106249631_J60_J61_#5more': 79}, 
1935.0, {'J10': -29802.0, 'J11': -161068.5, 'J12': -8885.0, 'J13': -31262.5, 'cluster3106249630_3106249631_J60_J61_#5more': -219287.5}, {'J10': 13, 'J11': 32, 'J12': 17, 'J13': 28, 'cluster3106249630_3106249631_J60_J61_#5more': 36}, {'J10': 19, 'J11': 48, 'J12': 43, 'J13': 43, 'cluster3106249630_3106249631_J60_J61_#5more': 79}, 
1940.0, {'J10': -29992.0, 'J11': -161548.5, 'J12': -8316.5, 'J13': -31692.5, 'cluster3106249630_3106249631_J60_J61_#5more': -220083.5}, {'J10': 13, 'J11': 32, 'J12': 19, 'J13': 28, 'cluster3106249630_3106249631_J60_J61_#5more': 36}, {'J10': 19, 'J11': 48, 'J12': 41, 'J13': 43, 'cluster3106249630_3106249631_J60_J61_#5more': 81}, 
1945.0, {'J10': -30182.0, 'J11': -162028.5, 'J12': -7886.0, 'J13': -32122.5, 'cluster3106249630_3106249631_J60_J61_#5more': -220881.0}, {'J10': 13, 'J11': 32, 'J12': 18, 'J13': 28, 'cluster3106249630_3106249631_J60_J61_#5more': 36}, {'J10': 19, 'J11': 48, 'J12': 38, 'J13': 43, 'cluster3106249630_3106249631_J60_J61_#5more': 80}, 
1950.0, {'J10': -30372.0, 'J11': -162508.5, 'J12': -8142.5, 'J13': -32552.5, 'cluster3106249630_3106249631_J60_J61_#5more': -221681.0}, {'J10': 13, 'J11': 32, 'J12': 18, 'J13': 28, 'cluster3106249630_3106249631_J60_J61_#5more': 36}, {'J10': 19, 'J11': 48, 'J12': 43, 'J13': 43, 'cluster3106249630_3106249631_J60_J61_#5more': 80}, 
1955.0, {'J10': -30562.0, 'J11': -162988.5, 'J12': -8277.5, 'J13': -32984.0, 'cluster3106249630_3106249631_J60_J61_#5more': -222481.0}, {'J10': 13, 'J11': 32, 'J12': 18, 'J13': 28, 'cluster3106249630_3106249631_J60_J61_#5more': 36}, {'J10': 19, 'J11': 48, 'J12': 43, 'J13': 44, 'cluster3106249630_3106249631_J60_J61_#5more': 80}, 
1960.0, {'J10': -30752.0, 'J11': -163468.5, 'J12': -6939.5, 'J13': -29687.5, 'cluster3106249630_3106249631_J60_J61_#5more': -223281.0}, {'J10': 13, 'J11': 32, 'J12': 18, 'J13': 25, 'cluster3106249630_3106249631_J60_J61_#5more': 36}, {'J10': 19, 'J11': 48, 'J12': 38, 'J13': 39, 'cluster3106249630_3106249631_J60_J61_#5more': 80}, 
1965.0, {'J10': -30942.0, 'J11': -163948.5, 'J12': -7324.0, 'J13': -28550.0, 'cluster3106249630_3106249631_J60_J61_#5more': -223967.5}, {'J10': 13, 'J11': 32, 'J12': 18, 'J13': 24, 'cluster3106249630_3106249631_J60_J61_#5more': 36}, {'J10': 19, 'J11': 48, 'J12': 40, 'J13': 36, 'cluster3106249630_3106249631_J60_J61_#5more': 79}, 
1970.0, {'J10': -31132.0, 'J11': -164428.5, 'J12': -7618.5, 'J13': -28910.0, 'cluster3106249630_3106249631_J60_J61_#5more': -224758.5}, {'J10': 13, 'J11': 32, 'J12': 18, 'J13': 24, 'cluster3106249630_3106249631_J60_J61_#5more': 36}, {'J10': 19, 'J11': 48, 'J12': 42, 'J13': 36, 'cluster3106249630_3106249631_J60_J61_#5more': 80}, 
1975.0, {'J10': -31322.0, 'J11': -164908.5, 'J12': -7938.0, 'J13': -29272.5, 'cluster3106249630_3106249631_J60_J61_#5more': -225558.5}, {'J10': 13, 'J11': 32, 'J12': 19, 'J13': 24, 'cluster3106249630_3106249631_J60_J61_#5more': 36}, {'J10': 19, 'J11': 48, 'J12': 42, 'J13': 38, 'cluster3106249630_3106249631_J60_J61_#5more': 80}, 
1980.0, {'J10': -31512.0, 'J11': -165388.5, 'J12': -8049.0, 'J13': -29652.5, 'cluster3106249630_3106249631_J60_J61_#5more': -226255.0}, {'J10': 13, 'J11': 32, 'J12': 20, 'J13': 24, 'cluster3106249630_3106249631_J60_J61_#5more': 36}, {'J10': 19, 'J11': 48, 'J12': 41, 'J13': 38, 'cluster3106249630_3106249631_J60_J61_#5more': 79}, 
1985.0, {'J10': -31702.0, 'J11': -165868.5, 'J12': -8462.0, 'J13': -30045.5, 'cluster3106249630_3106249631_J60_J61_#5more': -227045.0}, {'J10': 13, 'J11': 32, 'J12': 21, 'J13': 28, 'cluster3106249630_3106249631_J60_J61_#5more': 36}, {'J10': 19, 'J11': 48, 'J12': 44, 'J13': 42, 'cluster3106249630_3106249631_J60_J61_#5more': 79}, 
1990.0, {'J10': -31769.5, 'J11': -166348.5, 'J12': -8871.5, 'J13': -30465.5, 'cluster3106249630_3106249631_J60_J61_#5more': -227838.5}, {'J10': 13, 'J11': 32, 'J12': 22, 'J13': 28, 'cluster3106249630_3106249631_J60_J61_#5more': 36}, {'J10': 18, 'J11': 48, 'J12': 44, 'J13': 42, 'cluster3106249630_3106249631_J60_J61_#5more': 80}, 
1995.0, {'J10': -31949.5, 'J11': -166828.5, 'J12': -9054.5, 'J13': -30885.5, 'cluster3106249630_3106249631_J60_J61_#5more': -228638.5}, {'J10': 13, 'J11': 32, 'J12': 22, 'J13': 28, 'cluster3106249630_3106249631_J60_J61_#5more': 36}, {'J10': 18, 'J11': 48, 'J12': 44, 'J13': 42, 'cluster3106249630_3106249631_J60_J61_#5more': 80}, 
2000.0, {'J10': -32129.5, 'J11': -167308.5, 'J12': -9356.0, 'J13': -31305.5, 'cluster3106249630_3106249631_J60_J61_#5more': -229438.5}, {'J10': 13, 'J11': 32, 'J12': 22, 'J13': 28, 'cluster3106249630_3106249631_J60_J61_#5more': 36}, {'J10': 18, 'J11': 48, 'J12': 45, 'J13': 42, 'cluster3106249630_3106249631_J60_J61_#5more': 80}, 
2005.0, {'J10': -32309.5, 'J11': -167788.5, 'J12': -9662.5, 'J13': -31725.5, 'cluster3106249630_3106249631_J60_J61_#5more': -230238.5}, {'J10': 13, 'J11': 32, 'J12': 22, 'J13': 28, 'cluster3106249630_3106249631_J60_J61_#5more': 36}, {'J10': 18, 'J11': 48, 'J12': 46, 'J13': 42, 'cluster3106249630_3106249631_J60_J61_#5more': 80}, 
2010.0, {'J10': -32489.5, 'J11': -168268.5, 'J12': -9956.0, 'J13': -32145.5, 'cluster3106249630_3106249631_J60_J61_#5more': -231038.5}, {'J10': 13, 'J11': 32, 'J12': 22, 'J13': 28, 'cluster3106249630_3106249631_J60_J61_#5more': 36}, {'J10': 18, 'J11': 48, 'J12': 44, 'J13': 42, 'cluster3106249630_3106249631_J60_J61_#5more': 80}, 
2015.0, {'J10': -32669.5, 'J11': -168748.5, 'J12': -10321.5, 'J13': -32565.5, 'cluster3106249630_3106249631_J60_J61_#5more': -231514.0}, {'J10': 13, 'J11': 32, 'J12': 22, 'J13': 28, 'cluster3106249630_3106249631_J60_J61_#5more': 36}, {'J10': 18, 'J11': 48, 'J12': 41, 'J13': 42, 'cluster3106249630_3106249631_J60_J61_#5more': 78}, 
2020.0, {'J10': -32849.5, 'J11': -169228.5, 'J12': -10739.0, 'J13': -32985.5, 'cluster3106249630_3106249631_J60_J61_#5more': -232193.0}, {'J10': 13, 'J11': 32, 'J12': 22, 'J13': 28, 'cluster3106249630_3106249631_J60_J61_#5more': 36}, {'J10': 18, 'J11': 48, 'J12': 44, 'J13': 42, 'cluster3106249630_3106249631_J60_J61_#5more': 77}, 
2025.0, {'J10': -33034.5, 'J11': -169708.5, 'J12': -9436.0, 'J13': -29923.5, 'cluster3106249630_3106249631_J60_J61_#5more': -232964.0}, {'J10': 13, 'J11': 32, 'J12': 20, 'J13': 25, 'cluster3106249630_3106249631_J60_J61_#5more': 36}, {'J10': 19, 'J11': 48, 'J12': 41, 'J13': 38, 'cluster3106249630_3106249631_J60_J61_#5more': 78}, 
2030.0, {'J10': -33224.5, 'J11': -170188.5, 'J12': -8330.5, 'J13': -29051.5, 'cluster3106249630_3106249631_J60_J61_#5more': -233752.0}, {'J10': 13, 'J11': 32, 'J12': 18, 'J13': 24, 'cluster3106249630_3106249631_J60_J61_#5more': 36}, {'J10': 19, 'J11': 48, 'J12': 43, 'J13': 36, 'cluster3106249630_3106249631_J60_J61_#5more': 80}, 
2035.0, {'J10': -33414.5, 'J11': -170668.5, 'J12': -8704.0, 'J13': -29411.5, 'cluster3106249630_3106249631_J60_J61_#5more': -234552.0}, {'J10': 13, 'J11': 32, 'J12': 18, 'J13': 24, 'cluster3106249630_3106249631_J60_J61_#5more': 36}, {'J10': 19, 'J11': 48, 'J12': 40, 'J13': 36, 'cluster3106249630_3106249631_J60_J61_#5more': 80}, 
2040.0, {'J10': -33604.5, 'J11': -171148.5, 'J12': -9098.5, 'J13': -29778.5, 'cluster3106249630_3106249631_J60_J61_#5more': -235352.0}, {'J10': 13, 'J11': 32, 'J12': 18, 'J13': 24, 'cluster3106249630_3106249631_J60_J61_#5more': 36}, {'J10': 19, 'J11': 48, 'J12': 47, 'J13': 39, 'cluster3106249630_3106249631_J60_J61_#5more': 80}, 
2045.0, {'J10': -33794.5, 'J11': -171628.5, 'J12': -9535.5, 'J13': -30169.0, 'cluster3106249630_3106249631_J60_J61_#5more': -236039.0}, {'J10': 13, 'J11': 32, 'J12': 20, 'J13': 25, 'cluster3106249630_3106249631_J60_J61_#5more': 36}, {'J10': 19, 'J11': 48, 'J12': 46, 'J13': 40, 'cluster3106249630_3106249631_J60_J61_#5more': 80}, 
2050.0, {'J10': -33984.5, 'J11': -172108.5, 'J12': -9487.0, 'J13': -30582.0, 'cluster3106249630_3106249631_J60_J61_#5more': -236841.0}, {'J10': 13, 'J11': 32, 'J12': 20, 'J13': 28, 'cluster3106249630_3106249631_J60_J61_#5more': 36}, {'J10': 19, 'J11': 48, 'J12': 46, 'J13': 44, 'cluster3106249630_3106249631_J60_J61_#5more': 81}, 
2055.0, {'J10': -34109.5, 'J11': -172588.5, 'J12': -9960.0, 'J13': -31022.0, 'cluster3106249630_3106249631_J60_J61_#5more': -237657.0}, {'J10': 13, 'J11': 32, 'J12': 20, 'J13': 28, 'cluster3106249630_3106249631_J60_J61_#5more': 36}, {'J10': 18, 'J11': 48, 'J12': 51, 'J13': 44, 'cluster3106249630_3106249631_J60_J61_#5more': 83}, 
2060.0, {'J10': -34289.5, 'J11': -173068.5, 'J12': -10404.5, 'J13': -31462.0, 'cluster3106249630_3106249631_J60_J61_#5more': -238355.5}, {'J10': 13, 'J11': 32, 'J12': 20, 'J13': 28, 'cluster3106249630_3106249631_J60_J61_#5more': 36}, {'J10': 18, 'J11': 48, 'J12': 49, 'J13': 44, 'cluster3106249630_3106249631_J60_J61_#5more': 83}, 
2065.0, {'J10': -34469.5, 'J11': -173548.5, 'J12': -10796.5, 'J13': -31902.0, 'cluster3106249630_3106249631_J60_J61_#5more': -239040.0}, {'J10': 13, 'J11': 32, 'J12': 20, 'J13': 28, 'cluster3106249630_3106249631_J60_J61_#5more': 36}, {'J10': 18, 'J11': 48, 'J12': 46, 'J13': 44, 'cluster3106249630_3106249631_J60_J61_#5more': 80}, 
2070.0, {'J10': -34649.5, 'J11': -174031.0, 'J12': -11193.0, 'J13': -32342.0, 'cluster3106249630_3106249631_J60_J61_#5more': -239777.0}, {'J10': 13, 'J11': 32, 'J12': 20, 'J13': 28, 'cluster3106249630_3106249631_J60_J61_#5more': 36}, {'J10': 18, 'J11': 49, 'J12': 45, 'J13': 44, 'cluster3106249630_3106249631_J60_J61_#5more': 80}, 
2075.0, {'J10': -34829.5, 'J11': -174510.5, 'J12': -11654.0, 'J13': -32782.0, 'cluster3106249630_3106249631_J60_J61_#5more': -240527.0}, {'J10': 13, 'J11': 32, 'J12': 20, 'J13': 28, 'cluster3106249630_3106249631_J60_J61_#5more': 36}, {'J10': 18, 'J11': 49, 'J12': 50, 'J13': 44, 'cluster3106249630_3106249631_J60_J61_#5more': 79}, 
2080.0, {'J10': -35009.5, 'J11': -175004.0, 'J12': -12150.5, 'J13': -33222.0, 'cluster3106249630_3106249631_J60_J61_#5more': -241325.5}, {'J10': 13, 'J11': 32, 'J12': 20, 'J13': 28, 'cluster3106249630_3106249631_J60_J61_#5more': 36}, {'J10': 18, 'J11': 50, 'J12': 51, 'J13': 44, 'cluster3106249630_3106249631_J60_J61_#5more': 81}, 
2085.0, {'J10': -35189.5, 'J11': -175504.0, 'J12': -11874.0, 'J13': -33662.0, 'cluster3106249630_3106249631_J60_J61_#5more': -242135.5}, {'J10': 13, 'J11': 32, 'J12': 20, 'J13': 28, 'cluster3106249630_3106249631_J60_J61_#5more': 36}, {'J10': 18, 'J11': 50, 'J12': 49, 'J13': 44, 'cluster3106249630_3106249631_J60_J61_#5more': 81}, 
2090.0, {'J10': -35369.5, 'J11': -175948.5, 'J12': -11526.5, 'J13': -31645.0, 'cluster3106249630_3106249631_J60_J61_#5more': -242945.5}, {'J10': 13, 'J11': 32, 'J12': 20, 'J13': 26, 'cluster3106249630_3106249631_J60_J61_#5more': 36}, {'J10': 18, 'J11': 48, 'J12': 44, 'J13': 40, 'cluster3106249630_3106249631_J60_J61_#5more': 81}, 
2095.0, {'J10': -35549.5, 'J11': -176428.5, 'J12': -11862.0, 'J13': -31953.0, 'cluster3106249630_3106249631_J60_J61_#5more': -243756.5}, {'J10': 13, 'J11': 32, 'J12': 20, 'J13': 26, 'cluster3106249630_3106249631_J60_J61_#5more': 36}, {'J10': 18, 'J11': 48, 'J12': 43, 'J13': 39, 'cluster3106249630_3106249631_J60_J61_#5more': 82}, 
2100.0, {'J10': -35729.5, 'J11': -176915.5, 'J12': -12241.5, 'J13': -32343.0, 'cluster3106249630_3106249631_J60_J61_#5more': -244576.5}, {'J10': 13, 'J11': 32, 'J12': 20, 'J13': 26, 'cluster3106249630_3106249631_J60_J61_#5more': 36}, {'J10': 18, 'J11': 50, 'J12': 45, 'J13': 39, 'cluster3106249630_3106249631_J60_J61_#5more': 82}, 
2105.0, {'J10': -35909.5, 'J11': -177404.5, 'J12': -12622.0, 'J13': -32738.0, 'cluster3106249630_3106249631_J60_J61_#5more': -245396.5}, {'J10': 13, 'J11': 32, 'J12': 20, 'J13': 26, 'cluster3106249630_3106249631_J60_J61_#5more': 36}, {'J10': 18, 'J11': 50, 'J12': 46, 'J13': 41, 'cluster3106249630_3106249631_J60_J61_#5more': 82}, 
2110.0, {'J10': -36089.5, 'J11': -177882.5, 'J12': -13064.0, 'J13': -33148.0, 'cluster3106249630_3106249631_J60_J61_#5more': -246221.5}, {'J10': 13, 'J11': 32, 'J12': 20, 'J13': 26, 'cluster3106249630_3106249631_J60_J61_#5more': 36}, {'J10': 18, 'J11': 49, 'J12': 49, 'J13': 41, 'cluster3106249630_3106249631_J60_J61_#5more': 83}, 
2115.0, {'J10': -36269.5, 'J11': -178377.5, 'J12': -12878.5, 'J13': -33566.5, 'cluster3106249630_3106249631_J60_J61_#5more': -247051.5}, {'J10': 13, 'J11': 32, 'J12': 20, 'J13': 28, 'cluster3106249630_3106249631_J60_J61_#5more': 36}, {'J10': 18, 'J11': 50, 'J12': 49, 'J13': 43, 'cluster3106249630_3106249631_J60_J61_#5more': 83}, 
2120.0, {'J10': -36449.5, 'J11': -178828.5, 'J12': -12274.0, 'J13': -33998.0, 'cluster3106249630_3106249631_J60_J61_#5more': -247881.5}, {'J10': 13, 'J11': 32, 'J12': 20, 'J13': 28, 'cluster3106249630_3106249631_J60_J61_#5more': 36}, {'J10': 18, 'J11': 48, 'J12': 48, 'J13': 44, 'cluster3106249630_3106249631_J60_J61_#5more': 83}, 
2125.0, {'J10': -36629.5, 'J11': -179310.0, 'J12': -10268.0, 'J13': -34438.0, 'cluster3106249630_3106249631_J60_J61_#5more': -248607.0}, {'J10': 13, 'J11': 32, 'J12': 18, 'J13': 28, 'cluster3106249630_3106249631_J60_J61_#5more': 36}, {'J10': 18, 'J11': 49, 'J12': 43, 'J13': 44, 'cluster3106249630_3106249631_J60_J61_#5more': 82}, 
2130.0, {'J10': -36809.5, 'J11': -179800.0, 'J12': -10582.0, 'J13': -34878.0, 'cluster3106249630_3106249631_J60_J61_#5more': -249427.0}, {'J10': 13, 'J11': 32, 'J12': 18, 'J13': 28, 'cluster3106249630_3106249631_J60_J61_#5more': 36}, {'J10': 18, 'J11': 49, 'J12': 43, 'J13': 44, 'cluster3106249630_3106249631_J60_J61_#5more': 82}, 
2135.0, {'J10': -36989.5, 'J11': -180293.0, 'J12': -11010.5, 'J13': -35320.5, 'cluster3106249630_3106249631_J60_J61_#5more': -250247.0}, {'J10': 13, 'J11': 32, 'J12': 18, 'J13': 28, 'cluster3106249630_3106249631_J60_J61_#5more': 36}, {'J10': 18, 'J11': 50, 'J12': 50, 'J13': 45, 'cluster3106249630_3106249631_J60_J61_#5more': 82}, 
2140.0, {'J10': -37169.5, 'J11': -180780.0, 'J12': -11382.5, 'J13': -35770.5, 'cluster3106249630_3106249631_J60_J61_#5more': -250809.5}, {'J10': 13, 'J11': 32, 'J12': 20, 'J13': 28, 'cluster3106249630_3106249631_J60_J61_#5more': 36}, {'J10': 18, 'J11': 49, 'J12': 54, 'J13': 45, 'cluster3106249630_3106249631_J60_J61_#5more': 80}, 
2145.0, {'J10': -37349.5, 'J11': -181272.0, 'J12': -11754.5, 'J13': -36220.5, 'cluster3106249630_3106249631_J60_J61_#5more': -251476.0}, {'J10': 13, 'J11': 32, 'J12': 20, 'J13': 28, 'cluster3106249630_3106249631_J60_J61_#5more': 36}, {'J10': 18, 'J11': 50, 'J12': 52, 'J13': 45, 'cluster3106249630_3106249631_J60_J61_#5more': 79}, 
2150.0, {'J10': -37529.5, 'J11': -181772.0, 'J12': -11993.0, 'J13': -36670.5, 'cluster3106249630_3106249631_J60_J61_#5more': -252270.5}, {'J10': 13, 'J11': 32, 'J12': 20, 'J13': 28, 'cluster3106249630_3106249631_J60_J61_#5more': 36}, {'J10': 18, 'J11': 50, 'J12': 48, 'J13': 45, 'cluster3106249630_3106249631_J60_J61_#5more': 81}, 
2155.0, {'J10': -37709.5, 'J11': -182281.0, 'J12': -12321.0, 'J13': -34541.5, 'cluster3106249630_3106249631_J60_J61_#5more': -253081.0}, {'J10': 13, 'J11': 32, 'J12': 20, 'J13': 26, 'cluster3106249630_3106249631_J60_J61_#5more': 36}, {'J10': 18, 'J11': 53, 'J12': 48, 'J13': 42, 'cluster3106249630_3106249631_J60_J61_#5more': 82}, 
2160.0, {'J10': -37889.5, 'J11': -182743.0, 'J12': -12754.5, 'J13': -34367.5, 'cluster3106249630_3106249631_J60_J61_#5more': -253904.5}, {'J10': 13, 'J11': 32, 'J12': 20, 'J13': 26, 'cluster3106249630_3106249631_J60_J61_#5more': 36}, {'J10': 18, 'J11': 53, 'J12': 51, 'J13': 39, 'cluster3106249630_3106249631_J60_J61_#5more': 83}, 
2165.0, {'J10': -38069.5, 'J11': -183206.0, 'J12': -13151.5, 'J13': -34761.5, 'cluster3106249630_3106249631_J60_J61_#5more': -254734.5}, {'J10': 13, 'J11': 32, 'J12': 20, 'J13': 26, 'cluster3106249630_3106249631_J60_J61_#5more': 36}, {'J10': 18, 'J11': 51, 'J12': 53, 'J13': 40, 'cluster3106249630_3106249631_J60_J61_#5more': 83}, 
2170.0, {'J10': -38249.5, 'J11': -183683.0, 'J12': -13353.5, 'J13': -35168.5, 'cluster3106249630_3106249631_J60_J61_#5more': -255564.5}, {'J10': 13, 'J11': 32, 'J12': 20, 'J13': 26, 'cluster3106249630_3106249631_J60_J61_#5more': 36}, {'J10': 18, 'J11': 50, 'J12': 50, 'J13': 43, 'cluster3106249630_3106249631_J60_J61_#5more': 83}, 
2175.0, {'J10': -38429.5, 'J11': -184142.0, 'J12': -13694.5, 'J13': -35599.5, 'cluster3106249630_3106249631_J60_J61_#5more': -256394.5}, {'J10': 13, 'J11': 32, 'J12': 20, 'J13': 27, 'cluster3106249630_3106249631_J60_J61_#5more': 36}, {'J10': 18, 'J11': 49, 'J12': 50, 'J13': 44, 'cluster3106249630_3106249631_J60_J61_#5more': 83}, 
2180.0, {'J10': -38609.5, 'J11': -184588.5, 'J12': -13816.0, 'J13': -36044.5, 'cluster3106249630_3106249631_J60_J61_#5more': -257161.5}, {'J10': 13, 'J11': 32, 'J12': 20, 'J13': 28, 'cluster3106249630_3106249631_J60_J61_#5more': 36}, {'J10': 18, 'J11': 48, 'J12': 50, 'J13': 45, 'cluster3106249630_3106249631_J60_J61_#5more': 82}, 
2185.0, {'J10': -38789.5, 'J11': -185068.5, 'J12': -13885.5, 'J13': -36494.5, 'cluster3106249630_3106249631_J60_J61_#5more': -257981.5}, {'J10': 13, 'J11': 32, 'J12': 20, 'J13': 28, 'cluster3106249630_3106249631_J60_J61_#5more': 36}, {'J10': 18, 'J11': 48, 'J12': 52, 'J13': 45, 'cluster3106249630_3106249631_J60_J61_#5more': 82}, 
2190.0, {'J10': -38969.5, 'J11': -185548.5, 'J12': -13888.5, 'J13': -36944.5, 'cluster3106249630_3106249631_J60_J61_#5more': -258806.5}, {'J10': 13, 'J11': 32, 'J12': 20, 'J13': 28, 'cluster3106249630_3106249631_J60_J61_#5more': 36}, {'J10': 18, 'J11': 48, 'J12': 49, 'J13': 45, 'cluster3106249630_3106249631_J60_J61_#5more': 83}, 
2195.0, {'J10': -39149.5, 'J11': -186028.5, 'J12': -14101.0, 'J13': -37394.5, 'cluster3106249630_3106249631_J60_J61_#5more': -259637.5}, {'J10': 13, 'J11': 32, 'J12': 20, 'J13': 28, 'cluster3106249630_3106249631_J60_J61_#5more': 36}, {'J10': 18, 'J11': 48, 'J12': 46, 'J13': 45, 'cluster3106249630_3106249631_J60_J61_#5more': 84}, 
2200.0, {'J10': -39329.5, 'J11': -186508.5, 'J12': -14390.0, 'J13': -37844.5, 'cluster3106249630_3106249631_J60_J61_#5more': -255744.0}, {'J10': 13, 'J11': 32, 'J12': 20, 'J13': 28, 'cluster3106249630_3106249631_J60_J61_#5more': 36}, {'J10': 18, 'J11': 48, 'J12': 45, 'J13': 45, 'cluster3106249630_3106249631_J60_J61_#5more': 81}, 
2205.0, {'J10': -39509.5, 'J11': -186988.5, 'J12': -12831.5, 'J13': -38294.5, 'cluster3106249630_3106249631_J60_J61_#5more': -256460.5}, {'J10': 13, 'J11': 32, 'J12': 18, 'J13': 28, 'cluster3106249630_3106249631_J60_J61_#5more': 36}, {'J10': 18, 'J11': 48, 'J12': 47, 'J13': 45, 'cluster3106249630_3106249631_J60_J61_#5more': 80}, 
2210.0, {'J10': -39689.5, 'J11': -187468.5, 'J12': -12692.5, 'J13': -38744.5, 'cluster3106249630_3106249631_J60_J61_#5more': -257260.5}, {'J10': 13, 'J11': 32, 'J12': 18, 'J13': 28, 'cluster3106249630_3106249631_J60_J61_#5more': 36}, {'J10': 18, 'J11': 48, 'J12': 43, 'J13': 45, 'cluster3106249630_3106249631_J60_J61_#5more': 80}, 
2215.0, {'J10': -39869.5, 'J11': -187948.5, 'J12': -13065.5, 'J13': -39194.5, 'cluster3106249630_3106249631_J60_J61_#5more': -257844.0}, {'J10': 13, 'J11': 32, 'J12': 18, 'J13': 28, 'cluster3106249630_3106249631_J60_J61_#5more': 36}, {'J10': 18, 'J11': 48, 'J12': 45, 'J13': 45, 'cluster3106249630_3106249631_J60_J61_#5more': 77}, 
2220.0, {'J10': -40049.5, 'J11': -188428.5, 'J12': -13539.0, 'J13': -35885.5, 'cluster3106249630_3106249631_J60_J61_#5more': -258615.5}, {'J10': 13, 'J11': 32, 'J12': 18, 'J13': 25, 'cluster3106249630_3106249631_J60_J61_#5more': 36}, {'J10': 18, 'J11': 48, 'J12': 52, 'J13': 39, 'cluster3106249630_3106249631_J60_J61_#5more': 78}, 
2225.0, {'J10': -40229.5, 'J11': -188911.0, 'J12': -13947.5, 'J13': -34771.5, 'cluster3106249630_3106249631_J60_J61_#5more': -259397.0}, {'J10': 13, 'J11': 32, 'J12': 22, 'J13': 24, 'cluster3106249630_3106249631_J60_J61_#5more': 36}, {'J10': 18, 'J11': 49, 'J12': 53, 'J13': 37, 'cluster3106249630_3106249631_J60_J61_#5more': 79}, 
2230.0, {'J10': -40409.5, 'J11': -189388.5, 'J12': -14316.5, 'J13': -35147.5, 'cluster3106249630_3106249631_J60_J61_#5more': -260175.5}, {'J10': 13, 'J11': 32, 'J12': 22, 'J13': 24, 'cluster3106249630_3106249631_J60_J61_#5more': 36}, {'J10': 18, 'J11': 48, 'J12': 48, 'J13': 39, 'cluster3106249630_3106249631_J60_J61_#5more': 78}, 
2235.0, {'J10': -40589.5, 'J11': -189868.5, 'J12': -14649.0, 'J13': -35541.0, 'cluster3106249630_3106249631_J60_J61_#5more': -260955.5}, {'J10': 13, 'J11': 32, 'J12': 22, 'J13': 24, 'cluster3106249630_3106249631_J60_J61_#5more': 36}, {'J10': 18, 'J11': 48, 'J12': 50, 'J13': 41, 'cluster3106249630_3106249631_J60_J61_#5more': 78}, 
2240.0, {'J10': -40769.5, 'J11': -190348.5, 'J12': -15030.5, 'J13': -35951.0, 'cluster3106249630_3106249631_J60_J61_#5more': -261741.0}, {'J10': 13, 'J11': 32, 'J12': 22, 'J13': 24, 'cluster3106249630_3106249631_J60_J61_#5more': 36}, {'J10': 18, 'J11': 48, 'J12': 51, 'J13': 41, 'cluster3106249630_3106249631_J60_J61_#5more': 81}, 
2245.0, {'J10': -40949.5, 'J11': -190828.5, 'J12': -14860.5, 'J13': -36376.0, 'cluster3106249630_3106249631_J60_J61_#5more': -262551.0}, {'J10': 13, 'J11': 32, 'J12': 22, 'J13': 28, 'cluster3106249630_3106249631_J60_J61_#5more': 36}, {'J10': 18, 'J11': 48, 'J12': 51, 'J13': 45, 'cluster3106249630_3106249631_J60_J61_#5more': 81}, 
2250.0, {'J10': -41132.0, 'J11': -191308.5, 'J12': -14753.0, 'J13': -36826.0, 'cluster3106249630_3106249631_J60_J61_#5more': -263337.5}, {'J10': 13, 'J11': 32, 'J12': 22, 'J13': 28, 'cluster3106249630_3106249631_J60_J61_#5more': 36}, {'J10': 19, 'J11': 48, 'J12': 54, 'J13': 45, 'cluster3106249630_3106249631_J60_J61_#5more': 80}, 
2255.0, {'J10': -41309.5, 'J11': -191788.5, 'J12': -15302.5, 'J13': -37276.0, 'cluster3106249630_3106249631_J60_J61_#5more': -264137.5}, {'J10': 13, 'J11': 32, 'J12': 22, 'J13': 28, 'cluster3106249630_3106249631_J60_J61_#5more': 36}, {'J10': 18, 'J11': 48, 'J12': 56, 'J13': 45, 'cluster3106249630_3106249631_J60_J61_#5more': 80}, 
2260.0, {'J10': -41489.5, 'J11': -192268.5, 'J12': -15876.0, 'J13': -37726.0, 'cluster3106249630_3106249631_J60_J61_#5more': -264943.0}, {'J10': 13, 'J11': 32, 'J12': 22, 'J13': 28, 'cluster3106249630_3106249631_J60_J61_#5more': 36}, {'J10': 18, 'J11': 48, 'J12': 61, 'J13': 45, 'cluster3106249630_3106249631_J60_J61_#5more': 82}, 
2265.0, {'J10': -41669.5, 'J11': -192751.5, 'J12': -15875.5, 'J13': -38176.0, 'cluster3106249630_3106249631_J60_J61_#5more': -265764.0}, {'J10': 13, 'J11': 32, 'J12': 22, 'J13': 28, 'cluster3106249630_3106249631_J60_J61_#5more': 36}, {'J10': 18, 'J11': 49, 'J12': 58, 'J13': 45, 'cluster3106249630_3106249631_J60_J61_#5more': 83}, 
2270.0, {'J10': -41849.5, 'J11': -193244.5, 'J12': -16219.5, 'J13': -38626.0, 'cluster3106249630_3106249631_J60_J61_#5more': -266583.0}, {'J10': 13, 'J11': 32, 'J12': 22, 'J13': 28, 'cluster3106249630_3106249631_J60_J61_#5more': 36}, {'J10': 18, 'J11': 51, 'J12': 56, 'J13': 45, 'cluster3106249630_3106249631_J60_J61_#5more': 82}, 
2275.0, {'J10': -42029.5, 'J11': -193745.0, 'J12': -16705.5, 'J13': -39076.0, 'cluster3106249630_3106249631_J60_J61_#5more': -267403.0}, {'J10': 13, 'J11': 32, 'J12': 22, 'J13': 28, 'cluster3106249630_3106249631_J60_J61_#5more': 36}, {'J10': 18, 'J11': 51, 'J12': 56, 'J13': 45, 'cluster3106249630_3106249631_J60_J61_#5more': 82}, 
2280.0, {'J10': -42209.5, 'J11': -194258.5, 'J12': -16965.0, 'J13': -39526.0, 'cluster3106249630_3106249631_J60_J61_#5more': -268223.0}, {'J10': 13, 'J11': 32, 'J12': 22, 'J13': 28, 'cluster3106249630_3106249631_J60_J61_#5more': 36}, {'J10': 18, 'J11': 52, 'J12': 52, 'J13': 45, 'cluster3106249630_3106249631_J60_J61_#5more': 82}, 
2285.0, {'J10': -42389.5, 'J11': -194781.0, 'J12': -17128.5, 'J13': -36271.0, 'cluster3106249630_3106249631_J60_J61_#5more': -269043.0}, {'J10': 13, 'J11': 32, 'J12': 22, 'J13': 25, 'cluster3106249630_3106249631_J60_J61_#5more': 36}, {'J10': 18, 'J11': 54, 'J12': 46, 'J13': 40, 'cluster3106249630_3106249631_J60_J61_#5more': 82}, 
2290.0, {'J10': -42569.5, 'J11': -195255.5, 'J12': -17408.0, 'J13': -35053.0, 'cluster3106249630_3106249631_J60_J61_#5more': -269863.0}, {'J10': 13, 'J11': 32, 'J12': 22, 'J13': 24, 'cluster3106249630_3106249631_J60_J61_#5more': 36}, {'J10': 18, 'J11': 53, 'J12': 44, 'J13': 37, 'cluster3106249630_3106249631_J60_J61_#5more': 82}, 
2295.0, {'J10': -42749.5, 'J11': -195743.0, 'J12': -17733.5, 'J13': -35429.0, 'cluster3106249630_3106249631_J60_J61_#5more': -270683.0}, {'J10': 13, 'J11': 32, 'J12': 22, 'J13': 24, 'cluster3106249630_3106249631_J60_J61_#5more': 36}, {'J10': 18, 'J11': 51, 'J12': 45, 'J13': 39, 'cluster3106249630_3106249631_J60_J61_#5more': 82}, 
2300.0, {'J10': -42929.5, 'J11': -196232.5, 'J12': -18207.5, 'J13': -35819.0, 'cluster3106249630_3106249631_J60_J61_#5more': -271381.5}, {'J10': 13, 'J11': 32, 'J12': 22, 'J13': 24, 'cluster3106249630_3106249631_J60_J61_#5more': 36}, {'J10': 18, 'J11': 50, 'J12': 53, 'J13': 39, 'cluster3106249630_3106249631_J60_J61_#5more': 81}, 
2305.0, {'J10': -43109.5, 'J11': -196732.5, 'J12': -18749.0, 'J13': -36210.0, 'cluster3106249630_3106249631_J60_J61_#5more': -272191.5}, {'J10': 13, 'J11': 32, 'J12': 22, 'J13': 25, 'cluster3106249630_3106249631_J60_J61_#5more': 36}, {'J10': 18, 'J11': 50, 'J12': 59, 'J13': 40, 'cluster3106249630_3106249631_J60_J61_#5more': 81}, 
2310.0, {'J10': -43289.5, 'J11': -197139.5, 'J12': -19165.0, 'J13': -36619.5, 'cluster3106249630_3106249631_J60_J61_#5more': -273004.5}, {'J10': 13, 'J11': 32, 'J12': 22, 'J13': 28, 'cluster3106249630_3106249631_J60_J61_#5more': 36}, {'J10': 18, 'J11': 49, 'J12': 58, 'J13': 43, 'cluster3106249630_3106249631_J60_J61_#5more': 82}, 
2315.0, {'J10': -43470.0, 'J11': -197631.0, 'J12': -19581.0, 'J13': -37049.5, 'cluster3106249630_3106249631_J60_J61_#5more': -273827.0}, {'J10': 13, 'J11': 32, 'J12': 22, 'J13': 28, 'cluster3106249630_3106249631_J60_J61_#5more': 36}, {'J10': 19, 'J11': 50, 'J12': 53, 'J13': 43, 'cluster3106249630_3106249631_J60_J61_#5more': 83}, 
2320.0, {'J10': -43649.5, 'J11': -198121.5, 'J12': -20014.0, 'J13': -37479.5, 'cluster3106249630_3106249631_J60_J61_#5more': -274661.0}, {'J10': 13, 'J11': 32, 'J12': 22, 'J13': 28, 'cluster3106249630_3106249631_J60_J61_#5more': 36}, {'J10': 18, 'J11': 50, 'J12': 53, 'J13': 43, 'cluster3106249630_3106249631_J60_J61_#5more': 84}, 
2325.0, {'J10': -43829.5, 'J11': -198508.5, 'J12': -20346.5, 'J13': -37909.5, 'cluster3106249630_3106249631_J60_J61_#5more': -275505.5}, {'J10': 13, 'J11': 32, 'J12': 22, 'J13': 28, 'cluster3106249630_3106249631_J60_J61_#5more': 36}, {'J10': 18, 'J11': 48, 'J12': 54, 'J13': 43, 'cluster3106249630_3106249631_J60_J61_#5more': 86}, 
2330.0, {'J10': -44009.5, 'J11': -198990.5, 'J12': -20876.0, 'J13': -38339.5, 'cluster3106249630_3106249631_J60_J61_#5more': -271314.5}, {'J10': 13, 'J11': 32, 'J12': 22, 'J13': 28, 'cluster3106249630_3106249631_J60_J61_#5more': 36}, {'J10': 18, 'J11': 49, 'J12': 54, 'J13': 43, 'cluster3106249630_3106249631_J60_J61_#5more': 86}, 
2335.0, {'J10': -44189.5, 'J11': -199468.5, 'J12': -21422.5, 'J13': -38769.5, 'cluster3106249630_3106249631_J60_J61_#5more': -272174.5}, {'J10': 13, 'J11': 32, 'J12': 22, 'J13': 28, 'cluster3106249630_3106249631_J60_J61_#5more': 36}, {'J10': 18, 'J11': 48, 'J12': 58, 'J13': 43, 'cluster3106249630_3106249631_J60_J61_#5more': 86}, 
2340.0, {'J10': -44370.5, 'J11': -199950.5, 'J12': -21938.0, 'J13': -39199.5, 'cluster3106249630_3106249631_J60_J61_#5more': -272672.5}, {'J10': 13, 'J11': 32, 'J12': 22, 'J13': 28, 'cluster3106249630_3106249631_J60_J61_#5more': 36}, {'J10': 19, 'J11': 50, 'J12': 61, 'J13': 43, 'cluster3106249630_3106249631_J60_J61_#5more': 85}, 
2345.0, {'J10': -44560.5, 'J11': -200439.0, 'J12': -22147.5, 'J13': -39629.5, 'cluster3106249630_3106249631_J60_J61_#5more': -273105.0}, {'J10': 13, 'J11': 32, 'J12': 22, 'J13': 28, 'cluster3106249630_3106249631_J60_J61_#5more': 36}, {'J10': 19, 'J11': 49, 'J12': 54, 'J13': 43, 'cluster3106249630_3106249631_J60_J61_#5more': 79}, 
2350.0, {'J10': -44750.5, 'J11': -200908.5, 'J12': -22489.5, 'J13': -36975.5, 'cluster3106249630_3106249631_J60_J61_#5more': -273764.5}, {'J10': 13, 'J11': 32, 'J12': 22, 'J13': 26, 'cluster3106249630_3106249631_J60_J61_#5more': 36}, {'J10': 19, 'J11': 48, 'J12': 50, 'J13': 38, 'cluster3106249630_3106249631_J60_J61_#5more': 79}, 
2355.0, {'J10': -44940.5, 'J11': -201388.5, 'J12': -22845.5, 'J13': -35234.5, 'cluster3106249630_3106249631_J60_J61_#5more': -274563.5}, {'J10': 13, 'J11': 32, 'J12': 22, 'J13': 24, 'cluster3106249630_3106249631_J60_J61_#5more': 36}, {'J10': 19, 'J11': 48, 'J12': 51, 'J13': 35, 'cluster3106249630_3106249631_J60_J61_#5more': 83}, 
2360.0, {'J10': -45130.5, 'J11': -201868.5, 'J12': -23282.0, 'J13': -35590.5, 'cluster3106249630_3106249631_J60_J61_#5more': -275393.5}, {'J10': 13, 'J11': 32, 'J12': 22, 'J13': 24, 'cluster3106249630_3106249631_J60_J61_#5more': 36}, {'J10': 19, 'J11': 48, 'J12': 55, 'J13': 37, 'cluster3106249630_3106249631_J60_J61_#5more': 83}, 
2365.0, {'J10': -45320.5, 'J11': -202348.5, 'J12': -23719.5, 'J13': -35960.5, 'cluster3106249630_3106249631_J60_J61_#5more': -276223.5}, {'J10': 13, 'J11': 32, 'J12': 22, 'J13': 24, 'cluster3106249630_3106249631_J60_J61_#5more': 36}, {'J10': 19, 'J11': 48, 'J12': 51, 'J13': 37, 'cluster3106249630_3106249631_J60_J61_#5more': 83}, 
2370.0, {'J10': -45510.5, 'J11': -202828.5, 'J12': -24187.5, 'J13': -36331.5, 'cluster3106249630_3106249631_J60_J61_#5more': -277053.5}, {'J10': 13, 'J11': 32, 'J12': 22, 'J13': 25, 'cluster3106249630_3106249631_J60_J61_#5more': 36}, {'J10': 19, 'J11': 48, 'J12': 53, 'J13': 38, 'cluster3106249630_3106249631_J60_J61_#5more': 83}, 
2375.0, {'J10': -45700.5, 'J11': -203319.5, 'J12': -24578.0, 'J13': -36722.5, 'cluster3106249630_3106249631_J60_J61_#5more': -277887.5}, {'J10': 13, 'J11': 32, 'J12': 22, 'J13': 28, 'cluster3106249630_3106249631_J60_J61_#5more': 36}, {'J10': 19, 'J11': 51, 'J12': 50, 'J13': 41, 'cluster3106249630_3106249631_J60_J61_#5more': 84}, 
2380.0, {'J10': -45812.5, 'J11': -203788.5, 'J12': -24972.0, 'J13': -37132.5, 'cluster3106249630_3106249631_J60_J61_#5more': -278729.5}, {'J10': 13, 'J11': 32, 'J12': 22, 'J13': 28, 'cluster3106249630_3106249631_J60_J61_#5more': 36}, {'J10': 19, 'J11': 48, 'J12': 47, 'J13': 41, 'cluster3106249630_3106249631_J60_J61_#5more': 85}, 
2385.0, {'J10': -45989.5, 'J11': -204268.5, 'J12': -25319.0, 'J13': -37542.5, 'cluster3106249630_3106249631_J60_J61_#5more': -279512.0}, {'J10': 13, 'J11': 32, 'J12': 22, 'J13': 28, 'cluster3106249630_3106249631_J60_J61_#5more': 36}, {'J10': 18, 'J11': 48, 'J12': 48, 'J13': 41, 'cluster3106249630_3106249631_J60_J61_#5more': 86}, 
2390.0, {'J10': -46169.5, 'J11': -204748.5, 'J12': -25806.5, 'J13': -37952.5, 'cluster3106249630_3106249631_J60_J61_#5more': -280375.0}, {'J10': 13, 'J11': 32, 'J12': 22, 'J13': 28, 'cluster3106249630_3106249631_J60_J61_#5more': 36}, {'J10': 18, 'J11': 48, 'J12': 52, 'J13': 41, 'cluster3106249630_3106249631_J60_J61_#5more': 87}, 
2395.0, {'J10': -46349.5, 'J11': -205228.5, 'J12': -26264.5, 'J13': -38362.5, 'cluster3106249630_3106249631_J60_J61_#5more': -281165.5}, {'J10': 13, 'J11': 32, 'J12': 22, 'J13': 28, 'cluster3106249630_3106249631_J60_J61_#5more': 36}, {'J10': 18, 'J11': 48, 'J12': 54, 'J13': 41, 'cluster3106249630_3106249631_J60_J61_#5more': 87}, 
2400.0, {'J10': -46529.5, 'J11': -205708.5, 'J12': -25685.5, 'J13': -38772.5, 'cluster3106249630_3106249631_J60_J61_#5more': -281949.0}, {'J10': 13, 'J11': 32, 'J12': 22, 'J13': 28, 'cluster3106249630_3106249631_J60_J61_#5more': 36}, {'J10': 18, 'J11': 48, 'J12': 52, 'J13': 41, 'cluster3106249630_3106249631_J60_J61_#5more': 88}, 
2405.0, {'J10': -46709.5, 'J11': -206188.5, 'J12': -25055.5, 'J13': -39182.5, 'cluster3106249630_3106249631_J60_J61_#5more': -282728.5}, {'J10': 13, 'J11': 32, 'J12': 22, 'J13': 28, 'cluster3106249630_3106249631_J60_J61_#5more': 36}, {'J10': 18, 'J11': 48, 'J12': 47, 'J13': 41, 'cluster3106249630_3106249631_J60_J61_#5more': 87}, 
2410.0, {'J10': -46889.5, 'J11': -206668.5, 'J12': -25364.0, 'J13': -39592.5, 'cluster3106249630_3106249631_J60_J61_#5more': -283598.5}, {'J10': 13, 'J11': 32, 'J12': 22, 'J13': 28, 'cluster3106249630_3106249631_J60_J61_#5more': 36}, {'J10': 18, 'J11': 48, 'J12': 45, 'J13': 41, 'cluster3106249630_3106249631_J60_J61_#5more': 87}, 
2415.0, {'J10': -47069.5, 'J11': -207148.5, 'J12': -25663.0, 'J13': -36917.5, 'cluster3106249630_3106249631_J60_J61_#5more': -284473.0}, {'J10': 13, 'J11': 32, 'J12': 22, 'J13': 26, 'cluster3106249630_3106249631_J60_J61_#5more': 36}, {'J10': 18, 'J11': 48, 'J12': 45, 'J13': 36, 'cluster3106249630_3106249631_J60_J61_#5more': 89}, 
2420.0, {'J10': -47249.5, 'J11': -207628.5, 'J12': -26104.0, 'J13': -35148.0, 'cluster3106249630_3106249631_J60_J61_#5more': -285367.5}, {'J10': 13, 'J11': 32, 'J12': 22, 'J13': 24, 'cluster3106249630_3106249631_J60_J61_#5more': 36}, {'J10': 18, 'J11': 48, 'J12': 48, 'J13': 33, 'cluster3106249630_3106249631_J60_J61_#5more': 91}, 
2425.0, {'J10': -47429.5, 'J11': -208108.5, 'J12': -25643.5, 'J13': -35484.0, 'cluster3106249630_3106249631_J60_J61_#5more': -286286.0}, {'J10': 13, 'J11': 32, 'J12': 22, 'J13': 24, 'cluster3106249630_3106249631_J60_J61_#5more': 36}, {'J10': 18, 'J11': 48, 'J12': 50, 'J13': 35, 'cluster3106249630_3106249631_J60_J61_#5more': 95}, 
2430.0, {'J10': -47609.5, 'J11': -208588.5, 'J12': -25608.0, 'J13': -35834.0, 'cluster3106249630_3106249631_J60_J61_#5more': -287229.0}, {'J10': 13, 'J11': 32, 'J12': 22, 'J13': 24, 'cluster3106249630_3106249631_J60_J61_#5more': 36}, {'J10': 18, 'J11': 48, 'J12': 47, 'J13': 35, 'cluster3106249630_3106249631_J60_J61_#5more': 95}, 
2435.0, {'J10': -47789.5, 'J11': -209070.5, 'J12': -26032.0, 'J13': -36184.0, 'cluster3106249630_3106249631_J60_J61_#5more': -278393.5}, {'J10': 13, 'J11': 32, 'J12': 22, 'J13': 24, 'cluster3106249630_3106249631_J60_J61_#5more': 36}, {'J10': 18, 'J11': 49, 'J12': 45, 'J13': 35, 'cluster3106249630_3106249631_J60_J61_#5more': 90}, 
2440.0, {'J10': -47969.5, 'J11': -209565.0, 'J12': -26377.5, 'J13': -36543.5, 'cluster3106249630_3106249631_J60_J61_#5more': -278903.0}, {'J10': 13, 'J11': 32, 'J12': 22, 'J13': 27, 'cluster3106249630_3106249631_J60_J61_#5more': 36}, {'J10': 18, 'J11': 50, 'J12': 49, 'J13': 38, 'cluster3106249630_3106249631_J60_J61_#5more': 86}, 
2445.0, {'J10': -48149.5, 'J11': -210043.0, 'J12': -25496.5, 'J13': -36928.5, 'cluster3106249630_3106249631_J60_J61_#5more': -279480.5}, {'J10': 13, 'J11': 32, 'J12': 22, 'J13': 28, 'cluster3106249630_3106249631_J60_J61_#5more': 36}, {'J10': 18, 'J11': 49, 'J12': 48, 'J13': 39, 'cluster3106249630_3106249631_J60_J61_#5more': 81}, 
2450.0, {'J10': -48330.0, 'J11': -210534.0, 'J12': -24850.5, 'J13': -37318.5, 'cluster3106249630_3106249631_J60_J61_#5more': -280252.0}, {'J10': 13, 'J11': 32, 'J12': 22, 'J13': 28, 'cluster3106249630_3106249631_J60_J61_#5more': 36}, {'J10': 19, 'J11': 50, 'J12': 46, 'J13': 39, 'cluster3106249630_3106249631_J60_J61_#5more': 85}, 
2455.0, {'J10': -48520.0, 'J11': -211002.0, 'J12': -24629.0, 'J13': -37708.5, 'cluster3106249630_3106249631_J60_J61_#5more': -281104.5}, {'J10': 13, 'J11': 32, 'J12': 22, 'J13': 28, 'cluster3106249630_3106249631_J60_J61_#5more': 36}, {'J10': 19, 'J11': 50, 'J12': 41, 'J13': 39, 'cluster3106249630_3106249631_J60_J61_#5more': 86}, 
2460.0, {'J10': -48710.0, 'J11': -211468.5, 'J12': -24835.0, 'J13': -38098.5, 'cluster3106249630_3106249631_J60_J61_#5more': -281966.0}, {'J10': 13, 'J11': 32, 'J12': 22, 'J13': 28, 'cluster3106249630_3106249631_J60_J61_#5more': 36}, {'J10': 19, 'J11': 48, 'J12': 44, 'J13': 39, 'cluster3106249630_3106249631_J60_J61_#5more': 87}, 
2465.0, {'J10': -48900.0, 'J11': -211948.5, 'J12': -25176.0, 'J13': -38488.5, 'cluster3106249630_3106249631_J60_J61_#5more': -282840.5}, {'J10': 13, 'J11': 32, 'J12': 22, 'J13': 28, 'cluster3106249630_3106249631_J60_J61_#5more': 36}, {'J10': 19, 'J11': 48, 'J12': 42, 'J13': 39, 'cluster3106249630_3106249631_J60_J61_#5more': 88}, 
2470.0, {'J10': -49090.0, 'J11': -212428.5, 'J12': -25545.0, 'J13': -38878.5, 'cluster3106249630_3106249631_J60_J61_#5more': -283683.0}, {'J10': 13, 'J11': 32, 'J12': 22, 'J13': 28, 'cluster3106249630_3106249631_J60_J61_#5more': 36}, {'J10': 19, 'J11': 48, 'J12': 43, 'J13': 39, 'cluster3106249630_3106249631_J60_J61_#5more': 89}, 
2475.0, {'J10': -49280.0, 'J11': -212908.5, 'J12': -25986.5, 'J13': -39268.5, 'cluster3106249630_3106249631_J60_J61_#5more': -284574.0}, {'J10': 13, 'J11': 32, 'J12': 22, 'J13': 28, 'cluster3106249630_3106249631_J60_J61_#5more': 36}, {'J10': 19, 'J11': 48, 'J12': 47, 'J13': 39, 'cluster3106249630_3106249631_J60_J61_#5more': 90}, 
2480.0, {'J10': -49470.0, 'J11': -213388.5, 'J12': -26425.0, 'J13': -35944.0, 'cluster3106249630_3106249631_J60_J61_#5more': -285481.0}, {'J10': 13, 'J11': 32, 'J12': 22, 'J13': 25, 'cluster3106249630_3106249631_J60_J61_#5more': 36}, {'J10': 19, 'J11': 48, 'J12': 49, 'J13': 34, 'cluster3106249630_3106249631_J60_J61_#5more': 92}, 
2485.0, {'J10': -49660.0, 'J11': -213868.5, 'J12': -26494.5, 'J13': -35279.5, 'cluster3106249630_3106249631_J60_J61_#5more': -286313.0}, {'J10': 13, 'J11': 32, 'J12': 22, 'J13': 24, 'cluster3106249630_3106249631_J60_J61_#5more': 36}, {'J10': 19, 'J11': 48, 'J12': 49, 'J13': 32, 'cluster3106249630_3106249631_J60_J61_#5more': 93}, 
2490.0, {'J10': -49850.0, 'J11': -214348.5, 'J12': -26831.0, 'J13': -35605.5, 'cluster3106249630_3106249631_J60_J61_#5more': -287243.0}, {'J10': 13, 'J11': 32, 'J12': 22, 'J13': 24, 'cluster3106249630_3106249631_J60_J61_#5more': 36}, {'J10': 19, 'J11': 48, 'J12': 48, 'J13': 34, 'cluster3106249630_3106249631_J60_J61_#5more': 93}, 
2495.0, {'J10': -50040.0, 'J11': -214830.5, 'J12': -26127.0, 'J13': -35945.5, 'cluster3106249630_3106249631_J60_J61_#5more': -288178.0}, {'J10': 13, 'J11': 32, 'J12': 22, 'J13': 24, 'cluster3106249630_3106249631_J60_J61_#5more': 36}, {'J10': 19, 'J11': 49, 'J12': 44, 'J13': 34, 'cluster3106249630_3106249631_J60_J61_#5more': 96}, 
2500.0, {'J10': -50230.0, 'J11': -215325.0, 'J12': -26527.0, 'J13': -36285.5, 'cluster3106249630_3106249631_J60_J61_#5more': -289038.5}, {'J10': 13, 'J11': 32, 'J12': 22, 'J13': 24, 'cluster3106249630_3106249631_J60_J61_#5more': 36}, {'J10': 19, 'J11': 50, 'J12': 44, 'J13': 34, 'cluster3106249630_3106249631_J60_J61_#5more': 96}, 
2505.0, {'J10': -50420.0, 'J11': -215827.5, 'J12': -26966.0, 'J13': -36634.5, 'cluster3106249630_3106249631_J60_J61_#5more': -289998.5}, {'J10': 13, 'J11': 32, 'J12': 22, 'J13': 27, 'cluster3106249630_3106249631_J60_J61_#5more': 36}, {'J10': 19, 'J11': 51, 'J12': 49, 'J13': 37, 'cluster3106249630_3106249631_J60_J61_#5more': 96}, 
2510.0, {'J10': -50494.5, 'J11': -216293.0, 'J12': -27155.5, 'J13': -37008.0, 'cluster3106249630_3106249631_J60_J61_#5more': -285791.5}, {'J10': 13, 'J11': 32, 'J12': 22, 'J13': 28, 'cluster3106249630_3106249631_J60_J61_#5more': 36}, {'J10': 20, 'J11': 49, 'J12': 47, 'J13': 38, 'cluster3106249630_3106249631_J60_J61_#5more': 93}, 
2515.0, {'J10': -50669.5, 'J11': -216748.5, 'J12': -27519.5, 'J13': -37388.0, 'cluster3106249630_3106249631_J60_J61_#5more': -281267.0}, {'J10': 13, 'J11': 32, 'J12': 22, 'J13': 28, 'cluster3106249630_3106249631_J60_J61_#5more': 36}, {'J10': 18, 'J11': 48, 'J12': 48, 'J13': 38, 'cluster3106249630_3106249631_J60_J61_#5more': 87}, 
2520.0, {'J10': -50849.5, 'J11': -217228.5, 'J12': -27929.5, 'J13': -37768.0, 'cluster3106249630_3106249631_J60_J61_#5more': -281847.5}, {'J10': 13, 'J11': 32, 'J12': 22, 'J13': 28, 'cluster3106249630_3106249631_J60_J61_#5more': 36}, {'J10': 18, 'J11': 48, 'J12': 48, 'J13': 38, 'cluster3106249630_3106249631_J60_J61_#5more': 82}, 
2525.0, {'J10': -51029.5, 'J11': -217708.5, 'J12': -28426.0, 'J13': -38148.0, 'cluster3106249630_3106249631_J60_J61_#5more': -282674.0}, {'J10': 13, 'J11': 32, 'J12': 22, 'J13': 28, 'cluster3106249630_3106249631_J60_J61_#5more': 36}, {'J10': 18, 'J11': 48, 'J12': 53, 'J13': 38, 'cluster3106249630_3106249631_J60_J61_#5more': 84}, 
2530.0, {'J10': -51209.5, 'J11': -218188.5, 'J12': -28958.5, 'J13': -38528.0, 'cluster3106249630_3106249631_J60_J61_#5more': -283519.0}, {'J10': 13, 'J11': 32, 'J12': 22, 'J13': 28, 'cluster3106249630_3106249631_J60_J61_#5more': 36}, {'J10': 18, 'J11': 48, 'J12': 54, 'J13': 38, 'cluster3106249630_3106249631_J60_J61_#5more': 86}, 
2535.0, {'J10': -51389.5, 'J11': -218669.0, 'J12': -29505.0, 'J13': -38908.0, 'cluster3106249630_3106249631_J60_J61_#5more': -284382.5}, {'J10': 13, 'J11': 32, 'J12': 22, 'J13': 28, 'cluster3106249630_3106249631_J60_J61_#5more': 36}, {'J10': 18, 'J11': 49, 'J12': 56, 'J13': 38, 'cluster3106249630_3106249631_J60_J61_#5more': 88}, 
2540.0, {'J10': -51569.5, 'J11': -219148.5, 'J12': -29946.0, 'J13': -39288.0, 'cluster3106249630_3106249631_J60_J61_#5more': -285266.5}, {'J10': 13, 'J11': 32, 'J12': 22, 'J13': 28, 'cluster3106249630_3106249631_J60_J61_#5more': 36}, {'J10': 18, 'J11': 48, 'J12': 56, 'J13': 38, 'cluster3106249630_3106249631_J60_J61_#5more': 90}, 
2545.0, {'J10': -51749.5, 'J11': -219636.5, 'J12': -30131.5, 'J13': -36316.5, 'cluster3106249630_3106249631_J60_J61_#5more': -286170.5}, {'J10': 13, 'J11': 32, 'J12': 22, 'J13': 25, 'cluster3106249630_3106249631_J60_J61_#5more': 36}, {'J10': 18, 'J11': 50, 'J12': 52, 'J13': 34, 'cluster3106249630_3106249631_J60_J61_#5more': 91}, 
2550.0, {'J10': -51929.5, 'J11': -220121.5, 'J12': -30283.5, 'J13': -36532.5, 'cluster3106249630_3106249631_J60_J61_#5more': -287082.0}, {'J10': 13, 'J11': 32, 'J12': 22, 'J13': 25, 'cluster3106249630_3106249631_J60_J61_#5more': 36}, {'J10': 18, 'J11': 49, 'J12': 51, 'J13': 33, 'cluster3106249630_3106249631_J60_J61_#5more': 92}, 
2555.0, {'J10': -52109.5, 'J11': -220588.5, 'J12': -30798.0, 'J13': -36868.5, 'cluster3106249630_3106249631_J60_J61_#5more': -288006.5}, {'J10': 13, 'J11': 32, 'J12': 22, 'J13': 25, 'cluster3106249630_3106249631_J60_J61_#5more': 36}, {'J10': 18, 'J11': 48, 'J12': 52, 'J13': 35, 'cluster3106249630_3106249631_J60_J61_#5more': 94}, 
2560.0, {'J10': -52289.5, 'J11': -221068.5, 'J12': -31321.5, 'J13': -37218.5, 'cluster3106249630_3106249631_J60_J61_#5more': -288952.0}, {'J10': 13, 'J11': 32, 'J12': 22, 'J13': 25, 'cluster3106249630_3106249631_J60_J61_#5more': 36}, {'J10': 18, 'J11': 48, 'J12': 53, 'J13': 35, 'cluster3106249630_3106249631_J60_J61_#5more': 97}, 
2565.0, {'J10': -52469.5, 'J11': -221548.5, 'J12': -31858.5, 'J13': -37568.5, 'cluster3106249630_3106249631_J60_J61_#5more': -289925.5}, {'J10': 13, 'J11': 32, 'J12': 22, 'J13': 25, 'cluster3106249630_3106249631_J60_J61_#5more': 36}, {'J10': 18, 'J11': 48, 'J12': 55, 'J13': 35, 'cluster3106249630_3106249631_J60_J61_#5more': 98}, 
2570.0, {'J10': -52649.5, 'J11': -222028.5, 'J12': -31881.5, 'J13': -37929.0, 'cluster3106249630_3106249631_J60_J61_#5more': -290905.5}, {'J10': 13, 'J11': 32, 'J12': 22, 'J13': 28, 'cluster3106249630_3106249631_J60_J61_#5more': 36}, {'J10': 18, 'J11': 48, 'J12': 52, 'J13': 38, 'cluster3106249630_3106249631_J60_J61_#5more': 98}, 
2575.0, {'J10': -52829.5, 'J11': -222513.5, 'J12': -32052.0, 'J13': -38309.0, 'cluster3106249630_3106249631_J60_J61_#5more': -291891.5}, {'J10': 13, 'J11': 32, 'J12': 22, 'J13': 28, 'cluster3106249630_3106249631_J60_J61_#5more': 36}, {'J10': 18, 'J11': 50, 'J12': 49, 'J13': 38, 'cluster3106249630_3106249631_J60_J61_#5more': 100}, 
2580.0, {'J10': -53009.5, 'J11': -223014.0, 'J12': -32340.5, 'J13': -38689.0, 'cluster3106249630_3106249631_J60_J61_#5more': -292658.5}, {'J10': 13, 'J11': 32, 'J12': 22, 'J13': 28, 'cluster3106249630_3106249631_J60_J61_#5more': 36}, {'J10': 18, 'J11': 51, 'J12': 48, 'J13': 38, 'cluster3106249630_3106249631_J60_J61_#5more': 101}, 
2585.0, {'J10': -53189.5, 'J11': -223489.5, 'J12': -32505.5, 'J13': -39069.0, 'cluster3106249630_3106249631_J60_J61_#5more': -283398.0}, {'J10': 13, 'J11': 32, 'J12': 22, 'J13': 28, 'cluster3106249630_3106249631_J60_J61_#5more': 36}, {'J10': 18, 'J11': 49, 'J12': 47, 'J13': 38, 'cluster3106249630_3106249631_J60_J61_#5more': 97}, 
2590.0, {'J10': -53369.5, 'J11': -223948.5, 'J12': -32632.0, 'J13': -39449.0, 'cluster3106249630_3106249631_J60_J61_#5more': -283785.0}, {'J10': 13, 'J11': 32, 'J12': 22, 'J13': 28, 'cluster3106249630_3106249631_J60_J61_#5more': 36}, {'J10': 18, 'J11': 48, 'J12': 43, 'J13': 38, 'cluster3106249630_3106249631_J60_J61_#5more': 91}, 
2595.0, {'J10': -53549.5, 'J11': -224428.5, 'J12': -33068.0, 'J13': -39829.0, 'cluster3106249630_3106249631_J60_J61_#5more': -284510.5}, {'J10': 13, 'J11': 32, 'J12': 22, 'J13': 28, 'cluster3106249630_3106249631_J60_J61_#5more': 36}, {'J10': 18, 'J11': 48, 'J12': 46, 'J13': 38, 'cluster3106249630_3106249631_J60_J61_#5more': 89}, 
2600.0, {'J10': -53729.5, 'J11': -224908.5, 'J12': -33428.5, 'J13': -40209.0, 'cluster3106249630_3106249631_J60_J61_#5more': -285406.5}, {'J10': 13, 'J11': 32, 'J12': 22, 'J13': 28, 'cluster3106249630_3106249631_J60_J61_#5more': 36}, {'J10': 18, 'J11': 48, 'J12': 46, 'J13': 38, 'cluster3106249630_3106249631_J60_J61_#5more': 92}, 
2605.0, {'J10': -53909.5, 'J11': -225388.5, 'J12': -33839.5, 'J13': -40589.0, 'cluster3106249630_3106249631_J60_J61_#5more': -286332.5}, {'J10': 13, 'J11': 32, 'J12': 22, 'J13': 28, 'cluster3106249630_3106249631_J60_J61_#5more': 36}, {'J10': 18, 'J11': 48, 'J12': 49, 'J13': 38, 'cluster3106249630_3106249631_J60_J61_#5more': 94}, 
2610.0, {'J10': -54089.5, 'J11': -225868.5, 'J12': -34330.5, 'J13': -38609.5, 'cluster3106249630_3106249631_J60_J61_#5more': -287272.5}, {'J10': 13, 'J11': 32, 'J12': 22, 'J13': 26, 'cluster3106249630_3106249631_J60_J61_#5more': 36}, {'J10': 18, 'J11': 48, 'J12': 53, 'J13': 35, 'cluster3106249630_3106249631_J60_J61_#5more': 94}, 
2615.0, {'J10': -54269.5, 'J11': -226348.5, 'J12': -34736.0, 'J13': -38835.5, 'cluster3106249630_3106249631_J60_J61_#5more': -288214.0}, {'J10': 13, 'J11': 32, 'J12': 22, 'J13': 26, 'cluster3106249630_3106249631_J60_J61_#5more': 36}, {'J10': 18, 'J11': 48, 'J12': 50, 'J13': 34, 'cluster3106249630_3106249631_J60_J61_#5more': 95}, 
2620.0, {'J10': -54449.5, 'J11': -226828.5, 'J12': -26720.5, 'J13': -39180.5, 'cluster3106249630_3106249631_J60_J61_#5more': -288885.0}, {'J10': 13, 'J11': 32, 'J12': 18, 'J13': 26, 'cluster3106249630_3106249631_J60_J61_#5more': 36}, {'J10': 18, 'J11': 48, 'J12': 42, 'J13': 36, 'cluster3106249630_3106249631_J60_J61_#5more': 96}, 
2625.0, {'J10': -54629.5, 'J11': -227308.5, 'J12': -25836.0, 'J13': -39540.5, 'cluster3106249630_3106249631_J60_J61_#5more': -289858.0}, {'J10': 13, 'J11': 32, 'J12': 18, 'J13': 26, 'cluster3106249630_3106249631_J60_J61_#5more': 36}, {'J10': 18, 'J11': 48, 'J12': 37, 'J13': 36, 'cluster3106249630_3106249631_J60_J61_#5more': 101}, 
2630.0, {'J10': -54809.5, 'J11': -227788.5, 'J12': -26152.0, 'J13': -39901.5, 'cluster3106249630_3106249631_J60_J61_#5more': -290871.0}, {'J10': 13, 'J11': 32, 'J12': 18, 'J13': 27, 'cluster3106249630_3106249631_J60_J61_#5more': 36}, {'J10': 18, 'J11': 48, 'J12': 42, 'J13': 37, 'cluster3106249630_3106249631_J60_J61_#5more': 102}, 
2635.0, {'J10': -54993.5, 'J11': -228271.5, 'J12': -26589.0, 'J13': -40276.0, 'cluster3106249630_3106249631_J60_J61_#5more': -291609.5}, {'J10': 13, 'J11': 32, 'J12': 18, 'J13': 28, 'cluster3106249630_3106249631_J60_J61_#5more': 36}, {'J10': 19, 'J11': 49, 'J12': 49, 'J13': 38, 'cluster3106249630_3106249631_J60_J61_#5more': 101}, 
2640.0, {'J10': -55172.0, 'J11': -228765.0, 'J12': -27035.5, 'J13': -40656.0, 'cluster3106249630_3106249631_J60_J61_#5more': -292367.5}, {'J10': 13, 'J11': 32, 'J12': 22, 'J13': 28, 'cluster3106249630_3106249631_J60_J61_#5more': 36}, {'J10': 19, 'J11': 50, 'J12': 52, 'J13': 38, 'cluster3106249630_3106249631_J60_J61_#5more': 100}, 
2645.0, {'J10': -55349.5, 'J11': -229267.5, 'J12': -27564.5, 'J13': -41036.0, 'cluster3106249630_3106249631_J60_J61_#5more': -293325.5}, {'J10': 13, 'J11': 32, 'J12': 22, 'J13': 28, 'cluster3106249630_3106249631_J60_J61_#5more': 36}, {'J10': 18, 'J11': 51, 'J12': 56, 'J13': 38, 'cluster3106249630_3106249631_J60_J61_#5more': 99}, 
2650.0, {'J10': -55533.0, 'J11': -229751.5, 'J12': -27957.0, 'J13': -41416.0, 'cluster3106249630_3106249631_J60_J61_#5more': -294315.5}, {'J10': 13, 'J11': 32, 'J12': 22, 'J13': 28, 'cluster3106249630_3106249631_J60_J61_#5more': 36}, {'J10': 19, 'J11': 52, 'J12': 52, 'J13': 38, 'cluster3106249630_3106249631_J60_J61_#5more': 99}, 
2655.0, {'J10': -55727.0, 'J11': -230257.0, 'J12': -28282.0, 'J13': -41796.0, 'cluster3106249630_3106249631_J60_J61_#5more': -294375.0}, {'J10': 13, 'J11': 32, 'J12': 22, 'J13': 28, 'cluster3106249630_3106249631_J60_J61_#5more': 36}, {'J10': 20, 'J11': 51, 'J12': 48, 'J13': 38, 'cluster3106249630_3106249631_J60_J61_#5more': 96}, 
2660.0, {'J10': -55927.0, 'J11': -230767.0, 'J12': -28696.5, 'J13': -42176.0, 'cluster3106249630_3106249631_J60_J61_#5more': -294712.0}, {'J10': 13, 'J11': 32, 'J12': 22, 'J13': 28, 'cluster3106249630_3106249631_J60_J61_#5more': 36}, {'J10': 20, 'J11': 51, 'J12': 47, 'J13': 38, 'cluster3106249630_3106249631_J60_J61_#5more': 94}, 
2665.0, {'J10': -56127.0, 'J11': -231277.0, 'J12': -29099.5, 'J13': -42556.0, 'cluster3106249630_3106249631_J60_J61_#5more': -295652.0}, {'J10': 13, 'J11': 32, 'J12': 22, 'J13': 28, 'cluster3106249630_3106249631_J60_J61_#5more': 36}, {'J10': 20, 'J11': 51, 'J12': 48, 'J13': 38, 'cluster3106249630_3106249631_J60_J61_#5more': 94}, 
2670.0, {'J10': -56327.0, 'J11': -231723.5, 'J12': -29517.0, 'J13': -42936.0, 'cluster3106249630_3106249631_J60_J61_#5more': -296599.5}, {'J10': 13, 'J11': 32, 'J12': 22, 'J13': 28, 'cluster3106249630_3106249631_J60_J61_#5more': 36}, {'J10': 20, 'J11': 50, 'J12': 47, 'J13': 38, 'cluster3106249630_3106249631_J60_J61_#5more': 97}, 
2675.0, {'J10': -56527.0, 'J11': -232162.5, 'J12': -29977.5, 'J13': -39089.0, 'cluster3106249630_3106249631_J60_J61_#5more': -297574.0}, {'J10': 13, 'J11': 32, 'J12': 22, 'J13': 24, 'cluster3106249630_3106249631_J60_J61_#5more': 36}, {'J10': 20, 'J11': 50, 'J12': 47, 'J13': 33, 'cluster3106249630_3106249631_J60_J61_#5more': 98}, 
2680.0, {'J10': -56727.0, 'J11': -232600.0, 'J12': -30456.5, 'J13': -39295.5, 'cluster3106249630_3106249631_J60_J61_#5more': -298560.0}, {'J10': 13, 'J11': 32, 'J12': 22, 'J13': 24, 'cluster3106249630_3106249631_J60_J61_#5more': 36}, {'J10': 20, 'J11': 49, 'J12': 51, 'J13': 32, 'cluster3106249630_3106249631_J60_J61_#5more': 100}, 
2685.0, {'J10': -56927.0, 'J11': -233068.5, 'J12': -30006.0, 'J13': -39619.5, 'cluster3106249630_3106249631_J60_J61_#5more': -299560.0}, {'J10': 13, 'J11': 32, 'J12': 22, 'J13': 24, 'cluster3106249630_3106249631_J60_J61_#5more': 36}, {'J10': 20, 'J11': 48, 'J12': 49, 'J13': 33, 'cluster3106249630_3106249631_J60_J61_#5more': 100}, 
2690.0, {'J10': -57127.0, 'J11': -233548.5, 'J12': -30399.5, 'J13': -39949.5, 'cluster3106249630_3106249631_J60_J61_#5more': -300560.0}, {'J10': 13, 'J11': 32, 'J12': 22, 'J13': 24, 'cluster3106249630_3106249631_J60_J61_#5more': 36}, {'J10': 20, 'J11': 48, 'J12': 46, 'J13': 33, 'cluster3106249630_3106249631_J60_J61_#5more': 100}, 
2695.0, {'J10': -57327.0, 'J11': -234028.5, 'J12': -30863.5, 'J13': -40279.5, 'cluster3106249630_3106249631_J60_J61_#5more': -301560.0}, {'J10': 13, 'J11': 32, 'J12': 22, 'J13': 24, 'cluster3106249630_3106249631_J60_J61_#5more': 36}, {'J10': 20, 'J11': 48, 'J12': 48, 'J13': 33, 'cluster3106249630_3106249631_J60_J61_#5more': 100}, 
2700.0, {'J10': -57527.0, 'J11': -234508.5, 'J12': -28960.0, 'J13': -40616.5, 'cluster3106249630_3106249631_J60_J61_#5more': -302560.0}, {'J10': 13, 'J11': 32, 'J12': 22, 'J13': 27, 'cluster3106249630_3106249631_J60_J61_#5more': 36}, {'J10': 20, 'J11': 48, 'J12': 42, 'J13': 36, 'cluster3106249630_3106249631_J60_J61_#5more': 100}, 
2705.0, {'J10': -57615.5, 'J11': -234988.5, 'J12': -25774.5, 'J13': -40979.0, 'cluster3106249630_3106249631_J60_J61_#5more': -303560.0}, {'J10': 13, 'J11': 32, 'J12': 20, 'J13': 28, 'cluster3106249630_3106249631_J60_J61_#5more': 36}, {'J10': 21, 'J11': 48, 'J12': 43, 'J13': 37, 'cluster3106249630_3106249631_J60_J61_#5more': 100}, 
2710.0, {'J10': -57690.0, 'J11': -235468.5, 'J12': -26181.0, 'J13': -41349.0, 'cluster3106249630_3106249631_J60_J61_#5more': -304560.0}, {'J10': 13, 'J11': 32, 'J12': 20, 'J13': 28, 'cluster3106249630_3106249631_J60_J61_#5more': 36}, {'J10': 19, 'J11': 48, 'J12': 46, 'J13': 37, 'cluster3106249630_3106249631_J60_J61_#5more': 100}, 
2715.0, {'J10': -57883.0, 'J11': -235952.5, 'J12': -26510.0, 'J13': -41719.0, 'cluster3106249630_3106249631_J60_J61_#5more': -299017.0}, {'J10': 13, 'J11': 32, 'J12': 20, 'J13': 28, 'cluster3106249630_3106249631_J60_J61_#5more': 36}, {'J10': 20, 'J11': 49, 'J12': 45, 'J13': 37, 'cluster3106249630_3106249631_J60_J61_#5more': 98}, 
2720.0, {'J10': -58083.0, 'J11': -236442.5, 'J12': -26889.0, 'J13': -42089.0, 'cluster3106249630_3106249631_J60_J61_#5more': -299997.0}, {'J10': 13, 'J11': 32, 'J12': 20, 'J13': 28, 'cluster3106249630_3106249631_J60_J61_#5more': 36}, {'J10': 20, 'J11': 49, 'J12': 45, 'J13': 37, 'cluster3106249630_3106249631_J60_J61_#5more': 98}, 
2725.0, {'J10': -58283.0, 'J11': -236908.5, 'J12': -27266.5, 'J13': -42462.0, 'cluster3106249630_3106249631_J60_J61_#5more': -301352.0}, {'J10': 13, 'J11': 32, 'J12': 20, 'J13': 28, 'cluster3106249630_3106249631_J60_J61_#5more': 36}, {'J10': 20, 'J11': 48, 'J12': 44, 'J13': 38, 'cluster3106249630_3106249631_J60_J61_#5more': 99}, 
2730.0, {'J10': -58483.0, 'J11': -237388.5, 'J12': -27675.0, 'J13': -42842.0, 'cluster3106249630_3106249631_J60_J61_#5more': -302342.0}, {'J10': 13, 'J11': 32, 'J12': 20, 'J13': 28, 'cluster3106249630_3106249631_J60_J61_#5more': 36}, {'J10': 20, 'J11': 48, 'J12': 45, 'J13': 38, 'cluster3106249630_3106249631_J60_J61_#5more': 99}, 
2735.0, {'J10': -58683.0, 'J11': -237873.0, 'J12': -28126.0, 'J13': -43222.0, 'cluster3106249630_3106249631_J60_J61_#5more': -303332.0}, {'J10': 13, 'J11': 32, 'J12': 20, 'J13': 28, 'cluster3106249630_3106249631_J60_J61_#5more': 36}, {'J10': 20, 'J11': 50, 'J12': 46, 'J13': 38, 'cluster3106249630_3106249631_J60_J61_#5more': 99}, 
2740.0, {'J10': -58883.0, 'J11': -238376.5, 'J12': -28590.0, 'J13': -43360.5, 'cluster3106249630_3106249631_J60_J61_#5more': -304325.5}, {'J10': 13, 'J11': 32, 'J12': 20, 'J13': 28, 'cluster3106249630_3106249631_J60_J61_#5more': 36}, {'J10': 20, 'J11': 51, 'J12': 48, 'J13': 37, 'cluster3106249630_3106249631_J60_J61_#5more': 102}, 
2745.0, {'J10': -59083.0, 'J11': -238886.5, 'J12': -29080.5, 'J13': -43606.5, 'cluster3106249630_3106249631_J60_J61_#5more': -305345.5}, {'J10': 13, 'J11': 32, 'J12': 20, 'J13': 28, 'cluster3106249630_3106249631_J60_J61_#5more': 36}, {'J10': 20, 'J11': 51, 'J12': 51, 'J13': 36, 'cluster3106249630_3106249631_J60_J61_#5more': 102}, 
2750.0, {'J10': -59283.0, 'J11': -239396.5, 'J12': -29456.0, 'J13': -43966.5, 'cluster3106249630_3106249631_J60_J61_#5more': -306345.0}, {'J10': 13, 'J11': 32, 'J12': 20, 'J13': 28, 'cluster3106249630_3106249631_J60_J61_#5more': 36}, {'J10': 20, 'J11': 51, 'J12': 49, 'J13': 36, 'cluster3106249630_3106249631_J60_J61_#5more': 101}, 
2755.0, {'J10': -59483.0, 'J11': -239868.5, 'J12': -29794.5, 'J13': -44326.5, 'cluster3106249630_3106249631_J60_J61_#5more': -307355.5}, {'J10': 13, 'J11': 32, 'J12': 20, 'J13': 28, 'cluster3106249630_3106249631_J60_J61_#5more': 36}, {'J10': 20, 'J11': 52, 'J12': 44, 'J13': 36, 'cluster3106249630_3106249631_J60_J61_#5more': 102}, 
2760.0, {'J10': -59683.0, 'J11': -240388.5, 'J12': -30197.0, 'J13': -44686.5, 'cluster3106249630_3106249631_J60_J61_#5more': -308375.5}, {'J10': 13, 'J11': 32, 'J12': 20, 'J13': 28, 'cluster3106249630_3106249631_J60_J61_#5more': 36}, {'J10': 20, 'J11': 52, 'J12': 45, 'J13': 36, 'cluster3106249630_3106249631_J60_J61_#5more': 102}, 
2765.0, {'J10': -59883.0, 'J11': -240849.5, 'J12': -30412.0, 'J13': -45046.5, 'cluster3106249630_3106249631_J60_J61_#5more': -309375.0}, {'J10': 13, 'J11': 32, 'J12': 20, 'J13': 28, 'cluster3106249630_3106249631_J60_J61_#5more': 36}, {'J10': 20, 'J11': 52, 'J12': 47, 'J13': 36, 'cluster3106249630_3106249631_J60_J61_#5more': 101}, 
2770.0, {'J10': -59964.0, 'J11': -241272.0, 'J12': -30839.5, 'J13': -45406.5, 'cluster3106249630_3106249631_J60_J61_#5more': -310385.0}, {'J10': 13, 'J11': 32, 'J12': 20, 'J13': 28, 'cluster3106249630_3106249631_J60_J61_#5more': 36}, {'J10': 20, 'J11': 50, 'J12': 45, 'J13': 36, 'cluster3106249630_3106249631_J60_J61_#5more': 101}, 
2775.0, {'J10': -60031.5, 'J11': -241709.0, 'J12': -31197.5, 'J13': -45766.5, 'cluster3106249630_3106249631_J60_J61_#5more': -311395.0}, {'J10': 13, 'J11': 32, 'J12': 20, 'J13': 28, 'cluster3106249630_3106249631_J60_J61_#5more': 36}, {'J10': 19, 'J11': 49, 'J12': 43, 'J13': 36, 'cluster3106249630_3106249631_J60_J61_#5more': 101}, 
2780.0, {'J10': -60225.5, 'J11': -242188.5, 'J12': -30323.5, 'J13': -46126.5, 'cluster3106249630_3106249631_J60_J61_#5more': -312405.0}, {'J10': 13, 'J11': 32, 'J12': 20, 'J13': 28, 'cluster3106249630_3106249631_J60_J61_#5more': 36}, {'J10': 20, 'J11': 48, 'J12': 45, 'J13': 36, 'cluster3106249630_3106249631_J60_J61_#5more': 101}, 
2785.0, {'J10': -60425.5, 'J11': -242673.5, 'J12': -28418.5, 'J13': -46486.5, 'cluster3106249630_3106249631_J60_J61_#5more': -310726.5}, {'J10': 13, 'J11': 32, 'J12': 20, 'J13': 28, 'cluster3106249630_3106249631_J60_J61_#5more': 36}, {'J10': 20, 'J11': 50, 'J12': 44, 'J13': 36, 'cluster3106249630_3106249631_J60_J61_#5more': 96}, 
2790.0, {'J10': -60625.5, 'J11': -243160.5, 'J12': -27790.5, 'J13': -46846.5, 'cluster3106249630_3106249631_J60_J61_#5more': -311688.0}, {'J10': 13, 'J11': 32, 'J12': 20, 'J13': 28, 'cluster3106249630_3106249631_J60_J61_#5more': 36}, {'J10': 20, 'J11': 50, 'J12': 39, 'J13': 36, 'cluster3106249630_3106249631_J60_J61_#5more': 97}, 
2795.0, {'J10': -60825.5, 'J11': -243660.5, 'J12': -28076.5, 'J13': -47206.5, 'cluster3106249630_3106249631_J60_J61_#5more': -312664.0}, {'J10': 13, 'J11': 32, 'J12': 20, 'J13': 28, 'cluster3106249630_3106249631_J60_J61_#5more': 36}, {'J10': 20, 'J11': 50, 'J12': 37, 'J13': 36, 'cluster3106249630_3106249631_J60_J61_#5more': 99}, 
2800.0, {'J10': -61025.5, 'J11': -244131.0, 'J12': -28426.0, 'J13': -47566.5, 'cluster3106249630_3106249631_J60_J61_#5more': -313643.0}, {'J10': 13, 'J11': 32, 'J12': 20, 'J13': 28, 'cluster3106249630_3106249631_J60_J61_#5more': 36}, {'J10': 20, 'J11': 50, 'J12': 41, 'J13': 36, 'cluster3106249630_3106249631_J60_J61_#5more': 102}, 
2805.0, {'J10': -61225.5, 'J11': -244644.5, 'J12': -24673.0, 'J13': -45515.5, 'cluster3106249630_3106249631_J60_J61_#5more': -314585.5}, {'J10': 13, 'J11': 32, 'J12': 18, 'J13': 26, 'cluster3106249630_3106249631_J60_J61_#5more': 36}, {'J10': 20, 'J11': 54, 'J12': 38, 'J13': 33, 'cluster3106249630_3106249631_J60_J61_#5more': 101}, 
2810.0, {'J10': -61425.5, 'J11': -245108.0, 'J12': -25062.5, 'J13': -45845.5, 'cluster3106249630_3106249631_J60_J61_#5more': -315595.5}, {'J10': 13, 'J11': 32, 'J12': 18, 'J13': 26, 'cluster3106249630_3106249631_J60_J61_#5more': 36}, {'J10': 20, 'J11': 51, 'J12': 42, 'J13': 33, 'cluster3106249630_3106249631_J60_J61_#5more': 101}, 
2815.0, {'J10': -61625.5, 'J11': -245618.0, 'J12': -24626.5, 'J13': -46175.5, 'cluster3106249630_3106249631_J60_J61_#5more': -316605.5}, {'J10': 13, 'J11': 32, 'J12': 18, 'J13': 26, 'cluster3106249630_3106249631_J60_J61_#5more': 36}, {'J10': 20, 'J11': 51, 'J12': 44, 'J13': 33, 'cluster3106249630_3106249631_J60_J61_#5more': 101}, 
2820.0, {'J10': -61825.5, 'J11': -246136.0, 'J12': -24292.5, 'J13': -46505.5, 'cluster3106249630_3106249631_J60_J61_#5more': -317615.5}, {'J10': 13, 'J11': 32, 'J12': 20, 'J13': 26, 'cluster3106249630_3106249631_J60_J61_#5more': 36}, {'J10': 20, 'J11': 54, 'J12': 43, 'J13': 33, 'cluster3106249630_3106249631_J60_J61_#5more': 101}, 
2825.0, {'J10': -62025.5, 'J11': -246546.5, 'J12': -21227.0, 'J13': -46836.5, 'cluster3106249630_3106249631_J60_J61_#5more': -311736.5}, {'J10': 13, 'J11': 32, 'J12': 18, 'J13': 27, 'cluster3106249630_3106249631_J60_J61_#5more': 36}, {'J10': 20, 'J11': 51, 'J12': 41, 'J13': 34, 'cluster3106249630_3106249631_J60_J61_#5more': 99}, 
2830.0, {'J10': -62225.5, 'J11': -247009.5, 'J12': -21639.0, 'J13': -47181.5, 'cluster3106249630_3106249631_J60_J61_#5more': -312726.5}, {'J10': 13, 'J11': 32, 'J12': 18, 'J13': 28, 'cluster3106249630_3106249631_J60_J61_#5more': 36}, {'J10': 20, 'J11': 49, 'J12': 42, 'J13': 35, 'cluster3106249630_3106249631_J60_J61_#5more': 99}, 
2835.0, {'J10': -62303.5, 'J11': -247468.5, 'J12': -22074.0, 'J13': -47531.5, 'cluster3106249630_3106249631_J60_J61_#5more': -313716.5}, {'J10': 13, 'J11': 32, 'J12': 18, 'J13': 28, 'cluster3106249630_3106249631_J60_J61_#5more': 36}, {'J10': 19, 'J11': 48, 'J12': 48, 'J13': 35, 'cluster3106249630_3106249631_J60_J61_#5more': 99}, 
2840.0, {'J10': -62371.5, 'J11': -247948.5, 'J12': -22523.0, 'J13': -47881.5, 'cluster3106249630_3106249631_J60_J61_#5more': -314712.5}, {'J10': 13, 'J11': 32, 'J12': 19, 'J13': 28, 'cluster3106249630_3106249631_J60_J61_#5more': 36}, {'J10': 19, 'J11': 48, 'J12': 49, 'J13': 35, 'cluster3106249630_3106249631_J60_J61_#5more': 102}, 
2845.0, {'J10': -62566.0, 'J11': -248431.5, 'J12': -22042.0, 'J13': -48231.5, 'cluster3106249630_3106249631_J60_J61_#5more': -315719.0}, {'J10': 13, 'J11': 32, 'J12': 20, 'J13': 28, 'cluster3106249630_3106249631_J60_J61_#5more': 36}, {'J10': 20, 'J11': 49, 'J12': 45, 'J13': 35, 'cluster3106249630_3106249631_J60_J61_#5more': 101}, 
2850.0, {'J10': -62766.0, 'J11': -248925.5, 'J12': -21957.0, 'J13': -48581.5, 'cluster3106249630_3106249631_J60_J61_#5more': -314290.0}, {'J10': 13, 'J11': 32, 'J12': 20, 'J13': 28, 'cluster3106249630_3106249631_J60_J61_#5more': 36}, {'J10': 20, 'J11': 51, 'J12': 40, 'J13': 35, 'cluster3106249630_3106249631_J60_J61_#5more': 97}, 
2855.0, {'J10': -62966.0, 'J11': -249399.5, 'J12': -22256.5, 'J13': -48931.5, 'cluster3106249630_3106249631_J60_J61_#5more': -314717.5}, {'J10': 13, 'J11': 32, 'J12': 20, 'J13': 28, 'cluster3106249630_3106249631_J60_J61_#5more': 36}, {'J10': 20, 'J11': 49, 'J12': 40, 'J13': 35, 'cluster3106249630_3106249631_J60_J61_#5more': 95}, 
2860.0, {'J10': -63166.0, 'J11': -249868.5, 'J12': -22609.5, 'J13': -49281.5, 'cluster3106249630_3106249631_J60_J61_#5more': -315677.0}, {'J10': 13, 'J11': 32, 'J12': 20, 'J13': 28, 'cluster3106249630_3106249631_J60_J61_#5more': 36}, {'J10': 20, 'J11': 48, 'J12': 46, 'J13': 35, 'cluster3106249630_3106249631_J60_J61_#5more': 99}, 
2865.0, {'J10': -63366.0, 'J11': -250348.5, 'J12': -23091.0, 'J13': -49631.5, 'cluster3106249630_3106249631_J60_J61_#5more': -316660.5}, {'J10': 13, 'J11': 32, 'J12': 20, 'J13': 28, 'cluster3106249630_3106249631_J60_J61_#5more': 36}, {'J10': 20, 'J11': 48, 'J12': 54, 'J13': 35, 'cluster3106249630_3106249631_J60_J61_#5more': 102}, 
2870.0, {'J10': -63566.0, 'J11': -250828.5, 'J12': -23290.0, 'J13': -47598.5, 'cluster3106249630_3106249631_J60_J61_#5more': -317664.5}, {'J10': 13, 'J11': 32, 'J12': 20, 'J13': 26, 'cluster3106249630_3106249631_J60_J61_#5more': 36}, {'J10': 20, 'J11': 48, 'J12': 50, 'J13': 33, 'cluster3106249630_3106249631_J60_J61_#5more': 103}, 
2875.0, {'J10': -63766.0, 'J11': -251308.5, 'J12': -23356.0, 'J13': -47928.5, 'cluster3106249630_3106249631_J60_J61_#5more': -318632.5}, {'J10': 13, 'J11': 32, 'J12': 20, 'J13': 26, 'cluster3106249630_3106249631_J60_J61_#5more': 36}, {'J10': 20, 'J11': 48, 'J12': 49, 'J13': 33, 'cluster3106249630_3106249631_J60_J61_#5more': 101}, 
2880.0, {'J10': -63966.0, 'J11': -251788.5, 'J12': -23744.5, 'J13': -48258.5, 'cluster3106249630_3106249631_J60_J61_#5more': -319642.5}, {'J10': 13, 'J11': 32, 'J12': 20, 'J13': 26, 'cluster3106249630_3106249631_J60_J61_#5more': 36}, {'J10': 20, 'J11': 48, 'J12': 49, 'J13': 33, 'cluster3106249630_3106249631_J60_J61_#5more': 101}, 
2885.0, {'J10': -64166.0, 'J11': -252268.5, 'J12': -24086.5, 'J13': -48588.5, 'cluster3106249630_3106249631_J60_J61_#5more': -320652.5}, {'J10': 13, 'J11': 32, 'J12': 20, 'J13': 26, 'cluster3106249630_3106249631_J60_J61_#5more': 36}, {'J10': 20, 'J11': 48, 'J12': 49, 'J13': 33, 'cluster3106249630_3106249631_J60_J61_#5more': 101}, 
2890.0, {'J10': -64366.0, 'J11': -252748.5, 'J12': -24260.0, 'J13': -48920.5, 'cluster3106249630_3106249631_J60_J61_#5more': -321662.5}, {'J10': 13, 'J11': 32, 'J12': 20, 'J13': 28, 'cluster3106249630_3106249631_J60_J61_#5more': 36}, {'J10': 20, 'J11': 48, 'J12': 46, 'J13': 35, 'cluster3106249630_3106249631_J60_J61_#5more': 101}, 
2895.0, {'J10': -64566.0, 'J11': -253231.5, 'J12': -24556.5, 'J13': -49270.5, 'cluster3106249630_3106249631_J60_J61_#5more': -315997.0}, {'J10': 13, 'J11': 32, 'J12': 20, 'J13': 28, 'cluster3106249630_3106249631_J60_J61_#5more': 36}, {'J10': 20, 'J11': 49, 'J12': 43, 'J13': 35, 'cluster3106249630_3106249631_J60_J61_#5more': 99}, 
2900.0, {'J10': -64648.5, 'J11': -253708.5, 'J12': -24964.0, 'J13': -49620.5, 'cluster3106249630_3106249631_J60_J61_#5more': -316987.0}, {'J10': 13, 'J11': 32, 'J12': 20, 'J13': 28, 'cluster3106249630_3106249631_J60_J61_#5more': 36}, {'J10': 21, 'J11': 48, 'J12': 43, 'J13': 35, 'cluster3106249630_3106249631_J60_J61_#5more': 99}, 
2905.0, {'J10': -64711.5, 'J11': -254188.5, 'J12': -25237.5, 'J13': -49970.5, 'cluster3106249630_3106249631_J60_J61_#5more': -318035.0}, {'J10': 13, 'J11': 32, 'J12': 20, 'J13': 28, 'cluster3106249630_3106249631_J60_J61_#5more': 36}, {'J10': 19, 'J11': 48, 'J12': 43, 'J13': 35, 'cluster3106249630_3106249631_J60_J61_#5more': 100}, 
2910.0, {'J10': -64901.5, 'J11': -254668.5, 'J12': -21495.5, 'J13': -50320.5, 'cluster3106249630_3106249631_J60_J61_#5more': -319035.5}, {'J10': 13, 'J11': 32, 'J12': 18, 'J13': 28, 'cluster3106249630_3106249631_J60_J61_#5more': 36}, {'J10': 19, 'J11': 48, 'J12': 39, 'J13': 35, 'cluster3106249630_3106249631_J60_J61_#5more': 101}, 
2915.0, {'J10': -65091.5, 'J11': -255151.0, 'J12': -21794.0, 'J13': -50670.5, 'cluster3106249630_3106249631_J60_J61_#5more': -317217.5}, {'J10': 13, 'J11': 32, 'J12': 18, 'J13': 28, 'cluster3106249630_3106249631_J60_J61_#5more': 36}, {'J10': 19, 'J11': 49, 'J12': 39, 'J13': 35, 'cluster3106249630_3106249631_J60_J61_#5more': 96}, 
2920.0, {'J10': -65282.5, 'J11': -255641.0, 'J12': -22066.5, 'J13': -51020.5, 'cluster3106249630_3106249631_J60_J61_#5more': -317678.5}, {'J10': 13, 'J11': 32, 'J12': 18, 'J13': 28, 'cluster3106249630_3106249631_J60_J61_#5more': 36}, {'J10': 20, 'J11': 49, 'J12': 41, 'J13': 35, 'cluster3106249630_3106249631_J60_J61_#5more': 96}, 
2925.0, {'J10': -65471.5, 'J11': -256131.0, 'J12': -21392.5, 'J13': -51374.5, 'cluster3106249630_3106249631_J60_J61_#5more': -318638.5}, {'J10': 13, 'J11': 32, 'J12': 20, 'J13': 28, 'cluster3106249630_3106249631_J60_J61_#5more': 36}, {'J10': 19, 'J11': 49, 'J12': 40, 'J13': 36, 'cluster3106249630_3106249631_J60_J61_#5more': 96}, 
2930.0, {'J10': -65661.5, 'J11': -256621.0, 'J12': -17857.5, 'J13': -51734.5, 'cluster3106249630_3106249631_J60_J61_#5more': -319616.5}, {'J10': 13, 'J11': 32, 'J12': 18, 'J13': 28, 'cluster3106249630_3106249631_J60_J61_#5more': 36}, {'J10': 19, 'J11': 49, 'J12': 36, 'J13': 36, 'cluster3106249630_3106249631_J60_J61_#5more': 103}, 
2935.0, {'J10': -65851.5, 'J11': -257111.0, 'J12': -18115.5, 'J13': -48311.0, 'cluster3106249630_3106249631_J60_J61_#5more': -320654.0}, {'J10': 13, 'J11': 32, 'J12': 18, 'J13': 25, 'cluster3106249630_3106249631_J60_J61_#5more': 36}, {'J10': 19, 'J11': 49, 'J12': 35, 'J13': 32, 'cluster3106249630_3106249631_J60_J61_#5more': 105}, 
2940.0, {'J10': -66041.5, 'J11': -257604.0, 'J12': -18486.0, 'J13': -48631.0, 'cluster3106249630_3106249631_J60_J61_#5more': -321643.5}, {'J10': 13, 'J11': 32, 'J12': 18, 'J13': 25, 'cluster3106249630_3106249631_J60_J61_#5more': 36}, {'J10': 19, 'J11': 50, 'J12': 40, 'J13': 32, 'cluster3106249630_3106249631_J60_J61_#5more': 104}, 
2945.0, {'J10': -66231.5, 'J11': -258104.0, 'J12': -14309.0, 'J13': -48951.0, 'cluster3106249630_3106249631_J60_J61_#5more': -322649.0}, {'J10': 13, 'J11': 32, 'J12': 18, 'J13': 25, 'cluster3106249630_3106249631_J60_J61_#5more': 36}, {'J10': 19, 'J11': 50, 'J12': 37, 'J13': 32, 'cluster3106249630_3106249631_J60_J61_#5more': 103}, 
2950.0, {'J10': -66421.5, 'J11': -258606.5, 'J12': -14655.5, 'J13': -49271.0, 'cluster3106249630_3106249631_J60_J61_#5more': -323636.5}, {'J10': 13, 'J11': 32, 'J12': 18, 'J13': 25, 'cluster3106249630_3106249631_J60_J61_#5more': 36}, {'J10': 19, 'J11': 51, 'J12': 36, 'J13': 32, 'cluster3106249630_3106249631_J60_J61_#5more': 102}, 
2955.0, {'J10': -66611.5, 'J11': -259026.5, 'J12': -14791.0, 'J13': -49591.0, 'cluster3106249630_3106249631_J60_J61_#5more': -324605.0}, {'J10': 13, 'J11': 32, 'J12': 18, 'J13': 25, 'cluster3106249630_3106249631_J60_J61_#5more': 36}, {'J10': 19, 'J11': 50, 'J12': 42, 'J13': 32, 'cluster3106249630_3106249631_J60_J61_#5more': 101}, 
2960.0, {'J10': -66801.5, 'J11': -259526.5, 'J12': -14787.0, 'J13': -49924.5, 'cluster3106249630_3106249631_J60_J61_#5more': -325618.0}, {'J10': 13, 'J11': 32, 'J12': 19, 'J13': 28, 'cluster3106249630_3106249631_J60_J61_#5more': 36}, {'J10': 19, 'J11': 50, 'J12': 44, 'J13': 36, 'cluster3106249630_3106249631_J60_J61_#5more': 103}, 
2965.0, {'J10': -66869.5, 'J11': -260029.5, 'J12': -15034.0, 'J13': -50284.5, 'cluster3106249630_3106249631_J60_J61_#5more': -326640.5}, {'J10': 13, 'J11': 32, 'J12': 20, 'J13': 28, 'cluster3106249630_3106249631_J60_J61_#5more': 36}, {'J10': 18, 'J11': 51, 'J12': 43, 'J13': 36, 'cluster3106249630_3106249631_J60_J61_#5more': 103}, 
2970.0, {'J10': -67049.5, 'J11': -260526.5, 'J12': -15357.5, 'J13': -50644.5, 'cluster3106249630_3106249631_J60_J61_#5more': -327649.5}, {'J10': 13, 'J11': 32, 'J12': 20, 'J13': 28, 'cluster3106249630_3106249631_J60_J61_#5more': 36}, {'J10': 18, 'J11': 50, 'J12': 43, 'J13': 36, 'cluster3106249630_3106249631_J60_J61_#5more': 102}, 
2975.0, {'J10': -67229.5, 'J11': -260986.5, 'J12': -14984.5, 'J13': -51004.5, 'cluster3106249630_3106249631_J60_J61_#5more': -328669.5}, {'J10': 13, 'J11': 32, 'J12': 20, 'J13': 28, 'cluster3106249630_3106249631_J60_J61_#5more': 36}, {'J10': 18, 'J11': 50, 'J12': 41, 'J13': 36, 'cluster3106249630_3106249631_J60_J61_#5more': 102}, 
2980.0, {'J10': -67409.5, 'J11': -261486.5, 'J12': -15398.5, 'J13': -51367.0, 'cluster3106249630_3106249631_J60_J61_#5more': -326753.5}, {'J10': 13, 'J11': 32, 'J12': 20, 'J13': 28, 'cluster3106249630_3106249631_J60_J61_#5more': 36}, {'J10': 18, 'J11': 50, 'J12': 42, 'J13': 37, 'cluster3106249630_3106249631_J60_J61_#5more': 96}, 
2985.0, {'J10': -67589.5, 'J11': -261961.5, 'J12': -15829.0, 'J13': -51737.0, 'cluster3106249630_3106249631_J60_J61_#5more': -327341.0}, {'J10': 13, 'J11': 32, 'J12': 20, 'J13': 28, 'cluster3106249630_3106249631_J60_J61_#5more': 36}, {'J10': 18, 'J11': 49, 'J12': 48, 'J13': 37, 'cluster3106249630_3106249631_J60_J61_#5more': 95}, 
2990.0, {'J10': -67769.5, 'J11': -262451.5, 'J12': -16323.5, 'J13': -52107.0, 'cluster3106249630_3106249631_J60_J61_#5more': -328293.0}, {'J10': 13, 'J11': 32, 'J12': 20, 'J13': 28, 'cluster3106249630_3106249631_J60_J61_#5more': 36}, {'J10': 18, 'J11': 49, 'J12': 52, 'J13': 37, 'cluster3106249630_3106249631_J60_J61_#5more': 96}, 
2995.0, {'J10': -67949.5, 'J11': -262941.5, 'J12': -16849.5, 'J13': -52477.0, 'cluster3106249630_3106249631_J60_J61_#5more': -329259.5}, {'J10': 13, 'J11': 32, 'J12': 20, 'J13': 28, 'cluster3106249630_3106249631_J60_J61_#5more': 36}, {'J10': 18, 'J11': 49, 'J12': 55, 'J13': 37, 'cluster3106249630_3106249631_J60_J61_#5more': 99}, 
3000.0, {'J10': -68129.5, 'J11': -263308.5, 'J12': -17401.0, 'J13': -49125.5, 'cluster3106249630_3106249631_J60_J61_#5more': -330235.0}, {'J10': 13, 'J11': 32, 'J12': 20, 'J13': 25, 'cluster3106249630_3106249631_J60_J61_#5more': 36}, {'J10': 18, 'J11': 48, 'J12': 56, 'J13': 33, 'cluster3106249630_3106249631_J60_J61_#5more': 101}, 
3005.0, {'J10': -68309.5, 'J11': -263788.5, 'J12': -17966.0, 'J13': -48138.0, 'cluster3106249630_3106249631_J60_J61_#5more': -331245.0}, {'J10': 13, 'J11': 32, 'J12': 20, 'J13': 24, 'cluster3106249630_3106249631_J60_J61_#5more': 36}, {'J10': 18, 'J11': 48, 'J12': 57, 'J13': 31, 'cluster3106249630_3106249631_J60_J61_#5more': 101}, 
3010.0, {'J10': -68489.5, 'J11': -264268.5, 'J12': -18537.0, 'J13': -48453.0, 'cluster3106249630_3106249631_J60_J61_#5more': -332255.0}, {'J10': 13, 'J11': 32, 'J12': 20, 'J13': 24, 'cluster3106249630_3106249631_J60_J61_#5more': 36}, {'J10': 18, 'J11': 48, 'J12': 58, 'J13': 32, 'cluster3106249630_3106249631_J60_J61_#5more': 101}, 
3015.0, {'J10': -68669.5, 'J11': -264748.5, 'J12': -18500.5, 'J13': -48773.0, 'cluster3106249630_3106249631_J60_J61_#5more': -333265.0}, {'J10': 13, 'J11': 32, 'J12': 20, 'J13': 24, 'cluster3106249630_3106249631_J60_J61_#5more': 36}, {'J10': 18, 'J11': 48, 'J12': 54, 'J13': 32, 'cluster3106249630_3106249631_J60_J61_#5more': 101}, 
3020.0, {'J10': -68849.5, 'J11': -265228.5, 'J12': -18869.0, 'J13': -49094.0, 'cluster3106249630_3106249631_J60_J61_#5more': -334275.0}, {'J10': 13, 'J11': 32, 'J12': 20, 'J13': 25, 'cluster3106249630_3106249631_J60_J61_#5more': 36}, {'J10': 18, 'J11': 48, 'J12': 53, 'J13': 33, 'cluster3106249630_3106249631_J60_J61_#5more': 101}, 
3025.0, {'J10': -69031.5, 'J11': -265709.0, 'J12': -19059.5, 'J13': -49436.0, 'cluster3106249630_3106249631_J60_J61_#5more': -335285.5}, {'J10': 13, 'J11': 32, 'J12': 20, 'J13': 28, 'cluster3106249630_3106249631_J60_J61_#5more': 36}, {'J10': 19, 'J11': 49, 'J12': 49, 'J13': 36, 'cluster3106249630_3106249631_J60_J61_#5more': 102}, 
3030.0, {'J10': -69211.5, 'J11': -266199.0, 'J12': -19488.5, 'J13': -49796.0, 'cluster3106249630_3106249631_J60_J61_#5more': -336305.5}, {'J10': 13, 'J11': 32, 'J12': 20, 'J13': 28, 'cluster3106249630_3106249631_J60_J61_#5more': 36}, {'J10': 19, 'J11': 49, 'J12': 49, 'J13': 36, 'cluster3106249630_3106249631_J60_J61_#5more': 102}, 
3035.0, {'J10': -69389.5, 'J11': -266689.0, 'J12': -19949.5, 'J13': -50156.0, 'cluster3106249630_3106249631_J60_J61_#5more': -337325.5}, {'J10': 13, 'J11': 32, 'J12': 20, 'J13': 28, 'cluster3106249630_3106249631_J60_J61_#5more': 36}, {'J10': 18, 'J11': 49, 'J12': 49, 'J13': 36, 'cluster3106249630_3106249631_J60_J61_#5more': 102}, 
3040.0, {'J10': -69569.5, 'J11': -267183.0, 'J12': -20265.0, 'J13': -50516.0, 'cluster3106249630_3106249631_J60_J61_#5more': -338315.0}, {'J10': 13, 'J11': 32, 'J12': 20, 'J13': 28, 'cluster3106249630_3106249631_J60_J61_#5more': 36}, {'J10': 18, 'J11': 50, 'J12': 50, 'J13': 36, 'cluster3106249630_3106249631_J60_J61_#5more': 101}, 
3045.0, {'J10': -69749.5, 'J11': -267669.0, 'J12': -20681.5, 'J13': -50881.0, 'cluster3106249630_3106249631_J60_J61_#5more': -337724.0}, {'J10': 13, 'J11': 32, 'J12': 20, 'J13': 28, 'cluster3106249630_3106249631_J60_J61_#5more': 36}, {'J10': 18, 'J11': 49, 'J12': 49, 'J13': 37, 'cluster3106249630_3106249631_J60_J61_#5more': 98}, 
3050.0, {'J10': -69929.5, 'J11': -268159.0, 'J12': -21177.5, 'J13': -51251.0, 'cluster3106249630_3106249631_J60_J61_#5more': -337336.5}, {'J10': 13, 'J11': 32, 'J12': 20, 'J13': 28, 'cluster3106249630_3106249631_J60_J61_#5more': 36}, {'J10': 18, 'J11': 49, 'J12': 52, 'J13': 37, 'cluster3106249630_3106249631_J60_J61_#5more': 95}, 
3055.0, {'J10': -70109.5, 'J11': -268653.0, 'J12': -21586.5, 'J13': -51621.0, 'cluster3106249630_3106249631_J60_J61_#5more': -338286.5}, {'J10': 13, 'J11': 32, 'J12': 20, 'J13': 28, 'cluster3106249630_3106249631_J60_J61_#5more': 36}, {'J10': 18, 'J11': 50, 'J12': 55, 'J13': 37, 'cluster3106249630_3106249631_J60_J61_#5more': 95}, 
3060.0, {'J10': -70289.5, 'J11': -269158.0, 'J12': -21983.0, 'J13': -51991.0, 'cluster3106249630_3106249631_J60_J61_#5more': -339247.5}, {'J10': 13, 'J11': 32, 'J12': 20, 'J13': 28, 'cluster3106249630_3106249631_J60_J61_#5more': 36}, {'J10': 18, 'J11': 52, 'J12': 52, 'J13': 37, 'cluster3106249630_3106249631_J60_J61_#5more': 101}, 
3065.0, {'J10': -70469.5, 'J11': -269654.5, 'J12': -21805.5, 'J13': -50993.0, 'cluster3106249630_3106249631_J60_J61_#5more': -340266.5}, {'J10': 13, 'J11': 32, 'J12': 20, 'J13': 27, 'cluster3106249630_3106249631_J60_J61_#5more': 36}, {'J10': 18, 'J11': 52, 'J12': 52, 'J13': 35, 'cluster3106249630_3106249631_J60_J61_#5more': 104}, 
3070.0, {'J10': -70649.5, 'J11': -270150.0, 'J12': -21715.0, 'J13': -49896.5, 'cluster3106249630_3106249631_J60_J61_#5more': -341285.0}, {'J10': 13, 'J11': 32, 'J12': 20, 'J13': 26, 'cluster3106249630_3106249631_J60_J61_#5more': 36}, {'J10': 18, 'J11': 51, 'J12': 49, 'J13': 34, 'cluster3106249630_3106249631_J60_J61_#5more': 103}, 
3075.0, {'J10': -70829.5, 'J11': -270629.5, 'J12': -21880.0, 'J13': -50236.5, 'cluster3106249630_3106249631_J60_J61_#5more': -342270.0}, {'J10': 13, 'J11': 32, 'J12': 20, 'J13': 26, 'cluster3106249630_3106249631_J60_J61_#5more': 36}, {'J10': 18, 'J11': 50, 'J12': 43, 'J13': 34, 'cluster3106249630_3106249631_J60_J61_#5more': 101}, 
3080.0, {'J10': -71009.5, 'J11': -271130.0, 'J12': -21766.0, 'J13': -50579.5, 'cluster3106249630_3106249631_J60_J61_#5more': -343280.0}, {'J10': 13, 'J11': 32, 'J12': 20, 'J13': 26, 'cluster3106249630_3106249631_J60_J61_#5more': 36}, {'J10': 18, 'J11': 51, 'J12': 43, 'J13': 35, 'cluster3106249630_3106249631_J60_J61_#5more': 101}, 
3085.0, {'J10': -71189.5, 'J11': -271629.5, 'J12': -22051.0, 'J13': -50929.5, 'cluster3106249630_3106249631_J60_J61_#5more': -344290.0}, {'J10': 13, 'J11': 32, 'J12': 20, 'J13': 26, 'cluster3106249630_3106249631_J60_J61_#5more': 36}, {'J10': 18, 'J11': 50, 'J12': 39, 'J13': 35, 'cluster3106249630_3106249631_J60_J61_#5more': 101}, 
3090.0, {'J10': -71369.5, 'J11': -272130.0, 'J12': -21903.5, 'J13': -51287.0, 'cluster3106249630_3106249631_J60_J61_#5more': -345300.0}, {'J10': 13, 'J11': 32, 'J12': 20, 'J13': 28, 'cluster3106249630_3106249631_J60_J61_#5more': 36}, {'J10': 18, 'J11': 51, 'J12': 40, 'J13': 37, 'cluster3106249630_3106249631_J60_J61_#5more': 101}, 
3095.0, {'J10': -71549.5, 'J11': -272647.0, 'J12': -17595.0, 'J13': -51657.0, 'cluster3106249630_3106249631_J60_J61_#5more': -346310.0}, {'J10': 13, 'J11': 32, 'J12': 18, 'J13': 28, 'cluster3106249630_3106249631_J60_J61_#5more': 36}, {'J10': 18, 'J11': 54, 'J12': 37, 'J13': 37, 'cluster3106249630_3106249631_J60_J61_#5more': 101}, 
3100.0, {'J10': -71729.5, 'J11': -273174.0, 'J12': -17969.0, 'J13': -52027.0, 'cluster3106249630_3106249631_J60_J61_#5more': -347320.0}, {'J10': 13, 'J11': 32, 'J12': 18, 'J13': 28, 'cluster3106249630_3106249631_J60_J61_#5more': 36}, {'J10': 18, 'J11': 55, 'J12': 40, 'J13': 37, 'cluster3106249630_3106249631_J60_J61_#5more': 101}, 
3105.0, {'J10': -71909.5, 'J11': -273563.5, 'J12': -18382.0, 'J13': -52397.0, 'cluster3106249630_3106249631_J60_J61_#5more': -348330.0}, {'J10': 13, 'J11': 32, 'J12': 18, 'J13': 28, 'cluster3106249630_3106249631_J60_J61_#5more': 36}, {'J10': 18, 'J11': 54, 'J12': 46, 'J13': 37, 'cluster3106249630_3106249631_J60_J61_#5more': 101}, 
3110.0, {'J10': -72089.5, 'J11': -274107.5, 'J12': -18214.0, 'J13': -52771.0, 'cluster3106249630_3106249631_J60_J61_#5more': -346896.0}, {'J10': 13, 'J11': 32, 'J12': 19, 'J13': 28, 'cluster3106249630_3106249631_J60_J61_#5more': 36}, {'J10': 18, 'J11': 55, 'J12': 46, 'J13': 38, 'cluster3106249630_3106249631_J60_J61_#5more': 96}, 
3115.0, {'J10': -72269.5, 'J11': -274672.5, 'J12': -18569.0, 'J13': -53151.0, 'cluster3106249630_3106249631_J60_J61_#5more': -347483.5}, {'J10': 13, 'J11': 32, 'J12': 20, 'J13': 28, 'cluster3106249630_3106249631_J60_J61_#5more': 36}, {'J10': 18, 'J11': 60, 'J12': 47, 'J13': 38, 'cluster3106249630_3106249631_J60_J61_#5more': 95}, 
3120.0, {'J10': -72449.5, 'J11': -275248.5, 'J12': -18511.5, 'J13': -53531.0, 'cluster3106249630_3106249631_J60_J61_#5more': -348437.0}, {'J10': 13, 'J11': 32, 'J12': 20, 'J13': 28, 'cluster3106249630_3106249631_J60_J61_#5more': 36}, {'J10': 18, 'J11': 59, 'J12': 46, 'J13': 38, 'cluster3106249630_3106249631_J60_J61_#5more': 96}, 
3125.0, {'J10': -72629.5, 'J11': -275777.0, 'J12': -18552.5, 'J13': -53911.0, 'cluster3106249630_3106249631_J60_J61_#5more': -349415.0}, {'J10': 13, 'J11': 32, 'J12': 20, 'J13': 28, 'cluster3106249630_3106249631_J60_J61_#5more': 36}, {'J10': 18, 'J11': 59, 'J12': 42, 'J13': 38, 'cluster3106249630_3106249631_J60_J61_#5more': 103}, 
3130.0, {'J10': -72809.5, 'J11': -276367.0, 'J12': -18829.0, 'J13': -51654.0, 'cluster3106249630_3106249631_J60_J61_#5more': -350445.0}, {'J10': 13, 'J11': 32, 'J12': 20, 'J13': 26, 'cluster3106249630_3106249631_J60_J61_#5more': 36}, {'J10': 18, 'J11': 59, 'J12': 39, 'J13': 36, 'cluster3106249630_3106249631_J60_J61_#5more': 103}, 
3135.0, {'J10': -72989.5, 'J11': -276829.5, 'J12': -19164.0, 'J13': -49366.0, 'cluster3106249630_3106249631_J60_J61_#5more': -351477.0}, {'J10': 13, 'J11': 32, 'J12': 20, 'J13': 24, 'cluster3106249630_3106249631_J60_J61_#5more': 36}, {'J10': 18, 'J11': 57, 'J12': 40, 'J13': 34, 'cluster3106249630_3106249631_J60_J61_#5more': 105}, 
3140.0, {'J10': -73169.5, 'J11': -277399.5, 'J12': -19266.0, 'J13': -49706.0, 'cluster3106249630_3106249631_J60_J61_#5more': -352527.0}, {'J10': 13, 'J11': 32, 'J12': 20, 'J13': 24, 'cluster3106249630_3106249631_J60_J61_#5more': 36}, {'J10': 18, 'J11': 57, 'J12': 44, 'J13': 34, 'cluster3106249630_3106249631_J60_J61_#5more': 105}, 
3145.0, {'J10': -73349.5, 'J11': -277907.0, 'J12': -18877.5, 'J13': -50046.0, 'cluster3106249630_3106249631_J60_J61_#5more': -353577.0}, {'J10': 13, 'J11': 32, 'J12': 20, 'J13': 24, 'cluster3106249630_3106249631_J60_J61_#5more': 36}, {'J10': 18, 'J11': 56, 'J12': 42, 'J13': 34, 'cluster3106249630_3106249631_J60_J61_#5more': 105}, 
3150.0, {'J10': -73529.5, 'J11': -277958.5, 'J12': -15238.0, 'J13': -50386.0, 'cluster3106249630_3106249631_J60_J61_#5more': -354627.0}, {'J10': 13, 'J11': 32, 'J12': 18, 'J13': 24, 'cluster3106249630_3106249631_J60_J61_#5more': 36}, {'J10': 18, 'J11': 51, 'J12': 40, 'J13': 34, 'cluster3106249630_3106249631_J60_J61_#5more': 105}, 
3155.0, {'J10': -73709.5, 'J11': -278188.5, 'J12': -15646.0, 'J13': -50741.0, 'cluster3106249630_3106249631_J60_J61_#5more': -355677.0}, {'J10': 13, 'J11': 32, 'J12': 18, 'J13': 28, 'cluster3106249630_3106249631_J60_J61_#5more': 36}, {'J10': 18, 'J11': 48, 'J12': 43, 'J13': 38, 'cluster3106249630_3106249631_J60_J61_#5more': 105}, 
3160.0, {'J10': -73889.5, 'J11': -278668.5, 'J12': -16089.5, 'J13': -51121.0, 'cluster3106249630_3106249631_J60_J61_#5more': -356727.0}, {'J10': 13, 'J11': 32, 'J12': 18, 'J13': 28, 'cluster3106249630_3106249631_J60_J61_#5more': 36}, {'J10': 18, 'J11': 48, 'J12': 47, 'J13': 38, 'cluster3106249630_3106249631_J60_J61_#5more': 105}, 
3165.0, {'J10': -74069.5, 'J11': -279148.5, 'J12': -16559.0, 'J13': -51501.0, 'cluster3106249630_3106249631_J60_J61_#5more': -357777.0}, {'J10': 13, 'J11': 32, 'J12': 20, 'J13': 28, 'cluster3106249630_3106249631_J60_J61_#5more': 36}, {'J10': 18, 'J11': 48, 'J12': 54, 'J13': 38, 'cluster3106249630_3106249631_J60_J61_#5more': 105}, 
3170.0, {'J10': -74249.5, 'J11': -279628.5, 'J12': -16448.0, 'J13': -51881.0, 'cluster3106249630_3106249631_J60_J61_#5more': -358827.0}, {'J10': 13, 'J11': 32, 'J12': 20, 'J13': 28, 'cluster3106249630_3106249631_J60_J61_#5more': 36}, {'J10': 18, 'J11': 48, 'J12': 54, 'J13': 38, 'cluster3106249630_3106249631_J60_J61_#5more': 105}, 
3175.0, {'J10': -74429.5, 'J11': -280108.5, 'J12': -16671.5, 'J13': -52261.0, 'cluster3106249630_3106249631_J60_J61_#5more': -358293.5}, {'J10': 13, 'J11': 32, 'J12': 20, 'J13': 28, 'cluster3106249630_3106249631_J60_J61_#5more': 36}, {'J10': 18, 'J11': 48, 'J12': 48, 'J13': 38, 'cluster3106249630_3106249631_J60_J61_#5more': 101}, 
3180.0, {'J10': -74609.5, 'J11': -280591.0, 'J12': -16803.0, 'J13': -52641.0, 'cluster3106249630_3106249631_J60_J61_#5more': -357936.0}, {'J10': 13, 'J11': 32, 'J12': 20, 'J13': 28, 'cluster3106249630_3106249631_J60_J61_#5more': 36}, {'J10': 18, 'J11': 49, 'J12': 45, 'J13': 38, 'cluster3106249630_3106249631_J60_J61_#5more': 98}, 
3185.0, {'J10': -74789.5, 'J11': -281087.5, 'J12': -12474.0, 'J13': -53021.0, 'cluster3106249630_3106249631_J60_J61_#5more': -358916.0}, {'J10': 13, 'J11': 32, 'J12': 18, 'J13': 28, 'cluster3106249630_3106249631_J60_J61_#5more': 36}, {'J10': 18, 'J11': 52, 'J12': 41, 'J13': 38, 'cluster3106249630_3106249631_J60_J61_#5more': 98}, 
3190.0, {'J10': -74969.5, 'J11': -281572.0, 'J12': -12891.5, 'J13': -53401.0, 'cluster3106249630_3106249631_J60_J61_#5more': -359906.0}, {'J10': 13, 'J11': 32, 'J12': 18, 'J13': 28, 'cluster3106249630_3106249631_J60_J61_#5more': 36}, {'J10': 18, 'J11': 50, 'J12': 44, 'J13': 38, 'cluster3106249630_3106249631_J60_J61_#5more': 102}, 
3195.0, {'J10': -75149.5, 'J11': -282052.5, 'J12': -13308.5, 'J13': -51145.0, 'cluster3106249630_3106249631_J60_J61_#5more': -358220.5}, {'J10': 13, 'J11': 32, 'J12': 18, 'J13': 26, 'cluster3106249630_3106249631_J60_J61_#5more': 36}, {'J10': 18, 'J11': 50, 'J12': 49, 'J13': 36, 'cluster3106249630_3106249631_J60_J61_#5more': 103}, 
3200.0, {'J10': -75329.5, 'J11': -282556.0, 'J12': -13499.0, 'J13': -51505.0, 'cluster3106249630_3106249631_J60_J61_#5more': -343812.5}, {'J10': 13, 'J11': 32, 'J12': 20, 'J13': 26, 'cluster3106249630_3106249631_J60_J61_#5more': 36}, {'J10': 18, 'J11': 51, 'J12': 48, 'J13': 36, 'cluster3106249630_3106249631_J60_J61_#5more': 99}, 
3205.0, {'J10': -75509.5, 'J11': -283068.5, 'J12': -13784.0, 'J13': -51865.0, 'cluster3106249630_3106249631_J60_J61_#5more': -339615.0}, {'J10': 13, 'J11': 32, 'J12': 21, 'J13': 26, 'cluster3106249630_3106249631_J60_J61_#5more': 36}, {'J10': 18, 'J11': 53, 'J12': 45, 'J13': 36, 'cluster3106249630_3106249631_J60_J61_#5more': 97}, 
3210.0, {'J10': -75689.5, 'J11': -283600.0, 'J12': -14026.5, 'J13': -52225.0, 'cluster3106249630_3106249631_J60_J61_#5more': -340585.0}, {'J10': 13, 'J11': 32, 'J12': 21, 'J13': 26, 'cluster3106249630_3106249631_J60_J61_#5more': 36}, {'J10': 18, 'J11': 54, 'J12': 46, 'J13': 36, 'cluster3106249630_3106249631_J60_J61_#5more': 97}, 
3215.0, {'J10': -75869.5, 'J11': -284042.0, 'J12': -11741.0, 'J13': -52585.5, 'cluster3106249630_3106249631_J60_J61_#5more': -341556.5}, {'J10': 13, 'J11': 32, 'J12': 19, 'J13': 27, 'cluster3106249630_3106249631_J60_J61_#5more': 36}, {'J10': 18, 'J11': 54, 'J12': 41, 'J13': 37, 'cluster3106249630_3106249631_J60_J61_#5more': 98}, 
3220.0, {'J10': -76049.5, 'J11': -284476.0, 'J12': -10329.0, 'J13': -52960.0, 'cluster3106249630_3106249631_J60_J61_#5more': -333752.5}, {'J10': 13, 'J11': 32, 'J12': 19, 'J13': 28, 'cluster3106249630_3106249631_J60_J61_#5more': 36}, {'J10': 18, 'J11': 51, 'J12': 40, 'J13': 38, 'cluster3106249630_3106249631_J60_J61_#5more': 95}, 
3225.0, {'J10': -76230.5, 'J11': -284930.5, 'J12': -10206.0, 'J13': -53340.0, 'cluster3106249630_3106249631_J60_J61_#5more': -334705.5}, {'J10': 13, 'J11': 32, 'J12': 19, 'J13': 28, 'cluster3106249630_3106249631_J60_J61_#5more': 36}, {'J10': 19, 'J11': 49, 'J12': 42, 'J13': 38, 'cluster3106249630_3106249631_J60_J61_#5more': 98}, 
3230.0, {'J10': -76409.5, 'J11': -285388.5, 'J12': -10407.5, 'J13': -53720.0, 'cluster3106249630_3106249631_J60_J61_#5more': -335486.5}, {'J10': 13, 'J11': 32, 'J12': 19, 'J13': 28, 'cluster3106249630_3106249631_J60_J61_#5more': 36}, {'J10': 18, 'J11': 48, 'J12': 42, 'J13': 38, 'cluster3106249630_3106249631_J60_J61_#5more': 102}, 
3235.0, {'J10': -76591.5, 'J11': -285868.5, 'J12': -8494.0, 'J13': -54100.0, 'cluster3106249630_3106249631_J60_J61_#5more': -336510.0}, {'J10': 13, 'J11': 32, 'J12': 18, 'J13': 28, 'cluster3106249630_3106249631_J60_J61_#5more': 36}, {'J10': 19, 'J11': 48, 'J12': 41, 'J13': 38, 'cluster3106249630_3106249631_J60_J61_#5more': 103}, 
3240.0, {'J10': -76781.5, 'J11': -286348.5, 'J12': -8548.5, 'J13': -54480.0, 'cluster3106249630_3106249631_J60_J61_#5more': -337256.5}, {'J10': 13, 'J11': 32, 'J12': 18, 'J13': 28, 'cluster3106249630_3106249631_J60_J61_#5more': 36}, {'J10': 19, 'J11': 48, 'J12': 39, 'J13': 38, 'cluster3106249630_3106249631_J60_J61_#5more': 101}, 
3245.0, {'J10': -76971.5, 'J11': -286828.5, 'J12': -8923.0, 'J13': -54860.0, 'cluster3106249630_3106249631_J60_J61_#5more': -338213.0}, {'J10': 13, 'J11': 32, 'J12': 18, 'J13': 28, 'cluster3106249630_3106249631_J60_J61_#5more': 36}, {'J10': 19, 'J11': 48, 'J12': 42, 'J13': 38, 'cluster3106249630_3106249631_J60_J61_#5more': 100}, 
3250.0, {'J10': -77161.5, 'J11': -287308.5, 'J12': -8554.0, 'J13': -55240.0, 'cluster3106249630_3106249631_J60_J61_#5more': -339213.0}, {'J10': 13, 'J11': 32, 'J12': 18, 'J13': 28, 'cluster3106249630_3106249631_J60_J61_#5more': 36}, {'J10': 19, 'J11': 48, 'J12': 43, 'J13': 38, 'cluster3106249630_3106249631_J60_J61_#5more': 100}, 
3255.0, {'J10': -77351.5, 'J11': -287791.5, 'J12': -8567.5, 'J13': -55620.0, 'cluster3106249630_3106249631_J60_J61_#5more': -340213.0}, {'J10': 13, 'J11': 32, 'J12': 22, 'J13': 28, 'cluster3106249630_3106249631_J60_J61_#5more': 36}, {'J10': 19, 'J11': 49, 'J12': 43, 'J13': 38, 'cluster3106249630_3106249631_J60_J61_#5more': 100}, 
3260.0, {'J10': -77541.5, 'J11': -288268.5, 'J12': -5465.5, 'J13': -50088.5, 'cluster3106249630_3106249631_J60_J61_#5more': -341213.5}, {'J10': 13, 'J11': 32, 'J12': 18, 'J13': 24, 'cluster3106249630_3106249631_J60_J61_#5more': 36}, {'J10': 19, 'J11': 48, 'J12': 36, 'J13': 33, 'cluster3106249630_3106249631_J60_J61_#5more': 101}, 
3265.0, {'J10': -77731.5, 'J11': -288748.5, 'J12': -5581.0, 'J13': -50045.5, 'cluster3106249630_3106249631_J60_J61_#5more': -342223.5}, {'J10': 13, 'J11': 32, 'J12': 18, 'J13': 24, 'cluster3106249630_3106249631_J60_J61_#5more': 36}, {'J10': 19, 'J11': 48, 'J12': 37, 'J13': 32, 'cluster3106249630_3106249631_J60_J61_#5more': 101}, 
3270.0, {'J10': -77921.5, 'J11': -289228.5, 'J12': -5731.5, 'J13': -50371.5, 'cluster3106249630_3106249631_J60_J61_#5more': -343213.0}, {'J10': 13, 'J11': 32, 'J12': 18, 'J13': 24, 'cluster3106249630_3106249631_J60_J61_#5more': 36}, {'J10': 19, 'J11': 48, 'J12': 37, 'J13': 34, 'cluster3106249630_3106249631_J60_J61_#5more': 100}, 
3275.0, {'J10': -78111.5, 'J11': -289708.5, 'J12': -6029.5, 'J13': -50711.5, 'cluster3106249630_3106249631_J60_J61_#5more': -344213.0}, {'J10': 13, 'J11': 32, 'J12': 18, 'J13': 24, 'cluster3106249630_3106249631_J60_J61_#5more': 36}, {'J10': 19, 'J11': 48, 'J12': 37, 'J13': 34, 'cluster3106249630_3106249631_J60_J61_#5more': 100}, 
3280.0, {'J10': -78303.0, 'J11': -290188.5, 'J12': -6374.0, 'J13': -51052.5, 'cluster3106249630_3106249631_J60_J61_#5more': -343202.5}, {'J10': 13, 'J11': 32, 'J12': 20, 'J13': 25, 'cluster3106249630_3106249631_J60_J61_#5more': 36}, {'J10': 20, 'J11': 48, 'J12': 43, 'J13': 35, 'cluster3106249630_3106249631_J60_J61_#5more': 96}, 
3285.0, {'J10': -78503.0, 'J11': -290668.5, 'J12': -6610.5, 'J13': -51411.5, 'cluster3106249630_3106249631_J60_J61_#5more': -343137.5}, {'J10': 13, 'J11': 32, 'J12': 20, 'J13': 28, 'cluster3106249630_3106249631_J60_J61_#5more': 36}, {'J10': 20, 'J11': 48, 'J12': 42, 'J13': 38, 'cluster3106249630_3106249631_J60_J61_#5more': 94}, 
3290.0, {'J10': -78591.0, 'J11': -291148.5, 'J12': -4071.5, 'J13': -51791.5, 'cluster3106249630_3106249631_J60_J61_#5more': -344077.5}, {'J10': 13, 'J11': 32, 'J12': 16, 'J13': 28, 'cluster3106249630_3106249631_J60_J61_#5more': 36}, {'J10': 19, 'J11': 48, 'J12': 39, 'J13': 38, 'cluster3106249630_3106249631_J60_J61_#5more': 94}, 
3295.0, {'J10': -78749.5, 'J11': -291628.5, 'J12': -4331.0, 'J13': -52171.5, 'cluster3106249630_3106249631_J60_J61_#5more': -345027.5}, {'J10': 13, 'J11': 32, 'J12': 17, 'J13': 28, 'cluster3106249630_3106249631_J60_J61_#5more': 36}, {'J10': 18, 'J11': 48, 'J12': 40, 'J13': 38, 'cluster3106249630_3106249631_J60_J61_#5more': 98}, 
3300.0, {'J10': -78929.5, 'J11': -292108.5, 'J12': -4585.0, 'J13': -52551.5, 'cluster3106249630_3106249631_J60_J61_#5more': -346015.5}, {'J10': 13, 'J11': 32, 'J12': 17, 'J13': 28, 'cluster3106249630_3106249631_J60_J61_#5more': 36}, {'J10': 18, 'J11': 48, 'J12': 44, 'J13': 38, 'cluster3106249630_3106249631_J60_J61_#5more': 100}, 
3305.0, {'J10': -79109.5, 'J11': -292588.5, 'J12': -4551.5, 'J13': -52931.5, 'cluster3106249630_3106249631_J60_J61_#5more': -347015.5}, {'J10': 13, 'J11': 32, 'J12': 17, 'J13': 28, 'cluster3106249630_3106249631_J60_J61_#5more': 36}, {'J10': 18, 'J11': 48, 'J12': 41, 'J13': 38, 'cluster3106249630_3106249631_J60_J61_#5more': 100}, 
3310.0, {'J10': -79289.5, 'J11': -293068.5, 'J12': -4766.0, 'J13': -53311.5, 'cluster3106249630_3106249631_J60_J61_#5more': -348015.5}, {'J10': 13, 'J11': 32, 'J12': 20, 'J13': 28, 'cluster3106249630_3106249631_J60_J61_#5more': 36}, {'J10': 18, 'J11': 48, 'J12': 43, 'J13': 38, 'cluster3106249630_3106249631_J60_J61_#5more': 100}, 
3315.0, {'J10': -79469.5, 'J11': -293548.5, 'J12': -5098.0, 'J13': -53691.5, 'cluster3106249630_3106249631_J60_J61_#5more': -349015.5}, {'J10': 13, 'J11': 32, 'J12': 21, 'J13': 28, 'cluster3106249630_3106249631_J60_J61_#5more': 36}, {'J10': 18, 'J11': 48, 'J12': 47, 'J13': 38, 'cluster3106249630_3106249631_J60_J61_#5more': 100}, 
3320.0, {'J10': -79649.5, 'J11': -294028.5, 'J12': -5589.5, 'J13': -54071.5, 'cluster3106249630_3106249631_J60_J61_#5more': -350015.5}, {'J10': 13, 'J11': 32, 'J12': 21, 'J13': 28, 'cluster3106249630_3106249631_J60_J61_#5more': 36}, {'J10': 18, 'J11': 48, 'J12': 55, 'J13': 38, 'cluster3106249630_3106249631_J60_J61_#5more': 100}, 
3325.0, {'J10': -79829.5, 'J11': -294508.5, 'J12': -5962.0, 'J13': -51382.5, 'cluster3106249630_3106249631_J60_J61_#5more': -351015.5}, {'J10': 13, 'J11': 32, 'J12': 21, 'J13': 26, 'cluster3106249630_3106249631_J60_J61_#5more': 36}, {'J10': 18, 'J11': 48, 'J12': 55, 'J13': 36, 'cluster3106249630_3106249631_J60_J61_#5more': 100}, 
3330.0, {'J10': -80009.5, 'J11': -294988.5, 'J12': -6306.5, 'J13': -49082.0, 'cluster3106249630_3106249631_J60_J61_#5more': -352015.5}, {'J10': 13, 'J11': 32, 'J12': 21, 'J13': 24, 'cluster3106249630_3106249631_J60_J61_#5more': 36}, {'J10': 18, 'J11': 48, 'J12': 50, 'J13': 32, 'cluster3106249630_3106249631_J60_J61_#5more': 100}, 
3335.0, {'J10': -80190.5, 'J11': -295468.5, 'J12': -6568.0, 'J13': -49406.0, 'cluster3106249630_3106249631_J60_J61_#5more': -353015.5}, {'J10': 13, 'J11': 32, 'J12': 21, 'J13': 24, 'cluster3106249630_3106249631_J60_J61_#5more': 36}, {'J10': 19, 'J11': 48, 'J12': 48, 'J13': 34, 'cluster3106249630_3106249631_J60_J61_#5more': 100}, 
3340.0, {'J10': -80380.5, 'J11': -295948.5, 'J12': -6924.0, 'J13': -49746.0, 'cluster3106249630_3106249631_J60_J61_#5more': -354015.5}, {'J10': 13, 'J11': 32, 'J12': 21, 'J13': 24, 'cluster3106249630_3106249631_J60_J61_#5more': 36}, {'J10': 19, 'J11': 48, 'J12': 49, 'J13': 34, 'cluster3106249630_3106249631_J60_J61_#5more': 100}, 
3345.0, {'J10': -80570.5, 'J11': -296428.5, 'J12': -7179.0, 'J13': -50086.5, 'cluster3106249630_3106249631_J60_J61_#5more': -352989.5}, {'J10': 13, 'J11': 32, 'J12': 21, 'J13': 25, 'cluster3106249630_3106249631_J60_J61_#5more': 36}, {'J10': 19, 'J11': 48, 'J12': 49, 'J13': 35, 'cluster3106249630_3106249631_J60_J61_#5more': 96}, 
3350.0, {'J10': -80760.5, 'J11': -296912.5, 'J12': -5997.5, 'J13': -50447.0, 'cluster3106249630_3106249631_J60_J61_#5more': -352923.0}, {'J10': 13, 'J11': 32, 'J12': 19, 'J13': 28, 'cluster3106249630_3106249631_J60_J61_#5more': 36}, {'J10': 19, 'J11': 49, 'J12': 43, 'J13': 38, 'cluster3106249630_3106249631_J60_J61_#5more': 94}, 
3355.0, {'J10': -80910.0, 'J11': -297388.5, 'J12': -6432.0, 'J13': -50827.0, 'cluster3106249630_3106249631_J60_J61_#5more': -353865.5}, {'J10': 13, 'J11': 32, 'J12': 19, 'J13': 28, 'cluster3106249630_3106249631_J60_J61_#5more': 36}, {'J10': 19, 'J11': 48, 'J12': 45, 'J13': 38, 'cluster3106249630_3106249631_J60_J61_#5more': 96}, 
3360.0, {'J10': -81089.5, 'J11': -297868.5, 'J12': -6809.5, 'J13': -51207.0, 'cluster3106249630_3106249631_J60_J61_#5more': -354811.0}, {'J10': 13, 'J11': 32, 'J12': 19, 'J13': 28, 'cluster3106249630_3106249631_J60_J61_#5more': 36}, {'J10': 18, 'J11': 48, 'J12': 45, 'J13': 38, 'cluster3106249630_3106249631_J60_J61_#5more': 98}, 
3365.0, {'J10': -81272.5, 'J11': -298348.5, 'J12': -6827.5, 'J13': -51587.0, 'cluster3106249630_3106249631_J60_J61_#5more': -355800.0}, {'J10': 13, 'J11': 32, 'J12': 20, 'J13': 28, 'cluster3106249630_3106249631_J60_J61_#5more': 36}, {'J10': 19, 'J11': 48, 'J12': 47, 'J13': 38, 'cluster3106249630_3106249631_J60_J61_#5more': 100}, 
3370.0, {'J10': -81462.5, 'J11': -298828.5, 'J12': -6868.5, 'J13': -51967.0, 'cluster3106249630_3106249631_J60_J61_#5more': -356800.0}, {'J10': 13, 'J11': 32, 'J12': 20, 'J13': 28, 'cluster3106249630_3106249631_J60_J61_#5more': 36}, {'J10': 19, 'J11': 48, 'J12': 44, 'J13': 38, 'cluster3106249630_3106249631_J60_J61_#5more': 100}, 
3375.0, {'J10': -81652.5, 'J11': -299308.5, 'J12': -7034.0, 'J13': -52347.0, 'cluster3106249630_3106249631_J60_J61_#5more': -357800.0}, {'J10': 13, 'J11': 32, 'J12': 20, 'J13': 28, 'cluster3106249630_3106249631_J60_J61_#5more': 36}, {'J10': 19, 'J11': 48, 'J12': 42, 'J13': 38, 'cluster3106249630_3106249631_J60_J61_#5more': 100}, 
3380.0, {'J10': -81842.5, 'J11': -299788.5, 'J12': -7463.0, 'J13': -52727.0, 'cluster3106249630_3106249631_J60_J61_#5more': -358800.0}, {'J10': 13, 'J11': 32, 'J12': 20, 'J13': 28, 'cluster3106249630_3106249631_J60_J61_#5more': 36}, {'J10': 19, 'J11': 48, 'J12': 46, 'J13': 38, 'cluster3106249630_3106249631_J60_J61_#5more': 100}, 
3385.0, {'J10': -82032.5, 'J11': -300268.5, 'J12': -7758.0, 'J13': -53107.0, 'cluster3106249630_3106249631_J60_J61_#5more': -359800.0}, {'J10': 13, 'J11': 32, 'J12': 20, 'J13': 28, 'cluster3106249630_3106249631_J60_J61_#5more': 36}, {'J10': 19, 'J11': 48, 'J12': 47, 'J13': 38, 'cluster3106249630_3106249631_J60_J61_#5more': 100}, 
3390.0, {'J10': -82222.5, 'J11': -300748.5, 'J12': -8236.5, 'J13': -50741.5, 'cluster3106249630_3106249631_J60_J61_#5more': -360800.0}, {'J10': 13, 'J11': 32, 'J12': 20, 'J13': 26, 'cluster3106249630_3106249631_J60_J61_#5more': 36}, {'J10': 19, 'J11': 48, 'J12': 51, 'J13': 35, 'cluster3106249630_3106249631_J60_J61_#5more': 100}, 
3395.0, {'J10': -82412.5, 'J11': -301228.5, 'J12': -8604.5, 'J13': -48822.0, 'cluster3106249630_3106249631_J60_J61_#5more': -361800.0}, {'J10': 13, 'J11': 32, 'J12': 20, 'J13': 24, 'cluster3106249630_3106249631_J60_J61_#5more': 36}, {'J10': 19, 'J11': 48, 'J12': 51, 'J13': 32, 'cluster3106249630_3106249631_J60_J61_#5more': 100}, 
3400.0, {'J10': -82602.5, 'J11': -301708.5, 'J12': -8936.0, 'J13': -49147.5, 'cluster3106249630_3106249631_J60_J61_#5more': -362800.0}, {'J10': 13, 'J11': 32, 'J12': 20, 'J13': 24, 'cluster3106249630_3106249631_J60_J61_#5more': 36}, {'J10': 19, 'J11': 48, 'J12': 49, 'J13': 34, 'cluster3106249630_3106249631_J60_J61_#5more': 100}, 
3405.0, {'J10': -82792.5, 'J11': -302188.5, 'J12': -9192.5, 'J13': -49487.5, 'cluster3106249630_3106249631_J60_J61_#5more': -363800.0}, {'J10': 13, 'J11': 32, 'J12': 20, 'J13': 24, 'cluster3106249630_3106249631_J60_J61_#5more': 36}, {'J10': 19, 'J11': 48, 'J12': 47, 'J13': 34, 'cluster3106249630_3106249631_J60_J61_#5more': 100}, 
3410.0, {'J10': -82982.5, 'J11': -302670.0, 'J12': -9418.5, 'J13': -49828.5, 'cluster3106249630_3106249631_J60_J61_#5more': -361736.5}, {'J10': 13, 'J11': 32, 'J12': 20, 'J13': 25, 'cluster3106249630_3106249631_J60_J61_#5more': 36}, {'J10': 19, 'J11': 49, 'J12': 45, 'J13': 35, 'cluster3106249630_3106249631_J60_J61_#5more': 99}, 
3415.0, {'J10': -83172.5, 'J11': -303160.0, 'J12': -9808.5, 'J13': -50188.0, 'cluster3106249630_3106249631_J60_J61_#5more': -354583.0}, {'J10': 13, 'J11': 32, 'J12': 20, 'J13': 28, 'cluster3106249630_3106249631_J60_J61_#5more': 36}, {'J10': 19, 'J11': 49, 'J12': 46, 'J13': 38, 'cluster3106249630_3106249631_J60_J61_#5more': 97}, 
3420.0, {'J10': -83249.5, 'J11': -303657.0, 'J12': -10247.0, 'J13': -50568.0, 'cluster3106249630_3106249631_J60_J61_#5more': -355553.0}, {'J10': 13, 'J11': 32, 'J12': 20, 'J13': 28, 'cluster3106249630_3106249631_J60_J61_#5more': 36}, {'J10': 18, 'J11': 51, 'J12': 47, 'J13': 38, 'cluster3106249630_3106249631_J60_J61_#5more': 97}, 
3425.0, {'J10': -83429.5, 'J11': -304138.0, 'J12': -10450.0, 'J13': -50948.0, 'cluster3106249630_3106249631_J60_J61_#5more': -356523.0}, {'J10': 13, 'J11': 32, 'J12': 20, 'J13': 28, 'cluster3106249630_3106249631_J60_J61_#5more': 36}, {'J10': 18, 'J11': 51, 'J12': 45, 'J13': 38, 'cluster3106249630_3106249631_J60_J61_#5more': 97}, 
3430.0, {'J10': -83609.5, 'J11': -304648.0, 'J12': -10902.0, 'J13': -51328.0, 'cluster3106249630_3106249631_J60_J61_#5more': -357493.0}, {'J10': 13, 'J11': 32, 'J12': 20, 'J13': 28, 'cluster3106249630_3106249631_J60_J61_#5more': 36}, {'J10': 18, 'J11': 51, 'J12': 46, 'J13': 38, 'cluster3106249630_3106249631_J60_J61_#5more': 97}, 
3435.0, {'J10': -83789.5, 'J11': -305091.0, 'J12': -9005.0, 'J13': -51708.0, 'cluster3106249630_3106249631_J60_J61_#5more': -358464.5}, {'J10': 13, 'J11': 32, 'J12': 17, 'J13': 28, 'cluster3106249630_3106249631_J60_J61_#5more': 36}, {'J10': 18, 'J11': 49, 'J12': 41, 'J13': 38, 'cluster3106249630_3106249631_J60_J61_#5more': 99}, 
3440.0, {'J10': -83969.5, 'J11': -305581.0, 'J12': -8759.0, 'J13': -52088.0, 'cluster3106249630_3106249631_J60_J61_#5more': -359454.5}, {'J10': 13, 'J11': 32, 'J12': 17, 'J13': 28, 'cluster3106249630_3106249631_J60_J61_#5more': 36}, {'J10': 18, 'J11': 49, 'J12': 38, 'J13': 38, 'cluster3106249630_3106249631_J60_J61_#5more': 99}, 
3445.0, {'J10': -84152.0, 'J11': -306028.5, 'J12': -9020.0, 'J13': -52468.0, 'cluster3106249630_3106249631_J60_J61_#5more': -360444.5}, {'J10': 13, 'J11': 32, 'J12': 17, 'J13': 28, 'cluster3106249630_3106249631_J60_J61_#5more': 36}, {'J10': 19, 'J11': 48, 'J12': 34, 'J13': 38, 'cluster3106249630_3106249631_J60_J61_#5more': 99}, 
3450.0, {'J10': -84342.0, 'J11': -306508.5, 'J12': -9372.0, 'J13': -52848.0, 'cluster3106249630_3106249631_J60_J61_#5more': -361434.5}, {'J10': 13, 'J11': 32, 'J12': 17, 'J13': 28, 'cluster3106249630_3106249631_J60_J61_#5more': 36}, {'J10': 19, 'J11': 48, 'J12': 40, 'J13': 38, 'cluster3106249630_3106249631_J60_J61_#5more': 99}, 
3455.0, {'J10': -84532.0, 'J11': -306988.5, 'J12': -9778.5, 'J13': -50864.0, 'cluster3106249630_3106249631_J60_J61_#5more': -362424.5}, {'J10': 13, 'J11': 32, 'J12': 20, 'J13': 26, 'cluster3106249630_3106249631_J60_J61_#5more': 36}, {'J10': 19, 'J11': 48, 'J12': 45, 'J13': 36, 'cluster3106249630_3106249631_J60_J61_#5more': 99}, 
3460.0, {'J10': -84722.0, 'J11': -307468.5, 'J12': -10217.5, 'J13': -51211.5, 'cluster3106249630_3106249631_J60_J61_#5more': -363415.0}, {'J10': 13, 'J11': 32, 'J12': 20, 'J13': 26, 'cluster3106249630_3106249631_J60_J61_#5more': 36}, {'J10': 19, 'J11': 48, 'J12': 49, 'J13': 35, 'cluster3106249630_3106249631_J60_J61_#5more': 100}, 
3465.0, {'J10': -84912.0, 'J11': -307948.5, 'J12': -10724.5, 'J13': -51563.5, 'cluster3106249630_3106249631_J60_J61_#5more': -364416.0}, {'J10': 13, 'J11': 32, 'J12': 20, 'J13': 26, 'cluster3106249630_3106249631_J60_J61_#5more': 36}, {'J10': 19, 'J11': 48, 'J12': 55, 'J13': 36, 'cluster3106249630_3106249631_J60_J61_#5more': 101}, 
3470.0, {'J10': -85102.0, 'J11': -308428.5, 'J12': -11152.0, 'J13': -51923.5, 'cluster3106249630_3106249631_J60_J61_#5more': -365394.5}, {'J10': 13, 'J11': 32, 'J12': 20, 'J13': 26, 'cluster3106249630_3106249631_J60_J61_#5more': 36}, {'J10': 19, 'J11': 48, 'J12': 54, 'J13': 36, 'cluster3106249630_3106249631_J60_J61_#5more': 99}, 
3475.0, {'J10': -85292.0, 'J11': -308908.5, 'J12': -11662.0, 'J13': -52285.0, 'cluster3106249630_3106249631_J60_J61_#5more': -362602.5}, {'J10': 13, 'J11': 32, 'J12': 20, 'J13': 27, 'cluster3106249630_3106249631_J60_J61_#5more': 36}, {'J10': 19, 'J11': 48, 'J12': 54, 'J13': 37, 'cluster3106249630_3106249631_J60_J61_#5more': 93}, 
3480.0, {'J10': -85482.0, 'J11': -309388.5, 'J12': -12082.0, 'J13': -52659.5, 'cluster3106249630_3106249631_J60_J61_#5more': -363537.0}, {'J10': 13, 'J11': 32, 'J12': 20, 'J13': 28, 'cluster3106249630_3106249631_J60_J61_#5more': 36}, {'J10': 19, 'J11': 48, 'J12': 53, 'J13': 38, 'cluster3106249630_3106249631_J60_J61_#5more': 95}, 
3485.0, {'J10': -85590.5, 'J11': -309868.5, 'J12': -12351.0, 'J13': -53039.5, 'cluster3106249630_3106249631_J60_J61_#5more': -364475.5}, {'J10': 13, 'J11': 32, 'J12': 20, 'J13': 28, 'cluster3106249630_3106249631_J60_J61_#5more': 36}, {'J10': 19, 'J11': 48, 'J12': 47, 'J13': 38, 'cluster3106249630_3106249631_J60_J61_#5more': 96}, 
3490.0, {'J10': -85769.5, 'J11': -310348.5, 'J12': -12728.0, 'J13': -53419.5, 'cluster3106249630_3106249631_J60_J61_#5more': -365444.5}, {'J10': 13, 'J11': 32, 'J12': 20, 'J13': 28, 'cluster3106249630_3106249631_J60_J61_#5more': 36}, {'J10': 18, 'J11': 48, 'J12': 46, 'J13': 38, 'cluster3106249630_3106249631_J60_J61_#5more': 100}, 
3495.0, {'J10': -85949.5, 'J11': -310828.5, 'J12': -12814.0, 'J13': -53799.5, 'cluster3106249630_3106249631_J60_J61_#5more': -366452.5}, {'J10': 13, 'J11': 32, 'J12': 20, 'J13': 28, 'cluster3106249630_3106249631_J60_J61_#5more': 36}, {'J10': 18, 'J11': 48, 'J12': 44, 'J13': 38, 'cluster3106249630_3106249631_J60_J61_#5more': 102}, 
3500.0, {'J10': -86129.5, 'J11': -311308.5, 'J12': -13180.0, 'J13': -54179.5, 'cluster3106249630_3106249631_J60_J61_#5more': -367431.5}, {'J10': 13, 'J11': 32, 'J12': 20, 'J13': 28, 'cluster3106249630_3106249631_J60_J61_#5more': 36}, {'J10': 18, 'J11': 48, 'J12': 42, 'J13': 38, 'cluster3106249630_3106249631_J60_J61_#5more': 101}, 
3505.0, {'J10': -86309.5, 'J11': -311788.5, 'J12': -11587.0, 'J13': -54559.5, 'cluster3106249630_3106249631_J60_J61_#5more': -368442.0}, {'J10': 13, 'J11': 32, 'J12': 18, 'J13': 28, 'cluster3106249630_3106249631_J60_J61_#5more': 36}, {'J10': 18, 'J11': 48, 'J12': 35, 'J13': 38, 'cluster3106249630_3106249631_J60_J61_#5more': 102}, 
3510.0, {'J10': -86489.5, 'J11': -312268.5, 'J12': -11212.5, 'J13': -54939.5, 'cluster3106249630_3106249631_J60_J61_#5more': -369466.5}, {'J10': 13, 'J11': 32, 'J12': 17, 'J13': 28, 'cluster3106249630_3106249631_J60_J61_#5more': 36}, {'J10': 18, 'J11': 48, 'J12': 38, 'J13': 38, 'cluster3106249630_3106249631_J60_J61_#5more': 103}, 
3515.0, {'J10': -86669.5, 'J11': -312748.5, 'J12': -11613.5, 'J13': -55319.5, 'cluster3106249630_3106249631_J60_J61_#5more': -362273.5}, {'J10': 13, 'J11': 32, 'J12': 17, 'J13': 28, 'cluster3106249630_3106249631_J60_J61_#5more': 36}, {'J10': 18, 'J11': 48, 'J12': 45, 'J13': 38, 'cluster3106249630_3106249631_J60_J61_#5more': 101}, 
3520.0, {'J10': -86849.5, 'J11': -313230.0, 'J12': -12028.5, 'J13': -52209.5, 'cluster3106249630_3106249631_J60_J61_#5more': -347520.5}, {'J10': 13, 'J11': 32, 'J12': 18, 'J13': 25, 'cluster3106249630_3106249631_J60_J61_#5more': 36}, {'J10': 18, 'J11': 50, 'J12': 45, 'J13': 34, 'cluster3106249630_3106249631_J60_J61_#5more': 97}, 
3525.0, {'J10': -87029.5, 'J11': -313708.5, 'J12': -12416.5, 'J13': -51292.5, 'cluster3106249630_3106249631_J60_J61_#5more': -340941.5}, {'J10': 13, 'J11': 32, 'J12': 20, 'J13': 24, 'cluster3106249630_3106249631_J60_J61_#5more': 36}, {'J10': 18, 'J11': 48, 'J12': 48, 'J13': 32, 'cluster3106249630_3106249631_J60_J61_#5more': 95}, 
3530.0, {'J10': -87209.5, 'J11': -314188.5, 'J12': -12789.5, 'J13': -51619.0, 'cluster3106249630_3106249631_J60_J61_#5more': -341891.5}, {'J10': 13, 'J11': 32, 'J12': 20, 'J13': 24, 'cluster3106249630_3106249631_J60_J61_#5more': 36}, {'J10': 18, 'J11': 48, 'J12': 49, 'J13': 34, 'cluster3106249630_3106249631_J60_J61_#5more': 95}, 
3535.0, {'J10': -87389.5, 'J11': -314668.5, 'J12': -13174.0, 'J13': -51959.0, 'cluster3106249630_3106249631_J60_J61_#5more': -342841.5}, {'J10': 13, 'J11': 32, 'J12': 20, 'J13': 24, 'cluster3106249630_3106249631_J60_J61_#5more': 36}, {'J10': 18, 'J11': 48, 'J12': 46, 'J13': 34, 'cluster3106249630_3106249631_J60_J61_#5more': 95}, 
3540.0, {'J10': -87569.5, 'J11': -315148.5, 'J12': -13583.5, 'J13': -52299.0, 'cluster3106249630_3106249631_J60_J61_#5more': -343569.5}, {'J10': 13, 'J11': 32, 'J12': 20, 'J13': 24, 'cluster3106249630_3106249631_J60_J61_#5more': 36}, {'J10': 18, 'J11': 48, 'J12': 47, 'J13': 34, 'cluster3106249630_3106249631_J60_J61_#5more': 93}, 
3545.0, {'J10': -87749.5, 'J11': -315628.5, 'J12': -14010.5, 'J13': -52648.0, 'cluster3106249630_3106249631_J60_J61_#5more': -343087.5}, {'J10': 13, 'J11': 32, 'J12': 20, 'J13': 27, 'cluster3106249630_3106249631_J60_J61_#5more': 36}, {'J10': 18, 'J11': 48, 'J12': 46, 'J13': 37, 'cluster3106249630_3106249631_J60_J61_#5more': 93}, 
3550.0, {'J10': -87932.0, 'J11': -316108.5, 'J12': -14476.0, 'J13': -53020.5, 'cluster3106249630_3106249631_J60_J61_#5more': -341432.5}, {'J10': 13, 'J11': 32, 'J12': 20, 'J13': 28, 'cluster3106249630_3106249631_J60_J61_#5more': 36}, {'J10': 19, 'J11': 48, 'J12': 48, 'J13': 38, 'cluster3106249630_3106249631_J60_J61_#5more': 90}, 
3555.0, {'J10': -88109.5, 'J11': -316588.5, 'J12': -14815.5, 'J13': -53400.5, 'cluster3106249630_3106249631_J60_J61_#5more': -339618.5}, {'J10': 13, 'J11': 32, 'J12': 20, 'J13': 28, 'cluster3106249630_3106249631_J60_J61_#5more': 36}, {'J10': 18, 'J11': 48, 'J12': 46, 'J13': 38, 'cluster3106249630_3106249631_J60_J61_#5more': 86}, 
3560.0, {'J10': -88289.5, 'J11': -317072.0, 'J12': -15261.0, 'J13': -53780.5, 'cluster3106249630_3106249631_J60_J61_#5more': -339673.5}, {'J10': 13, 'J11': 32, 'J12': 20, 'J13': 28, 'cluster3106249630_3106249631_J60_J61_#5more': 36}, {'J10': 18, 'J11': 49, 'J12': 48, 'J13': 38, 'cluster3106249630_3106249631_J60_J61_#5more': 84}, 
3565.0, {'J10': -88469.5, 'J11': -317548.5, 'J12': -14025.5, 'J13': -54160.5, 'cluster3106249630_3106249631_J60_J61_#5more': -340370.0}, {'J10': 13, 'J11': 32, 'J12': 18, 'J13': 28, 'cluster3106249630_3106249631_J60_J61_#5more': 36}, {'J10': 18, 'J11': 48, 'J12': 46, 'J13': 38, 'cluster3106249630_3106249631_J60_J61_#5more': 83}, 
3570.0, {'J10': -88649.5, 'J11': -318028.5, 'J12': -13645.5, 'J13': -54540.5, 'cluster3106249630_3106249631_J60_J61_#5more': -341200.0}, {'J10': 13, 'J11': 32, 'J12': 17, 'J13': 28, 'cluster3106249630_3106249631_J60_J61_#5more': 36}, {'J10': 18, 'J11': 48, 'J12': 44, 'J13': 38, 'cluster3106249630_3106249631_J60_J61_#5more': 83}, 
3575.0, {'J10': -88829.5, 'J11': -318508.5, 'J12': -14089.0, 'J13': -54920.5, 'cluster3106249630_3106249631_J60_J61_#5more': -342030.0}, {'J10': 13, 'J11': 32, 'J12': 17, 'J13': 28, 'cluster3106249630_3106249631_J60_J61_#5more': 36}, {'J10': 18, 'J11': 48, 'J12': 46, 'J13': 38, 'cluster3106249630_3106249631_J60_J61_#5more': 83}, 
3580.0, {'J10': -89009.5, 'J11': -318988.5, 'J12': -14397.0, 'J13': -55300.5, 'cluster3106249630_3106249631_J60_J61_#5more': -342860.0}, {'J10': 13, 'J11': 32, 'J12': 18, 'J13': 28, 'cluster3106249630_3106249631_J60_J61_#5more': 36}, {'J10': 18, 'J11': 48, 'J12': 47, 'J13': 38, 'cluster3106249630_3106249631_J60_J61_#5more': 83}, 
3585.0, {'J10': -89189.5, 'J11': -319468.5, 'J12': -14880.0, 'J13': -53192.0, 'cluster3106249630_3106249631_J60_J61_#5more': -337186.5}, {'J10': 13, 'J11': 32, 'J12': 20, 'J13': 26, 'cluster3106249630_3106249631_J60_J61_#5more': 36}, {'J10': 18, 'J11': 48, 'J12': 51, 'J13': 36, 'cluster3106249630_3106249631_J60_J61_#5more': 83}, 
3590.0, {'J10': -89369.5, 'J11': -319951.5, 'J12': -15326.0, 'J13': -53417.0, 'cluster3106249630_3106249631_J60_J61_#5more': -331929.5}, {'J10': 13, 'J11': 32, 'J12': 20, 'J13': 26, 'cluster3106249630_3106249631_J60_J61_#5more': 36}, {'J10': 18, 'J11': 50, 'J12': 48, 'J13': 34, 'cluster3106249630_3106249631_J60_J61_#5more': 82}, 
3595.0, {'J10': -89549.5, 'J11': -320428.5, 'J12': -15812.0, 'J13': -53763.0, 'cluster3106249630_3106249631_J60_J61_#5more': -332754.5}, {'J10': 13, 'J11': 32, 'J12': 20, 'J13': 26, 'cluster3106249630_3106249631_J60_J61_#5more': 36}, {'J10': 18, 'J11': 48, 'J12': 50, 'J13': 36, 'cluster3106249630_3106249631_J60_J61_#5more': 84}, 
3600.0, {'J10': -89729.5, 'J11': -320908.5, 'J12': -16318.0, 'J13': -54123.0, 'cluster3106249630_3106249631_J60_J61_#5more': -333511.0}, {'J10': 13, 'J11': 32, 'J12': 20, 'J13': 26, 'cluster3106249630_3106249631_J60_J61_#5more': 36}, {'J10': 18, 'J11': 48, 'J12': 53, 'J13': 36, 'cluster3106249630_3106249631_J60_J61_#5more': 85}, 
3605.0, {'J10': -89909.5, 'J11': -321388.5, 'J12': -16851.5, 'J13': -54484.0, 'cluster3106249630_3106249631_J60_J61_#5more': -334279.5}, {'J10': 13, 'J11': 32, 'J12': 20, 'J13': 27, 'cluster3106249630_3106249631_J60_J61_#5more': 36}, {'J10': 18, 'J11': 48, 'J12': 54, 'J13': 37, 'cluster3106249630_3106249631_J60_J61_#5more': 85}, 
3610.0, {'J10': -90089.5, 'J11': -321868.5, 'J12': -16722.5, 'J13': -54859.0, 'cluster3106249630_3106249631_J60_J61_#5more': -334913.0}, {'J10': 13, 'J11': 32, 'J12': 20, 'J13': 28, 'cluster3106249630_3106249631_J60_J61_#5more': 36}, {'J10': 18, 'J11': 48, 'J12': 51, 'J13': 38, 'cluster3106249630_3106249631_J60_J61_#5more': 81}, 
3615.0, {'J10': -90271.5, 'J11': -322348.5, 'J12': -17435.5, 'J13': -55239.0, 'cluster3106249630_3106249631_J60_J61_#5more': -335519.0}, {'J10': 13, 'J11': 32, 'J12': 20, 'J13': 28, 'cluster3106249630_3106249631_J60_J61_#5more': 36}, {'J10': 19, 'J11': 48, 'J12': 54, 'J13': 38, 'cluster3106249630_3106249631_J60_J61_#5more': 77}, 
3620.0, {'J10': -90449.5, 'J11': -322828.5, 'J12': -17978.5, 'J13': -55619.0, 'cluster3106249630_3106249631_J60_J61_#5more': -336289.0}, {'J10': 13, 'J11': 32, 'J12': 20, 'J13': 28, 'cluster3106249630_3106249631_J60_J61_#5more': 36}, {'J10': 18, 'J11': 48, 'J12': 55, 'J13': 38, 'cluster3106249630_3106249631_J60_J61_#5more': 77}, 
3625.0, {'J10': -90629.5, 'J11': -323308.5, 'J12': -18373.5, 'J13': -55999.0, 'cluster3106249630_3106249631_J60_J61_#5more': -337063.5}, {'J10': 13, 'J11': 32, 'J12': 20, 'J13': 28, 'cluster3106249630_3106249631_J60_J61_#5more': 36}, {'J10': 18, 'J11': 48, 'J12': 53, 'J13': 38, 'cluster3106249630_3106249631_J60_J61_#5more': 79}, 
3630.0, {'J10': -90809.5, 'J11': -323788.5, 'J12': -18871.5, 'J13': -56379.0, 'cluster3106249630_3106249631_J60_J61_#5more': -337853.5}, {'J10': 13, 'J11': 32, 'J12': 20, 'J13': 28, 'cluster3106249630_3106249631_J60_J61_#5more': 36}, {'J10': 18, 'J11': 48, 'J12': 53, 'J13': 38, 'cluster3106249630_3106249631_J60_J61_#5more': 79}, 
3635.0, {'J10': -90989.5, 'J11': -324268.5, 'J12': -19411.5, 'J13': -56759.0, 'cluster3106249630_3106249631_J60_J61_#5more': -338643.5}, {'J10': 13, 'J11': 32, 'J12': 20, 'J13': 28, 'cluster3106249630_3106249631_J60_J61_#5more': 36}, {'J10': 18, 'J11': 48, 'J12': 57, 'J13': 38, 'cluster3106249630_3106249631_J60_J61_#5more': 79}, 
3640.0, {'J10': -91169.5, 'J11': -324748.5, 'J12': -19354.5, 'J13': -57139.0, 'cluster3106249630_3106249631_J60_J61_#5more': -339433.5}, {'J10': 13, 'J11': 32, 'J12': 20, 'J13': 28, 'cluster3106249630_3106249631_J60_J61_#5more': 36}, {'J10': 18, 'J11': 48, 'J12': 60, 'J13': 38, 'cluster3106249630_3106249631_J60_J61_#5more': 79}, 
3645.0, {'J10': -91349.5, 'J11': -325232.0, 'J12': -19801.5, 'J13': -57519.0, 'cluster3106249630_3106249631_J60_J61_#5more': -340223.5}, {'J10': 13, 'J11': 32, 'J12': 20, 'J13': 28, 'cluster3106249630_3106249631_J60_J61_#5more': 36}, {'J10': 18, 'J11': 49, 'J12': 58, 'J13': 38, 'cluster3106249630_3106249631_J60_J61_#5more': 79}, 
3650.0, {'J10': -91529.5, 'J11': -325708.5, 'J12': -20230.5, 'J13': -55537.5, 'cluster3106249630_3106249631_J60_J61_#5more': -335067.5}, {'J10': 13, 'J11': 32, 'J12': 20, 'J13': 26, 'cluster3106249630_3106249631_J60_J61_#5more': 36}, {'J10': 18, 'J11': 48, 'J12': 54, 'J13': 35, 'cluster3106249630_3106249631_J60_J61_#5more': 78}, 
3655.0, {'J10': -91709.5, 'J11': -326188.5, 'J12': -19520.5, 'J13': -55763.5, 'cluster3106249630_3106249631_J60_J61_#5more': -333845.5}, {'J10': 13, 'J11': 32, 'J12': 20, 'J13': 26, 'cluster3106249630_3106249631_J60_J61_#5more': 36}, {'J10': 18, 'J11': 48, 'J12': 53, 'J13': 34, 'cluster3106249630_3106249631_J60_J61_#5more': 77}, 
3660.0, {'J10': -91889.5, 'J11': -326668.5, 'J12': -20050.5, 'J13': -56109.5, 'cluster3106249630_3106249631_J60_J61_#5more': -334240.5}, {'J10': 13, 'J11': 32, 'J12': 20, 'J13': 26, 'cluster3106249630_3106249631_J60_J61_#5more': 36}, {'J10': 18, 'J11': 48, 'J12': 53, 'J13': 36, 'cluster3106249630_3106249631_J60_J61_#5more': 77}, 
3665.0, {'J10': -92069.5, 'J11': -327148.5, 'J12': -20306.0, 'J13': -56469.5, 'cluster3106249630_3106249631_J60_J61_#5more': -334937.5}, {'J10': 13, 'J11': 32, 'J12': 20, 'J13': 26, 'cluster3106249630_3106249631_J60_J61_#5more': 36}, {'J10': 18, 'J11': 48, 'J12': 51, 'J13': 36, 'cluster3106249630_3106249631_J60_J61_#5more': 80}, 
3670.0, {'J10': -92249.5, 'J11': -327628.5, 'J12': -16945.5, 'J13': -56831.5, 'cluster3106249630_3106249631_J60_J61_#5more': -335624.5}, {'J10': 13, 'J11': 32, 'J12': 17, 'J13': 28, 'cluster3106249630_3106249631_J60_J61_#5more': 36}, {'J10': 18, 'J11': 48, 'J12': 42, 'J13': 38, 'cluster3106249630_3106249631_J60_J61_#5more': 76}, 
3675.0, {'J10': -92429.5, 'J11': -328108.5, 'J12': -15680.0, 'J13': -57211.5, 'cluster3106249630_3106249631_J60_J61_#5more': -336296.0}, {'J10': 13, 'J11': 32, 'J12': 16, 'J13': 28, 'cluster3106249630_3106249631_J60_J61_#5more': 36}, {'J10': 18, 'J11': 48, 'J12': 36, 'J13': 38, 'cluster3106249630_3106249631_J60_J61_#5more': 72}, 
3680.0, {'J10': -92609.5, 'J11': -328588.5, 'J12': -15141.5, 'J13': -57591.5, 'cluster3106249630_3106249631_J60_J61_#5more': -337016.0}, {'J10': 13, 'J11': 32, 'J12': 16, 'J13': 28, 'cluster3106249630_3106249631_J60_J61_#5more': 36}, {'J10': 18, 'J11': 48, 'J12': 37, 'J13': 38, 'cluster3106249630_3106249631_J60_J61_#5more': 72}, 
3685.0, {'J10': -92789.5, 'J11': -329068.5, 'J12': -15205.0, 'J13': -57971.5, 'cluster3106249630_3106249631_J60_J61_#5more': -337741.5}, {'J10': 13, 'J11': 32, 'J12': 16, 'J13': 28, 'cluster3106249630_3106249631_J60_J61_#5more': 36}, {'J10': 18, 'J11': 48, 'J12': 42, 'J13': 38, 'cluster3106249630_3106249631_J60_J61_#5more': 74}, 
3690.0, {'J10': -92969.5, 'J11': -329548.5, 'J12': -15648.5, 'J13': -58351.5, 'cluster3106249630_3106249631_J60_J61_#5more': -338490.5}, {'J10': 13, 'J11': 32, 'J12': 21, 'J13': 28, 'cluster3106249630_3106249631_J60_J61_#5more': 36}, {'J10': 18, 'J11': 48, 'J12': 48, 'J13': 38, 'cluster3106249630_3106249631_J60_J61_#5more': 76}, 
3695.0, {'J10': -93149.5, 'J11': -330028.5, 'J12': -16128.5, 'J13': -58731.5, 'cluster3106249630_3106249631_J60_J61_#5more': -339250.5}, {'J10': 13, 'J11': 32, 'J12': 21, 'J13': 28, 'cluster3106249630_3106249631_J60_J61_#5more': 36}, {'J10': 18, 'J11': 48, 'J12': 48, 'J13': 38, 'cluster3106249630_3106249631_J60_J61_#5more': 76}, 
3700.0, {'J10': -93329.5, 'J11': -330508.5, 'J12': -16608.5, 'J13': -59111.5, 'cluster3106249630_3106249631_J60_J61_#5more': -340010.5}, {'J10': 13, 'J11': 32, 'J12': 21, 'J13': 28, 'cluster3106249630_3106249631_J60_J61_#5more': 36}, {'J10': 18, 'J11': 48, 'J12': 48, 'J13': 38, 'cluster3106249630_3106249631_J60_J61_#5more': 76}, 
3705.0, {'J10': -93509.5, 'J11': -330988.5, 'J12': -17088.5, 'J13': -59491.5, 'cluster3106249630_3106249631_J60_J61_#5more': -340770.5}, {'J10': 13, 'J11': 32, 'J12': 21, 'J13': 28, 'cluster3106249630_3106249631_J60_J61_#5more': 36}, {'J10': 18, 'J11': 48, 'J12': 48, 'J13': 38, 'cluster3106249630_3106249631_J60_J61_#5more': 76}, 
3710.0, {'J10': -93689.5, 'J11': -331468.5, 'J12': -17568.5, 'J13': -59871.5, 'cluster3106249630_3106249631_J60_J61_#5more': -341530.5}, {'J10': 13, 'J11': 32, 'J12': 21, 'J13': 28, 'cluster3106249630_3106249631_J60_J61_#5more': 36}, {'J10': 18, 'J11': 48, 'J12': 48, 'J13': 38, 'cluster3106249630_3106249631_J60_J61_#5more': 76}, 
3715.0, {'J10': -93869.5, 'J11': -331948.5, 'J12': -18048.5, 'J13': -56395.0, 'cluster3106249630_3106249631_J60_J61_#5more': -339300.5}, {'J10': 13, 'J11': 32, 'J12': 21, 'J13': 25, 'cluster3106249630_3106249631_J60_J61_#5more': 36}, {'J10': 18, 'J11': 48, 'J12': 48, 'J13': 33, 'cluster3106249630_3106249631_J60_J61_#5more': 76}, 
3720.0, {'J10': -94049.5, 'J11': -332428.5, 'J12': -18528.5, 'J13': -55592.5, 'cluster3106249630_3106249631_J60_J61_#5more': -340064.0}, {'J10': 13, 'J11': 32, 'J12': 21, 'J13': 24, 'cluster3106249630_3106249631_J60_J61_#5more': 36}, {'J10': 18, 'J11': 48, 'J12': 48, 'J13': 32, 'cluster3106249630_3106249631_J60_J61_#5more': 78}, 
3725.0, {'J10': -94229.5, 'J11': -332908.5, 'J12': -19008.5, 'J13': -55919.0, 'cluster3106249630_3106249631_J60_J61_#5more': -340645.0}, {'J10': 13, 'J11': 32, 'J12': 21, 'J13': 24, 'cluster3106249630_3106249631_J60_J61_#5more': 36}, {'J10': 18, 'J11': 48, 'J12': 48, 'J13': 34, 'cluster3106249630_3106249631_J60_J61_#5more': 74}, 
3730.0, {'J10': -94409.5, 'J11': -333388.5, 'J12': -19488.5, 'J13': -56259.0, 'cluster3106249630_3106249631_J60_J61_#5more': -341300.0}, {'J10': 13, 'J11': 32, 'J12': 21, 'J13': 24, 'cluster3106249630_3106249631_J60_J61_#5more': 36}, {'J10': 18, 'J11': 48, 'J12': 48, 'J13': 34, 'cluster3106249630_3106249631_J60_J61_#5more': 73}, 
3735.0, {'J10': -94589.5, 'J11': -333868.5, 'J12': -19968.5, 'J13': -56599.5, 'cluster3106249630_3106249631_J60_J61_#5more': -342031.5}, {'J10': 13, 'J11': 32, 'J12': 21, 'J13': 25, 'cluster3106249630_3106249631_J60_J61_#5more': 36}, {'J10': 18, 'J11': 48, 'J12': 48, 'J13': 35, 'cluster3106249630_3106249631_J60_J61_#5more': 74}, 
3740.0, {'J10': -94769.5, 'J11': -334348.5, 'J12': -17198.0, 'J13': -56960.0, 'cluster3106249630_3106249631_J60_J61_#5more': -342781.0}, {'J10': 13, 'J11': 32, 'J12': 18, 'J13': 28, 'cluster3106249630_3106249631_J60_J61_#5more': 36}, {'J10': 18, 'J11': 48, 'J12': 42, 'J13': 38, 'cluster3106249630_3106249631_J60_J61_#5more': 76}, 
3745.0, {'J10': -94949.5, 'J11': -334828.5, 'J12': -16197.5, 'J13': -57340.0, 'cluster3106249630_3106249631_J60_J61_#5more': -343541.0}, {'J10': 13, 'J11': 32, 'J12': 17, 'J13': 28, 'cluster3106249630_3106249631_J60_J61_#5more': 36}, {'J10': 18, 'J11': 48, 'J12': 38, 'J13': 38, 'cluster3106249630_3106249631_J60_J61_#5more': 76}, 
3750.0, {'J10': -95129.5, 'J11': -335308.5, 'J12': -16353.5, 'J13': -57720.0, 'cluster3106249630_3106249631_J60_J61_#5more': -344301.0}, {'J10': 13, 'J11': 32, 'J12': 17, 'J13': 28, 'cluster3106249630_3106249631_J60_J61_#5more': 36}, {'J10': 18, 'J11': 48, 'J12': 37, 'J13': 38, 'cluster3106249630_3106249631_J60_J61_#5more': 76}, 
3755.0, {'J10': -95309.5, 'J11': -335788.5, 'J12': -16727.5, 'J13': -58100.0, 'cluster3106249630_3106249631_J60_J61_#5more': -345061.0}, {'J10': 13, 'J11': 32, 'J12': 17, 'J13': 28, 'cluster3106249630_3106249631_J60_J61_#5more': 36}, {'J10': 18, 'J11': 48, 'J12': 38, 'J13': 38, 'cluster3106249630_3106249631_J60_J61_#5more': 76}, 
3760.0, {'J10': -95489.5, 'J11': -336268.5, 'J12': -13973.5, 'J13': -58480.0, 'cluster3106249630_3106249631_J60_J61_#5more': -345821.0}, {'J10': 13, 'J11': 32, 'J12': 21, 'J13': 28, 'cluster3106249630_3106249631_J60_J61_#5more': 36}, {'J10': 18, 'J11': 48, 'J12': 38, 'J13': 38, 'cluster3106249630_3106249631_J60_J61_#5more': 76}, 
3765.0, {'J10': -95669.5, 'J11': -336748.5, 'J12': -12133.0, 'J13': -58860.0, 'cluster3106249630_3106249631_J60_J61_#5more': -346581.0}, {'J10': 13, 'J11': 32, 'J12': 21, 'J13': 28, 'cluster3106249630_3106249631_J60_J61_#5more': 36}, {'J10': 18, 'J11': 48, 'J12': 35, 'J13': 38, 'cluster3106249630_3106249631_J60_J61_#5more': 76}, 
3770.0, {'J10': -95849.5, 'J11': -337228.5, 'J12': -10408.5, 'J13': -59240.0, 'cluster3106249630_3106249631_J60_J61_#5more': -347341.0}, {'J10': 13, 'J11': 32, 'J12': 21, 'J13': 28, 'cluster3106249630_3106249631_J60_J61_#5more': 36}, {'J10': 18, 'J11': 48, 'J12': 31, 'J13': 38, 'cluster3106249630_3106249631_J60_J61_#5more': 76}, 
3775.0, {'J10': -96029.5, 'J11': -337708.5, 'J12': -9881.0, 'J13': -59620.0, 'cluster3106249630_3106249631_J60_J61_#5more': -348102.0}, {'J10': 13, 'J11': 32, 'J12': 21, 'J13': 28, 'cluster3106249630_3106249631_J60_J61_#5more': 36}, {'J10': 18, 'J11': 48, 'J12': 29, 'J13': 38, 'cluster3106249630_3106249631_J60_J61_#5more': 77}, 
3780.0, {'J10': -96209.5, 'J11': -338188.5, 'J12': -9529.0, 'J13': -56502.0, 'cluster3106249630_3106249631_J60_J61_#5more': -348873.0}, {'J10': 13, 'J11': 32, 'J12': 21, 'J13': 25, 'cluster3106249630_3106249631_J60_J61_#5more': 36}, {'J10': 18, 'J11': 48, 'J12': 27, 'J13': 34, 'cluster3106249630_3106249631_J60_J61_#5more': 78}, 
3785.0, {'J10': -96389.5, 'J11': -338668.5, 'J12': -9812.5, 'J13': -55713.0, 'cluster3106249630_3106249631_J60_J61_#5more': -349642.0}, {'J10': 13, 'J11': 32, 'J12': 21, 'J13': 24, 'cluster3106249630_3106249631_J60_J61_#5more': 36}, {'J10': 18, 'J11': 48, 'J12': 32, 'J13': 32, 'cluster3106249630_3106249631_J60_J61_#5more': 77}, 
3790.0, {'J10': -96569.5, 'J11': -339148.5, 'J12': -10158.5, 'J13': -56033.0, 'cluster3106249630_3106249631_J60_J61_#5more': -350412.0}, {'J10': 13, 'J11': 32, 'J12': 21, 'J13': 24, 'cluster3106249630_3106249631_J60_J61_#5more': 36}, {'J10': 18, 'J11': 48, 'J12': 40, 'J13': 32, 'cluster3106249630_3106249631_J60_J61_#5more': 77}, 
3795.0, {'J10': -96749.5, 'J11': -339628.5, 'J12': -10539.0, 'J13': -56353.0, 'cluster3106249630_3106249631_J60_J61_#5more': -351182.0}, {'J10': 13, 'J11': 32, 'J12': 21, 'J13': 24, 'cluster3106249630_3106249631_J60_J61_#5more': 36}, {'J10': 18, 'J11': 48, 'J12': 40, 'J13': 32, 'cluster3106249630_3106249631_J60_J61_#5more': 77}, 
3800.0, {'J10': -96929.5, 'J11': -340108.5, 'J12': -10844.5, 'J13': -56674.0, 'cluster3106249630_3106249631_J60_J61_#5more': -351952.0}, {'J10': 13, 'J11': 32, 'J12': 21, 'J13': 25, 'cluster3106249630_3106249631_J60_J61_#5more': 36}, {'J10': 18, 'J11': 48, 'J12': 37, 'J13': 33, 'cluster3106249630_3106249631_J60_J61_#5more': 77}, 
3805.0, {'J10': -97109.5, 'J11': -340588.5, 'J12': -11098.0, 'J13': -57014.0, 'cluster3106249630_3106249631_J60_J61_#5more': -352722.0}, {'J10': 13, 'J11': 32, 'J12': 21, 'J13': 28, 'cluster3106249630_3106249631_J60_J61_#5more': 36}, {'J10': 18, 'J11': 48, 'J12': 34, 'J13': 36, 'cluster3106249630_3106249631_J60_J61_#5more': 77}, 
3810.0, {'J10': -97289.5, 'J11': -341068.5, 'J12': -8584.0, 'J13': -57374.0, 'cluster3106249630_3106249631_J60_J61_#5more': -353492.0}, {'J10': 13, 'J11': 32, 'J12': 19, 'J13': 28, 'cluster3106249630_3106249631_J60_J61_#5more': 36}, {'J10': 18, 'J11': 48, 'J12': 31, 'J13': 36, 'cluster3106249630_3106249631_J60_J61_#5more': 77}, 
3815.0, {'J10': -97469.5, 'J11': -341548.5, 'J12': -7766.5, 'J13': -57734.0, 'cluster3106249630_3106249631_J60_J61_#5more': -354262.0}, {'J10': 13, 'J11': 32, 'J12': 18, 'J13': 28, 'cluster3106249630_3106249631_J60_J61_#5more': 36}, {'J10': 18, 'J11': 48, 'J12': 27, 'J13': 36, 'cluster3106249630_3106249631_J60_J61_#5more': 77}, 
3820.0, {'J10': -97649.5, 'J11': -342028.5, 'J12': -8016.5, 'J13': -58094.0, 'cluster3106249630_3106249631_J60_J61_#5more': -355032.0}, {'J10': 13, 'J11': 32, 'J12': 18, 'J13': 28, 'cluster3106249630_3106249631_J60_J61_#5more': 36}, {'J10': 18, 'J11': 48, 'J12': 27, 'J13': 36, 'cluster3106249630_3106249631_J60_J61_#5more': 77}, 
3825.0, {'J10': -97829.5, 'J11': -342508.5, 'J12': -8291.0, 'J13': -58454.0, 'cluster3106249630_3106249631_J60_J61_#5more': -355802.0}, {'J10': 13, 'J11': 32, 'J12': 18, 'J13': 28, 'cluster3106249630_3106249631_J60_J61_#5more': 36}, {'J10': 18, 'J11': 48, 'J12': 30, 'J13': 36, 'cluster3106249630_3106249631_J60_J61_#5more': 77}, 
3830.0, {'J10': -98009.5, 'J11': -342988.5, 'J12': -8609.0, 'J13': -58814.0, 'cluster3106249630_3106249631_J60_J61_#5more': -356572.0}, {'J10': 13, 'J11': 32, 'J12': 21, 'J13': 28, 'cluster3106249630_3106249631_J60_J61_#5more': 36}, {'J10': 18, 'J11': 48, 'J12': 37, 'J13': 36, 'cluster3106249630_3106249631_J60_J61_#5more': 77}, 
3835.0, {'J10': -98189.5, 'J11': -343468.5, 'J12': -8986.0, 'J13': -59174.0, 'cluster3106249630_3106249631_J60_J61_#5more': -357346.5}, {'J10': 13, 'J11': 32, 'J12': 21, 'J13': 28, 'cluster3106249630_3106249631_J60_J61_#5more': 36}, {'J10': 18, 'J11': 48, 'J12': 41, 'J13': 36, 'cluster3106249630_3106249631_J60_J61_#5more': 78}, 
3840.0, {'J10': -98369.5, 'J11': -343948.5, 'J12': -9396.0, 'J13': -59534.0, 'cluster3106249630_3106249631_J60_J61_#5more': -358126.5}, {'J10': 13, 'J11': 32, 'J12': 21, 'J13': 28, 'cluster3106249630_3106249631_J60_J61_#5more': 36}, {'J10': 18, 'J11': 48, 'J12': 41, 'J13': 36, 'cluster3106249630_3106249631_J60_J61_#5more': 78}, 
3845.0, {'J10': -98549.5, 'J11': -344428.5, 'J12': -9598.5, 'J13': -57528.5, 'cluster3106249630_3106249631_J60_J61_#5more': -358908.0}, {'J10': 13, 'J11': 32, 'J12': 21, 'J13': 26, 'cluster3106249630_3106249631_J60_J61_#5more': 36}, {'J10': 18, 'J11': 48, 'J12': 40, 'J13': 33, 'cluster3106249630_3106249631_J60_J61_#5more': 79}, 
3850.0, {'J10': -98729.5, 'J11': -344908.5, 'J12': -9838.0, 'J13': -56853.5, 'cluster3106249630_3106249631_J60_J61_#5more': -359700.5}, {'J10': 13, 'J11': 32, 'J12': 21, 'J13': 25, 'cluster3106249630_3106249631_J60_J61_#5more': 36}, {'J10': 18, 'J11': 48, 'J12': 38, 'J13': 32, 'cluster3106249630_3106249631_J60_J61_#5more': 80}, 
3855.0, {'J10': -98909.5, 'J11': -345388.5, 'J12': -10056.0, 'J13': -57173.5, 'cluster3106249630_3106249631_J60_J61_#5more': -360466.5}, {'J10': 13, 'J11': 32, 'J12': 21, 'J13': 25, 'cluster3106249630_3106249631_J60_J61_#5more': 36}, {'J10': 18, 'J11': 48, 'J12': 35, 'J13': 32, 'cluster3106249630_3106249631_J60_J61_#5more': 78}, 
3860.0, {'J10': -99089.5, 'J11': -345868.5, 'J12': -10406.0, 'J13': -57493.5, 'cluster3106249630_3106249631_J60_J61_#5more': -361246.5}, {'J10': 13, 'J11': 32, 'J12': 21, 'J13': 25, 'cluster3106249630_3106249631_J60_J61_#5more': 36}, {'J10': 18, 'J11': 48, 'J12': 35, 'J13': 32, 'cluster3106249630_3106249631_J60_J61_#5more': 78}, 
3865.0, {'J10': -99269.5, 'J11': -346348.5, 'J12': -10756.0, 'J13': -57814.0, 'cluster3106249630_3106249631_J60_J61_#5more': -362026.5}, {'J10': 13, 'J11': 32, 'J12': 21, 'J13': 26, 'cluster3106249630_3106249631_J60_J61_#5more': 36}, {'J10': 18, 'J11': 48, 'J12': 35, 'J13': 33, 'cluster3106249630_3106249631_J60_J61_#5more': 78}, 
3870.0, {'J10': -99449.5, 'J11': -346828.5, 'J12': -11106.0, 'J13': -58151.5, 'cluster3106249630_3106249631_J60_J61_#5more': -362806.5}, {'J10': 13, 'J11': 32, 'J12': 21, 'J13': 28, 'cluster3106249630_3106249631_J60_J61_#5more': 36}, {'J10': 18, 'J11': 48, 'J12': 35, 'J13': 35, 'cluster3106249630_3106249631_J60_J61_#5more': 78}, 
3875.0, {'J10': -99629.5, 'J11': -347308.5, 'J12': -11457.5, 'J13': -58501.5, 'cluster3106249630_3106249631_J60_J61_#5more': -363586.5}, {'J10': 13, 'J11': 32, 'J12': 21, 'J13': 28, 'cluster3106249630_3106249631_J60_J61_#5more': 36}, {'J10': 18, 'J11': 48, 'J12': 36, 'J13': 35, 'cluster3106249630_3106249631_J60_J61_#5more': 78}, 
3880.0, {'J10': -99809.5, 'J11': -347788.5, 'J12': -11806.0, 'J13': -58851.5, 'cluster3106249630_3106249631_J60_J61_#5more': -364366.5}, {'J10': 13, 'J11': 32, 'J12': 21, 'J13': 28, 'cluster3106249630_3106249631_J60_J61_#5more': 36}, {'J10': 18, 'J11': 48, 'J12': 35, 'J13': 35, 'cluster3106249630_3106249631_J60_J61_#5more': 78}, 
3885.0, {'J10': -99989.5, 'J11': -348268.5, 'J12': -12156.5, 'J13': -59201.5, 'cluster3106249630_3106249631_J60_J61_#5more': -365146.5}, {'J10': 13, 'J11': 32, 'J12': 21, 'J13': 28, 'cluster3106249630_3106249631_J60_J61_#5more': 36}, {'J10': 18, 'J11': 48, 'J12': 36, 'J13': 35, 'cluster3106249630_3106249631_J60_J61_#5more': 78}, 
3890.0, {'J10': -100169.5, 'J11': -348748.5, 'J12': -12520.0, 'J13': -59551.5, 'cluster3106249630_3106249631_J60_J61_#5more': -365926.5}, {'J10': 13, 'J11': 32, 'J12': 21, 'J13': 28, 'cluster3106249630_3106249631_J60_J61_#5more': 36}, {'J10': 18, 'J11': 48, 'J12': 38, 'J13': 35, 'cluster3106249630_3106249631_J60_J61_#5more': 78}, 
3895.0, {'J10': -100349.5, 'J11': -349228.5, 'J12': -12908.5, 'J13': -59901.5, 'cluster3106249630_3106249631_J60_J61_#5more': -366706.5}, {'J10': 13, 'J11': 32, 'J12': 21, 'J13': 28, 'cluster3106249630_3106249631_J60_J61_#5more': 36}, {'J10': 18, 'J11': 48, 'J12': 41, 'J13': 35, 'cluster3106249630_3106249631_J60_J61_#5more': 78}, 
3900.0, {'J10': -100529.5, 'J11': -349708.5, 'J12': -13323.0, 'J13': -60251.5, 'cluster3106249630_3106249631_J60_J61_#5more': -367491.0}, {'J10': 13, 'J11': 32, 'J12': 21, 'J13': 28, 'cluster3106249630_3106249631_J60_J61_#5more': 36}, {'J10': 18, 'J11': 48, 'J12': 42, 'J13': 35, 'cluster3106249630_3106249631_J60_J61_#5more': 79}, 
3905.0, {'J10': -100709.5, 'J11': -350188.5, 'J12': -13743.0, 'J13': -60601.5, 'cluster3106249630_3106249631_J60_J61_#5more': -368281.0}, {'J10': 13, 'J11': 32, 'J12': 21, 'J13': 28, 'cluster3106249630_3106249631_J60_J61_#5more': 36}, {'J10': 18, 'J11': 48, 'J12': 42, 'J13': 35, 'cluster3106249630_3106249631_J60_J61_#5more': 79}, 
3910.0, {'J10': -100889.5, 'J11': -350668.5, 'J12': -14163.0, 'J13': -58699.0, 'cluster3106249630_3106249631_J60_J61_#5more': -369072.5}, {'J10': 13, 'J11': 32, 'J12': 21, 'J13': 26, 'cluster3106249630_3106249631_J60_J61_#5more': 36}, {'J10': 18, 'J11': 48, 'J12': 42, 'J13': 33, 'cluster3106249630_3106249631_J60_J61_#5more': 80}, 
3915.0, {'J10': -101069.5, 'J11': -351148.5, 'J12': -14583.0, 'J13': -59029.0, 'cluster3106249630_3106249631_J60_J61_#5more': -369861.0}, {'J10': 13, 'J11': 32, 'J12': 21, 'J13': 26, 'cluster3106249630_3106249631_J60_J61_#5more': 36}, {'J10': 18, 'J11': 48, 'J12': 42, 'J13': 33, 'cluster3106249630_3106249631_J60_J61_#5more': 79}, 
3920.0, {'J10': -101249.5, 'J11': -351628.5, 'J12': -14932.5, 'J13': -59359.0, 'cluster3106249630_3106249631_J60_J61_#5more': -370651.0}, {'J10': 13, 'J11': 32, 'J12': 21, 'J13': 26, 'cluster3106249630_3106249631_J60_J61_#5more': 36}, {'J10': 18, 'J11': 48, 'J12': 41, 'J13': 33, 'cluster3106249630_3106249631_J60_J61_#5more': 79}, 
3925.0, {'J10': -101429.5, 'J11': -352108.5, 'J12': -15135.0, 'J13': -59689.0, 'cluster3106249630_3106249631_J60_J61_#5more': -371441.0}, {'J10': 13, 'J11': 32, 'J12': 21, 'J13': 26, 'cluster3106249630_3106249631_J60_J61_#5more': 36}, {'J10': 18, 'J11': 48, 'J12': 38, 'J13': 33, 'cluster3106249630_3106249631_J60_J61_#5more': 79}, 
3930.0, {'J10': -101609.5, 'J11': -352588.5, 'J12': -15306.0, 'J13': -60019.0, 'cluster3106249630_3106249631_J60_J61_#5more': -372231.0}, {'J10': 13, 'J11': 32, 'J12': 21, 'J13': 26, 'cluster3106249630_3106249631_J60_J61_#5more': 36}, {'J10': 18, 'J11': 48, 'J12': 35, 'J13': 33, 'cluster3106249630_3106249631_J60_J61_#5more': 79}, 
3935.0, {'J10': -101789.5, 'J11': -353068.5, 'J12': -15660.5, 'J13': -60357.0, 'cluster3106249630_3106249631_J60_J61_#5more': -373021.0}, {'J10': 13, 'J11': 32, 'J12': 21, 'J13': 28, 'cluster3106249630_3106249631_J60_J61_#5more': 36}, {'J10': 18, 'J11': 48, 'J12': 37, 'J13': 35, 'cluster3106249630_3106249631_J60_J61_#5more': 79}, 
3940.0, {'J10': -101969.5, 'J11': -353548.5, 'J12': -16038.0, 'J13': -60707.0, 'cluster3106249630_3106249631_J60_J61_#5more': -373811.0}, {'J10': 13, 'J11': 32, 'J12': 21, 'J13': 28, 'cluster3106249630_3106249631_J60_J61_#5more': 36}, {'J10': 18, 'J11': 48, 'J12': 40, 'J13': 35, 'cluster3106249630_3106249631_J60_J61_#5more': 79}, 
3945.0, {'J10': -102149.5, 'J11': -354028.5, 'J12': -15978.5, 'J13': -61057.0, 'cluster3106249630_3106249631_J60_J61_#5more': -374601.0}, {'J10': 13, 'J11': 32, 'J12': 21, 'J13': 28, 'cluster3106249630_3106249631_J60_J61_#5more': 36}, {'J10': 18, 'J11': 48, 'J12': 39, 'J13': 35, 'cluster3106249630_3106249631_J60_J61_#5more': 79}, 
3950.0, {'J10': -102329.5, 'J11': -354508.5, 'J12': -16100.5, 'J13': -61407.0, 'cluster3106249630_3106249631_J60_J61_#5more': -375391.0}, {'J10': 13, 'J11': 32, 'J12': 21, 'J13': 28, 'cluster3106249630_3106249631_J60_J61_#5more': 36}, {'J10': 18, 'J11': 48, 'J12': 37, 'J13': 35, 'cluster3106249630_3106249631_J60_J61_#5more': 79}, 
3955.0, {'J10': -102509.5, 'J11': -354988.5, 'J12': -15910.0, 'J13': -61757.0, 'cluster3106249630_3106249631_J60_J61_#5more': -376181.0}, {'J10': 13, 'J11': 32, 'J12': 21, 'J13': 28, 'cluster3106249630_3106249631_J60_J61_#5more': 36}, {'J10': 18, 'J11': 48, 'J12': 33, 'J13': 35, 'cluster3106249630_3106249631_J60_J61_#5more': 79}, 
3960.0, {'J10': -102689.5, 'J11': -355468.5, 'J12': -15668.0, 'J13': -62107.0, 'cluster3106249630_3106249631_J60_J61_#5more': -376971.0}, {'J10': 13, 'J11': 32, 'J12': 21, 'J13': 28, 'cluster3106249630_3106249631_J60_J61_#5more': 36}, {'J10': 18, 'J11': 48, 'J12': 29, 'J13': 35, 'cluster3106249630_3106249631_J60_J61_#5more': 79}, 
3965.0, {'J10': -102869.5, 'J11': -355948.5, 'J12': -15962.5, 'J13': -62457.0, 'cluster3106249630_3106249631_J60_J61_#5more': -377761.0}, {'J10': 13, 'J11': 32, 'J12': 21, 'J13': 28, 'cluster3106249630_3106249631_J60_J61_#5more': 36}, {'J10': 18, 'J11': 48, 'J12': 31, 'J13': 35, 'cluster3106249630_3106249631_J60_J61_#5more': 79}, 
3970.0, {'J10': -103049.5, 'J11': -356428.5, 'J12': -16282.0, 'J13': -62807.0, 'cluster3106249630_3106249631_J60_J61_#5more': -378551.0}, {'J10': 13, 'J11': 32, 'J12': 21, 'J13': 28, 'cluster3106249630_3106249631_J60_J61_#5more': 36}, {'J10': 18, 'J11': 48, 'J12': 34, 'J13': 35, 'cluster3106249630_3106249631_J60_J61_#5more': 79}, 
3975.0, {'J10': -103229.5, 'J11': -356908.5, 'J12': -16627.5, 'J13': -60779.0, 'cluster3106249630_3106249631_J60_J61_#5more': -379341.0}, {'J10': 13, 'J11': 32, 'J12': 21, 'J13': 26, 'cluster3106249630_3106249631_J60_J61_#5more': 36}, {'J10': 18, 'J11': 48, 'J12': 35, 'J13': 33, 'cluster3106249630_3106249631_J60_J61_#5more': 79}, 
3980.0, {'J10': -103409.5, 'J11': -357388.5, 'J12': -16980.0, 'J13': -58835.5, 'cluster3106249630_3106249631_J60_J61_#5more': -378570.5}, {'J10': 13, 'J11': 32, 'J12': 21, 'J13': 24, 'cluster3106249630_3106249631_J60_J61_#5more': 36}, {'J10': 18, 'J11': 48, 'J12': 36, 'J13': 31, 'cluster3106249630_3106249631_J60_J61_#5more': 76}, 
3985.0, {'J10': -103589.5, 'J11': -357868.5, 'J12': -17349.5, 'J13': -59145.5, 'cluster3106249630_3106249631_J60_J61_#5more': -378836.0}, {'J10': 13, 'J11': 32, 'J12': 21, 'J13': 24, 'cluster3106249630_3106249631_J60_J61_#5more': 36}, {'J10': 18, 'J11': 48, 'J12': 39, 'J13': 31, 'cluster3106249630_3106249631_J60_J61_#5more': 75}, 
3990.0, {'J10': -103769.5, 'J11': -358348.5, 'J12': -17748.5, 'J13': -59455.5, 'cluster3106249630_3106249631_J60_J61_#5more': -379586.0}, {'J10': 13, 'J11': 32, 'J12': 21, 'J13': 24, 'cluster3106249630_3106249631_J60_J61_#5more': 36}, {'J10': 18, 'J11': 48, 'J12': 42, 'J13': 31, 'cluster3106249630_3106249631_J60_J61_#5more': 75}, 
3995.0, {'J10': -103949.5, 'J11': -358828.5, 'J12': -18174.5, 'J13': -59766.5, 'cluster3106249630_3106249631_J60_J61_#5more': -380336.0}, {'J10': 13, 'J11': 32, 'J12': 21, 'J13': 25, 'cluster3106249630_3106249631_J60_J61_#5more': 36}, {'J10': 18, 'J11': 48, 'J12': 43, 'J13': 32, 'cluster3106249630_3106249631_J60_J61_#5more': 75}, 
4000.0, {'J10': -104129.5, 'J11': -359308.5, 'J12': -18417.0, 'J13': -60095.5, 'cluster3106249630_3106249631_J60_J61_#5more': -381086.0}, {'J10': 13, 'J11': 32, 'J12': 21, 'J13': 28, 'cluster3106249630_3106249631_J60_J61_#5more': 36}, {'J10': 18, 'J11': 48, 'J12': 41, 'J13': 35, 'cluster3106249630_3106249631_J60_J61_#5more': 75}, 
4005.0, {'J10': -104309.5, 'J11': -359788.5, 'J12': -18745.5, 'J13': -60445.5, 'cluster3106249630_3106249631_J60_J61_#5more': -381836.0}, {'J10': 13, 'J11': 32, 'J12': 21, 'J13': 28, 'cluster3106249630_3106249631_J60_J61_#5more': 36}, {'J10': 18, 'J11': 48, 'J12': 40, 'J13': 35, 'cluster3106249630_3106249631_J60_J61_#5more': 75}, 
4010.0, {'J10': -104489.5, 'J11': -360268.5, 'J12': -19060.5, 'J13': -60795.5, 'cluster3106249630_3106249631_J60_J61_#5more': -382586.0}, {'J10': 13, 'J11': 32, 'J12': 21, 'J13': 28, 'cluster3106249630_3106249631_J60_J61_#5more': 36}, {'J10': 18, 'J11': 48, 'J12': 39, 'J13': 35, 'cluster3106249630_3106249631_J60_J61_#5more': 75}, 
4015.0, {'J10': -104669.5, 'J11': -360748.5, 'J12': -19266.0, 'J13': -61145.5, 'cluster3106249630_3106249631_J60_J61_#5more': -383336.0}, {'J10': 13, 'J11': 32, 'J12': 21, 'J13': 28, 'cluster3106249630_3106249631_J60_J61_#5more': 36}, {'J10': 18, 'J11': 48, 'J12': 37, 'J13': 35, 'cluster3106249630_3106249631_J60_J61_#5more': 75}, 
4020.0, {'J10': -104849.5, 'J11': -361228.5, 'J12': -19641.0, 'J13': -61495.5, 'cluster3106249630_3106249631_J60_J61_#5more': -384086.0}, {'J10': 13, 'J11': 32, 'J12': 21, 'J13': 28, 'cluster3106249630_3106249631_J60_J61_#5more': 36}, {'J10': 18, 'J11': 48, 'J12': 39, 'J13': 35, 'cluster3106249630_3106249631_J60_J61_#5more': 75}, 
4025.0, {'J10': -105029.5, 'J11': -361708.5, 'J12': -20041.0, 'J13': -61845.5, 'cluster3106249630_3106249631_J60_J61_#5more': -384836.0}, {'J10': 13, 'J11': 32, 'J12': 21, 'J13': 28, 'cluster3106249630_3106249631_J60_J61_#5more': 36}, {'J10': 18, 'J11': 48, 'J12': 42, 'J13': 35, 'cluster3106249630_3106249631_J60_J61_#5more': 75}, 
4030.0, {'J10': -105209.5, 'J11': -362188.5, 'J12': -20466.5, 'J13': -62195.5, 'cluster3106249630_3106249631_J60_J61_#5more': -385586.0}, {'J10': 13, 'J11': 32, 'J12': 21, 'J13': 28, 'cluster3106249630_3106249631_J60_J61_#5more': 36}, {'J10': 18, 'J11': 48, 'J12': 43, 'J13': 35, 'cluster3106249630_3106249631_J60_J61_#5more': 75}, 
4035.0, {'J10': -105389.5, 'J11': -362668.5, 'J12': -20896.5, 'J13': -62545.5, 'cluster3106249630_3106249631_J60_J61_#5more': -386336.0}, {'J10': 13, 'J11': 32, 'J12': 21, 'J13': 28, 'cluster3106249630_3106249631_J60_J61_#5more': 36}, {'J10': 18, 'J11': 48, 'J12': 43, 'J13': 35, 'cluster3106249630_3106249631_J60_J61_#5more': 75}, 
4040.0, {'J10': -105569.5, 'J11': -363148.5, 'J12': -21326.5, 'J13': -60518.0, 'cluster3106249630_3106249631_J60_J61_#5more': -381103.5}, {'J10': 13, 'J11': 32, 'J12': 21, 'J13': 26, 'cluster3106249630_3106249631_J60_J61_#5more': 36}, {'J10': 18, 'J11': 48, 'J12': 43, 'J13': 33, 'cluster3106249630_3106249631_J60_J61_#5more': 73}, 
4045.0, {'J10': -105749.5, 'J11': -363628.5, 'J12': -21756.5, 'J13': -59855.5, 'cluster3106249630_3106249631_J60_J61_#5more': -381833.5}, {'J10': 13, 'J11': 32, 'J12': 21, 'J13': 25, 'cluster3106249630_3106249631_J60_J61_#5more': 36}, {'J10': 18, 'J11': 48, 'J12': 43, 'J13': 32, 'cluster3106249630_3106249631_J60_J61_#5more': 73}, 
4050.0, {'J10': -105929.5, 'J11': -364108.5, 'J12': -22186.5, 'J13': -60175.5, 'cluster3106249630_3106249631_J60_J61_#5more': -382563.5}, {'J10': 13, 'J11': 32, 'J12': 21, 'J13': 25, 'cluster3106249630_3106249631_J60_J61_#5more': 36}, {'J10': 18, 'J11': 48, 'J12': 43, 'J13': 32, 'cluster3106249630_3106249631_J60_J61_#5more': 73}, 
4055.0, {'J10': -106109.5, 'J11': -364588.5, 'J12': -22616.5, 'J13': -60495.5, 'cluster3106249630_3106249631_J60_J61_#5more': -383293.5}, {'J10': 13, 'J11': 32, 'J12': 21, 'J13': 25, 'cluster3106249630_3106249631_J60_J61_#5more': 36}, {'J10': 18, 'J11': 48, 'J12': 43, 'J13': 32, 'cluster3106249630_3106249631_J60_J61_#5more': 73}, 
4060.0, {'J10': -106289.5, 'J11': -365068.5, 'J12': -22708.5, 'J13': -60816.0, 'cluster3106249630_3106249631_J60_J61_#5more': -384023.5}, {'J10': 13, 'J11': 32, 'J12': 21, 'J13': 26, 'cluster3106249630_3106249631_J60_J61_#5more': 36}, {'J10': 18, 'J11': 48, 'J12': 41, 'J13': 33, 'cluster3106249630_3106249631_J60_J61_#5more': 73}, 
4065.0, {'J10': -106469.5, 'J11': -365548.5, 'J12': -22605.5, 'J13': -61153.5, 'cluster3106249630_3106249631_J60_J61_#5more': -384753.5}, {'J10': 13, 'J11': 32, 'J12': 21, 'J13': 28, 'cluster3106249630_3106249631_J60_J61_#5more': 36}, {'J10': 18, 'J11': 48, 'J12': 37, 'J13': 35, 'cluster3106249630_3106249631_J60_J61_#5more': 73}, 
4070.0, {'J10': -106649.5, 'J11': -366028.5, 'J12': -22709.5, 'J13': -61503.5, 'cluster3106249630_3106249631_J60_J61_#5more': -385483.5}, {'J10': 13, 'J11': 32, 'J12': 21, 'J13': 28, 'cluster3106249630_3106249631_J60_J61_#5more': 36}, {'J10': 18, 'J11': 48, 'J12': 35, 'J13': 35, 'cluster3106249630_3106249631_J60_J61_#5more': 73}, 
4075.0, {'J10': -106829.5, 'J11': -366508.5, 'J12': -22609.5, 'J13': -61853.5, 'cluster3106249630_3106249631_J60_J61_#5more': -386213.5}, {'J10': 13, 'J11': 32, 'J12': 21, 'J13': 28, 'cluster3106249630_3106249631_J60_J61_#5more': 36}, {'J10': 18, 'J11': 48, 'J12': 32, 'J13': 35, 'cluster3106249630_3106249631_J60_J61_#5more': 73}, 
4080.0, {'J10': -107009.5, 'J11': -366988.5, 'J12': -22353.5, 'J13': -62203.5, 'cluster3106249630_3106249631_J60_J61_#5more': -386943.5}, {'J10': 13, 'J11': 32, 'J12': 21, 'J13': 28, 'cluster3106249630_3106249631_J60_J61_#5more': 36}, {'J10': 18, 'J11': 48, 'J12': 28, 'J13': 35, 'cluster3106249630_3106249631_J60_J61_#5more': 73}, 
4085.0, {'J10': -107189.5, 'J11': -367468.5, 'J12': -22633.5, 'J13': -62553.5, 'cluster3106249630_3106249631_J60_J61_#5more': -387673.5}, {'J10': 13, 'J11': 32, 'J12': 21, 'J13': 28, 'cluster3106249630_3106249631_J60_J61_#5more': 36}, {'J10': 18, 'J11': 48, 'J12': 28, 'J13': 35, 'cluster3106249630_3106249631_J60_J61_#5more': 73}, 
4090.0, {'J10': -107369.5, 'J11': -367948.5, 'J12': -20166.0, 'J13': -62903.5, 'cluster3106249630_3106249631_J60_J61_#5more': -388409.5}, {'J10': 13, 'J11': 32, 'J12': 20, 'J13': 28, 'cluster3106249630_3106249631_J60_J61_#5more': 36}, {'J10': 18, 'J11': 48, 'J12': 27, 'J13': 35, 'cluster3106249630_3106249631_J60_J61_#5more': 75}, 
4095.0, {'J10': -107549.5, 'J11': -368428.5, 'J12': -20442.5, 'J13': -63253.5, 'cluster3106249630_3106249631_J60_J61_#5more': -389159.5}, {'J10': 13, 'J11': 32, 'J12': 20, 'J13': 28, 'cluster3106249630_3106249631_J60_J61_#5more': 36}, {'J10': 18, 'J11': 48, 'J12': 31, 'J13': 35, 'cluster3106249630_3106249631_J60_J61_#5more': 75}, 
4100.0, {'J10': -107729.5, 'J11': -368908.5, 'J12': -20684.0, 'J13': -63603.5, 'cluster3106249630_3106249631_J60_J61_#5more': -389909.5}, {'J10': 13, 'J11': 32, 'J12': 21, 'J13': 28, 'cluster3106249630_3106249631_J60_J61_#5more': 36}, {'J10': 18, 'J11': 48, 'J12': 28, 'J13': 35, 'cluster3106249630_3106249631_J60_J61_#5more': 75}, 
4105.0, {'J10': -107909.5, 'J11': -369388.5, 'J12': -20974.5, 'J13': -61450.0, 'cluster3106249630_3106249631_J60_J61_#5more': -384793.5}, {'J10': 13, 'J11': 32, 'J12': 21, 'J13': 26, 'cluster3106249630_3106249631_J60_J61_#5more': 36}, {'J10': 18, 'J11': 48, 'J12': 32, 'J13': 33, 'cluster3106249630_3106249631_J60_J61_#5more': 73}, 
4110.0, {'J10': -108089.5, 'J11': -369868.5, 'J12': -21248.0, 'J13': -59640.5, 'cluster3106249630_3106249631_J60_J61_#5more': -385523.5}, {'J10': 13, 'J11': 32, 'J12': 21, 'J13': 24, 'cluster3106249630_3106249631_J60_J61_#5more': 36}, {'J10': 18, 'J11': 48, 'J12': 30, 'J13': 31, 'cluster3106249630_3106249631_J60_J61_#5more': 73}, 
4115.0, {'J10': -108269.5, 'J11': -370348.5, 'J12': -17529.5, 'J13': -59950.5, 'cluster3106249630_3106249631_J60_J61_#5more': -386253.5}, {'J10': 13, 'J11': 32, 'J12': 19, 'J13': 24, 'cluster3106249630_3106249631_J60_J61_#5more': 36}, {'J10': 18, 'J11': 48, 'J12': 28, 'J13': 31, 'cluster3106249630_3106249631_J60_J61_#5more': 73}, 
4120.0, {'J10': -108449.5, 'J11': -370828.5, 'J12': -17798.0, 'J13': -60260.5, 'cluster3106249630_3106249631_J60_J61_#5more': -386983.5}, {'J10': 13, 'J11': 32, 'J12': 19, 'J13': 24, 'cluster3106249630_3106249631_J60_J61_#5more': 36}, {'J10': 18, 'J11': 48, 'J12': 28, 'J13': 31, 'cluster3106249630_3106249631_J60_J61_#5more': 73}, 
4125.0, {'J10': -108629.5, 'J11': -371308.5, 'J12': -14377.5, 'J13': -60570.5, 'cluster3106249630_3106249631_J60_J61_#5more': -387713.5}, {'J10': 13, 'J11': 32, 'J12': 17, 'J13': 24, 'cluster3106249630_3106249631_J60_J61_#5more': 36}, {'J10': 18, 'J11': 48, 'J12': 24, 'J13': 31, 'cluster3106249630_3106249631_J60_J61_#5more': 73}, 
4130.0, {'J10': -108809.5, 'J11': -371788.5, 'J12': -9397.0, 'J13': -60890.0, 'cluster3106249630_3106249631_J60_J61_#5more': -388443.5}, {'J10': 13, 'J11': 32, 'J12': 13, 'J13': 27, 'cluster3106249630_3106249631_J60_J61_#5more': 36}, {'J10': 18, 'J11': 48, 'J12': 17, 'J13': 34, 'cluster3106249630_3106249631_J60_J61_#5more': 73}, 
4135.0, {'J10': -108989.5, 'J11': -372268.5, 'J12': -7778.5, 'J13': -61234.0, 'cluster3106249630_3106249631_J60_J61_#5more': -389173.5}, {'J10': 13, 'J11': 32, 'J12': 11, 'J13': 28, 'cluster3106249630_3106249631_J60_J61_#5more': 36}, {'J10': 18, 'J11': 48, 'J12': 16, 'J13': 35, 'cluster3106249630_3106249631_J60_J61_#5more': 73}, 
4140.0, {'J10': -109169.5, 'J11': -372748.5, 'J12': -7927.0, 'J13': -61584.0, 'cluster3106249630_3106249631_J60_J61_#5more': -389903.5}, {'J10': 13, 'J11': 32, 'J12': 11, 'J13': 28, 'cluster3106249630_3106249631_J60_J61_#5more': 36}, {'J10': 18, 'J11': 48, 'J12': 15, 'J13': 35, 'cluster3106249630_3106249631_J60_J61_#5more': 73}, 
4145.0, {'J10': -109349.5, 'J11': -373228.5, 'J12': -8085.5, 'J13': -61934.0, 'cluster3106249630_3106249631_J60_J61_#5more': -390633.5}, {'J10': 13, 'J11': 32, 'J12': 14, 'J13': 28, 'cluster3106249630_3106249631_J60_J61_#5more': 36}, {'J10': 18, 'J11': 48, 'J12': 19, 'J13': 35, 'cluster3106249630_3106249631_J60_J61_#5more': 73}, 
4150.0, {'J10': -109529.5, 'J11': -373708.5, 'J12': -7359.5, 'J13': -62284.0, 'cluster3106249630_3106249631_J60_J61_#5more': -391363.5}, {'J10': 13, 'J11': 32, 'J12': 19, 'J13': 28, 'cluster3106249630_3106249631_J60_J61_#5more': 36}, {'J10': 18, 'J11': 48, 'J12': 23, 'J13': 35, 'cluster3106249630_3106249631_J60_J61_#5more': 73}, 
4155.0, {'J10': -109709.5, 'J11': -374188.5, 'J12': -6796.0, 'J13': -62634.0, 'cluster3106249630_3106249631_J60_J61_#5more': -392095.5}, {'J10': 13, 'J11': 32, 'J12': 18, 'J13': 28, 'cluster3106249630_3106249631_J60_J61_#5more': 36}, {'J10': 18, 'J11': 48, 'J12': 23, 'J13': 35, 'cluster3106249630_3106249631_J60_J61_#5more': 74}, 
4160.0, {'J10': -109889.5, 'J11': -374668.5, 'J12': -7026.5, 'J13': -62984.0, 'cluster3106249630_3106249631_J60_J61_#5more': -392835.5}, {'J10': 13, 'J11': 32, 'J12': 18, 'J13': 28, 'cluster3106249630_3106249631_J60_J61_#5more': 36}, {'J10': 18, 'J11': 48, 'J12': 24, 'J13': 35, 'cluster3106249630_3106249631_J60_J61_#5more': 74}, 
4165.0, {'J10': -110069.5, 'J11': -375148.5, 'J12': -7240.0, 'J13': -63334.0, 'cluster3106249630_3106249631_J60_J61_#5more': -393581.0}, {'J10': 13, 'J11': 32, 'J12': 19, 'J13': 28, 'cluster3106249630_3106249631_J60_J61_#5more': 36}, {'J10': 18, 'J11': 48, 'J12': 23, 'J13': 35, 'cluster3106249630_3106249631_J60_J61_#5more': 76}, 
4170.0, {'J10': -110249.5, 'J11': -375628.5, 'J12': -5441.0, 'J13': -61560.5, 'cluster3106249630_3106249631_J60_J61_#5more': -394341.0}, {'J10': 13, 'J11': 32, 'J12': 17, 'J13': 26, 'cluster3106249630_3106249631_J60_J61_#5more': 36}, {'J10': 18, 'J11': 48, 'J12': 20, 'J13': 33, 'cluster3106249630_3106249631_J60_J61_#5more': 76}, 
4175.0, {'J10': -110429.5, 'J11': -376108.5, 'J12': -5629.5, 'J13': -59875.5, 'cluster3106249630_3106249631_J60_J61_#5more': -395105.5}, {'J10': 13, 'J11': 32, 'J12': 17, 'J13': 24, 'cluster3106249630_3106249631_J60_J61_#5more': 36}, {'J10': 18, 'J11': 48, 'J12': 19, 'J13': 31, 'cluster3106249630_3106249631_J60_J61_#5more': 77}, 
4180.0, {'J10': -110609.5, 'J11': -376588.5, 'J12': -3291.0, 'J13': -60185.5, 'cluster3106249630_3106249631_J60_J61_#5more': -395876.0}, {'J10': 13, 'J11': 32, 'J12': 15, 'J13': 24, 'cluster3106249630_3106249631_J60_J61_#5more': 36}, {'J10': 18, 'J11': 48, 'J12': 17, 'J13': 31, 'cluster3106249630_3106249631_J60_J61_#5more': 78}, 
4185.0, {'J10': -110789.5, 'J11': -377068.5, 'J12': -931.0, 'J13': -60495.5, 'cluster3106249630_3106249631_J60_J61_#5more': -396656.0}, {'J10': 13, 'J11': 32, 'J12': 10, 'J13': 24, 'cluster3106249630_3106249631_J60_J61_#5more': 36}, {'J10': 18, 'J11': 48, 'J12': 12, 'J13': 31, 'cluster3106249630_3106249631_J60_J61_#5more': 78}, 
4190.0, {'J10': -110969.5, 'J11': -377548.5, 'J12': -698.5, 'J13': -60805.5, 'cluster3106249630_3106249631_J60_J61_#5more': -397436.0}, {'J10': 13, 'J11': 32, 'J12': 6, 'J13': 24, 'cluster3106249630_3106249631_J60_J61_#5more': 36}, {'J10': 18, 'J11': 48, 'J12': 8, 'J13': 31, 'cluster3106249630_3106249631_J60_J61_#5more': 78}, 
4195.0, {'J10': -111149.5, 'J11': -378028.5, 'J12': -523.5, 'J13': -61125.5, 'cluster3106249630_3106249631_J60_J61_#5more': -398218.0}, {'J10': 13, 'J11': 32, 'J12': 5, 'J13': 27, 'cluster3106249630_3106249631_J60_J61_#5more': 36}, {'J10': 18, 'J11': 48, 'J12': 7, 'J13': 34, 'cluster3106249630_3106249631_J60_J61_#5more': 79}, 
4200.0, {'J10': -111329.5, 'J11': -378508.5, 'J12': -217.5, 'J13': -61469.0, 'cluster3106249630_3106249631_J60_J61_#5more': -399008.0}, {'J10': 13, 'J11': 32, 'J12': 3, 'J13': 28, 'cluster3106249630_3106249631_J60_J61_#5more': 36}, {'J10': 18, 'J11': 48, 'J12': 3, 'J13': 35, 'cluster3106249630_3106249631_J60_J61_#5more': 79}, 
4205.0, {'J10': -111509.5, 'J11': -378988.5, 'J12': 0, 'J13': -61819.0, 'cluster3106249630_3106249631_J60_J61_#5more': -399798.0}, {'J10': 13, 'J11': 32, 'J12': 0, 'J13': 28, 'cluster3106249630_3106249631_J60_J61_#5more': 36}, {'J10': 18, 'J11': 48, 'J12': 0, 'J13': 35, 'cluster3106249630_3106249631_J60_J61_#5more': 79}, 
4210.0, {'J10': -111689.5, 'J11': -379468.5, 'J12': -1.0, 'J13': -62169.0, 'cluster3106249630_3106249631_J60_J61_#5more': -400588.0}, {'J10': 13, 'J11': 32, 'J12': 1, 'J13': 28, 'cluster3106249630_3106249631_J60_J61_#5more': 36}, {'J10': 18, 'J11': 48, 'J12': 1, 'J13': 35, 'cluster3106249630_3106249631_J60_J61_#5more': 79}, 
4215.0, {'J10': -111869.5, 'J11': -379948.5, 'J12': -1.0, 'J13': -62519.0, 'cluster3106249630_3106249631_J60_J61_#5more': -401378.0}, {'J10': 13, 'J11': 32, 'J12': 1, 'J13': 28, 'cluster3106249630_3106249631_J60_J61_#5more': 36}, {'J10': 18, 'J11': 48, 'J12': 1, 'J13': 35, 'cluster3106249630_3106249631_J60_J61_#5more': 79}, 
4220.0, {'J10': -112049.5, 'J11': -380428.5, 'J12': 0, 'J13': -62869.0, 'cluster3106249630_3106249631_J60_J61_#5more': -402168.0}, {'J10': 13, 'J11': 32, 'J12': 0, 'J13': 28, 'cluster3106249630_3106249631_J60_J61_#5more': 36}, {'J10': 18, 'J11': 48, 'J12': 0, 'J13': 35, 'cluster3106249630_3106249631_J60_J61_#5more': 79}, 
4225.0, {'J10': -112229.5, 'J11': -380908.5, 'J12': 0, 'J13': -63219.0, 'cluster3106249630_3106249631_J60_J61_#5more': -402958.0}, {'J10': 13, 'J11': 32, 'J12': 0, 'J13': 28, 'cluster3106249630_3106249631_J60_J61_#5more': 36}, {'J10': 18, 'J11': 48, 'J12': 0, 'J13': 35, 'cluster3106249630_3106249631_J60_J61_#5more': 79}, 
4230.0, {'J10': -112409.5, 'J11': -381388.5, 'J12': 0, 'J13': -63569.0, 'cluster3106249630_3106249631_J60_J61_#5more': -403748.0}, {'J10': 13, 'J11': 32, 'J12': 0, 'J13': 28, 'cluster3106249630_3106249631_J60_J61_#5more': 36}, {'J10': 18, 'J11': 48, 'J12': 0, 'J13': 35, 'cluster3106249630_3106249631_J60_J61_#5more': 79}, 
4235.0, {'J10': -112589.5, 'J11': -381868.5, 'J12': -0.5, 'J13': -61916.5, 'cluster3106249630_3106249631_J60_J61_#5more': -404538.0}, {'J10': 13, 'J11': 32, 'J12': 1, 'J13': 26, 'cluster3106249630_3106249631_J60_J61_#5more': 36}, {'J10': 18, 'J11': 48, 'J12': 1, 'J13': 33, 'cluster3106249630_3106249631_J60_J61_#5more': 79}, 
4240.0, {'J10': -112769.5, 'J11': -382348.5, 'J12': -10.5, 'J13': -60231.5, 'cluster3106249630_3106249631_J60_J61_#5more': -405328.0}, {'J10': 13, 'J11': 32, 'J12': 1, 'J13': 24, 'cluster3106249630_3106249631_J60_J61_#5more': 36}, {'J10': 18, 'J11': 48, 'J12': 1, 'J13': 31, 'cluster3106249630_3106249631_J60_J61_#5more': 79}, 
4245.0, {'J10': -112949.5, 'J11': -382828.5, 'J12': -20.5, 'J13': -60541.5, 'cluster3106249630_3106249631_J60_J61_#5more': -406118.0}, {'J10': 13, 'J11': 32, 'J12': 1, 'J13': 24, 'cluster3106249630_3106249631_J60_J61_#5more': 36}, {'J10': 18, 'J11': 48, 'J12': 1, 'J13': 31, 'cluster3106249630_3106249631_J60_J61_#5more': 79}, 
4250.0, {'J10': -113129.5, 'J11': -383308.5, 'J12': -33.5, 'J13': -60851.5, 'cluster3106249630_3106249631_J60_J61_#5more': -406908.0}, {'J10': 13, 'J11': 32, 'J12': 3, 'J13': 24, 'cluster3106249630_3106249631_J60_J61_#5more': 36}, {'J10': 18, 'J11': 48, 'J12': 3, 'J13': 31, 'cluster3106249630_3106249631_J60_J61_#5more': 79}, 
4255.0, {'J10': -113309.5, 'J11': -383788.5, 'J12': -83.5, 'J13': -61161.5, 'cluster3106249630_3106249631_J60_J61_#5more': -407698.0}, {'J10': 13, 'J11': 32, 'J12': 10, 'J13': 24, 'cluster3106249630_3106249631_J60_J61_#5more': 36}, {'J10': 18, 'J11': 48, 'J12': 10, 'J13': 31, 'cluster3106249630_3106249631_J60_J61_#5more': 79}, 
4260.0, {'J10': -113489.5, 'J11': -384268.5, 'J12': -209.0, 'J13': -61481.5, 'cluster3106249630_3106249631_J60_J61_#5more': -408488.0}, {'J10': 13, 'J11': 32, 'J12': 18, 'J13': 27, 'cluster3106249630_3106249631_J60_J61_#5more': 36}, {'J10': 18, 'J11': 48, 'J12': 19, 'J13': 34, 'cluster3106249630_3106249631_J60_J61_#5more': 79}, 
4265.0, {'J10': -113669.5, 'J11': -384748.5, 'J12': -386.0, 'J13': -61826.5, 'cluster3106249630_3106249631_J60_J61_#5more': -409278.0}, {'J10': 13, 'J11': 32, 'J12': 18, 'J13': 28, 'cluster3106249630_3106249631_J60_J61_#5more': 36}, {'J10': 18, 'J11': 48, 'J12': 18, 'J13': 35, 'cluster3106249630_3106249631_J60_J61_#5more': 79}, 
4270.0, {'J10': -113849.5, 'J11': -385228.5, 'J12': -453.5, 'J13': -62176.5, 'cluster3106249630_3106249631_J60_J61_#5more': -410068.0}, {'J10': 13, 'J11': 32, 'J12': 16, 'J13': 28, 'cluster3106249630_3106249631_J60_J61_#5more': 36}, {'J10': 18, 'J11': 48, 'J12': 16, 'J13': 35, 'cluster3106249630_3106249631_J60_J61_#5more': 79}, 
4275.0, {'J10': -114029.5, 'J11': -385708.5, 'J12': -613.5, 'J13': -62526.5, 'cluster3106249630_3106249631_J60_J61_#5more': -410858.0}, {'J10': 13, 'J11': 32, 'J12': 16, 'J13': 28, 'cluster3106249630_3106249631_J60_J61_#5more': 36}, {'J10': 18, 'J11': 48, 'J12': 16, 'J13': 35, 'cluster3106249630_3106249631_J60_J61_#5more': 79}, 
4280.0, {'J10': -114209.5, 'J11': -386188.5, 'J12': -658.0, 'J13': -62876.5, 'cluster3106249630_3106249631_J60_J61_#5more': -405921.5}, {'J10': 13, 'J11': 32, 'J12': 14, 'J13': 28, 'cluster3106249630_3106249631_J60_J61_#5more': 36}, {'J10': 18, 'J11': 48, 'J12': 14, 'J13': 35, 'cluster3106249630_3106249631_J60_J61_#5more': 77}, 
4285.0, {'J10': -114389.5, 'J11': -386668.5, 'J12': -544.5, 'J13': -63226.5, 'cluster3106249630_3106249631_J60_J61_#5more': -406700.5}, {'J10': 13, 'J11': 32, 'J12': 10, 'J13': 28, 'cluster3106249630_3106249631_J60_J61_#5more': 36}, {'J10': 18, 'J11': 48, 'J12': 10, 'J13': 35, 'cluster3106249630_3106249631_J60_J61_#5more': 79}, 
4290.0, {'J10': -114569.5, 'J11': -387148.5, 'J12': -502.5, 'J13': -63576.5, 'cluster3106249630_3106249631_J60_J61_#5more': -407490.5}, {'J10': 13, 'J11': 32, 'J12': 8, 'J13': 28, 'cluster3106249630_3106249631_J60_J61_#5more': 36}, {'J10': 18, 'J11': 48, 'J12': 8, 'J13': 35, 'cluster3106249630_3106249631_J60_J61_#5more': 79}, 
4295.0, {'J10': -114749.5, 'J11': -387628.5, 'J12': -433.0, 'J13': -63926.5, 'cluster3106249630_3106249631_J60_J61_#5more': -408280.5}, {'J10': 13, 'J11': 32, 'J12': 6, 'J13': 28, 'cluster3106249630_3106249631_J60_J61_#5more': 36}, {'J10': 18, 'J11': 48, 'J12': 6, 'J13': 35, 'cluster3106249630_3106249631_J60_J61_#5more': 79}, 
4300.0, {'J10': -114929.5, 'J11': -388108.5, 'J12': -493.0, 'J13': -61417.5, 'cluster3106249630_3106249631_J60_J61_#5more': -409075.5}, {'J10': 13, 'J11': 32, 'J12': 6, 'J13': 25, 'cluster3106249630_3106249631_J60_J61_#5more': 36}, {'J10': 18, 'J11': 48, 'J12': 6, 'J13': 32, 'cluster3106249630_3106249631_J60_J61_#5more': 81}, 
4305.0, {'J10': -115109.5, 'J11': -388588.5, 'J12': -373.0, 'J13': -60605.0, 'cluster3106249630_3106249631_J60_J61_#5more': -409885.5}, {'J10': 13, 'J11': 32, 'J12': 7, 'J13': 24, 'cluster3106249630_3106249631_J60_J61_#5more': 36}, {'J10': 18, 'J11': 48, 'J12': 7, 'J13': 31, 'cluster3106249630_3106249631_J60_J61_#5more': 81}, 
4310.0, {'J10': -115289.5, 'J11': -389068.5, 'J12': -444.0, 'J13': -60915.0, 'cluster3106249630_3106249631_J60_J61_#5more': -405045.5}, {'J10': 13, 'J11': 32, 'J12': 8, 'J13': 24, 'cluster3106249630_3106249631_J60_J61_#5more': 36}, {'J10': 18, 'J11': 48, 'J12': 8, 'J13': 31, 'cluster3106249630_3106249631_J60_J61_#5more': 80}, 
4315.0, {'J10': -115469.5, 'J11': -389548.5, 'J12': -538.0, 'J13': -61225.0, 'cluster3106249630_3106249631_J60_J61_#5more': -405845.5}, {'J10': 13, 'J11': 32, 'J12': 13, 'J13': 24, 'cluster3106249630_3106249631_J60_J61_#5more': 36}, {'J10': 18, 'J11': 48, 'J12': 13, 'J13': 31, 'cluster3106249630_3106249631_J60_J61_#5more': 80}, 
4320.0, {'J10': -115649.5, 'J11': -390028.5, 'J12': -561.0, 'J13': -61535.0, 'cluster3106249630_3106249631_J60_J61_#5more': -406645.5}, {'J10': 13, 'J11': 32, 'J12': 18, 'J13': 24, 'cluster3106249630_3106249631_J60_J61_#5more': 36}, {'J10': 18, 'J11': 48, 'J12': 18, 'J13': 31, 'cluster3106249630_3106249631_J60_J61_#5more': 80}, 
4325.0, {'J10': -115829.5, 'J11': -390508.5, 'J12': -480.5, 'J13': -61853.0, 'cluster3106249630_3106249631_J60_J61_#5more': -407445.5}, {'J10': 13, 'J11': 32, 'J12': 16, 'J13': 26, 'cluster3106249630_3106249631_J60_J61_#5more': 36}, {'J10': 18, 'J11': 48, 'J12': 17, 'J13': 33, 'cluster3106249630_3106249631_J60_J61_#5more': 80}, 
4330.0, {'J10': -116009.5, 'J11': -390988.5, 'J12': -637.5, 'J13': -62188.5, 'cluster3106249630_3106249631_J60_J61_#5more': -408245.5}, {'J10': 13, 'J11': 32, 'J12': 16, 'J13': 28, 'cluster3106249630_3106249631_J60_J61_#5more': 36}, {'J10': 18, 'J11': 48, 'J12': 16, 'J13': 35, 'cluster3106249630_3106249631_J60_J61_#5more': 80}, 
4335.0, {'J10': -116189.5, 'J11': -391468.5, 'J12': -604.0, 'J13': -62538.5, 'cluster3106249630_3106249631_J60_J61_#5more': -409049.0}, {'J10': 13, 'J11': 32, 'J12': 14, 'J13': 28, 'cluster3106249630_3106249631_J60_J61_#5more': 36}, {'J10': 18, 'J11': 48, 'J12': 14, 'J13': 35, 'cluster3106249630_3106249631_J60_J61_#5more': 81}, 
4340.0, {'J10': -116369.5, 'J11': -391948.5, 'J12': -616.0, 'J13': -62888.5, 'cluster3106249630_3106249631_J60_J61_#5more': -409861.5}, {'J10': 13, 'J11': 32, 'J12': 12, 'J13': 28, 'cluster3106249630_3106249631_J60_J61_#5more': 36}, {'J10': 18, 'J11': 48, 'J12': 12, 'J13': 35, 'cluster3106249630_3106249631_J60_J61_#5more': 82}, 
4345.0, {'J10': -116549.5, 'J11': -392428.5, 'J12': -736.0, 'J13': -63238.5, 'cluster3106249630_3106249631_J60_J61_#5more': -410683.5}, {'J10': 13, 'J11': 32, 'J12': 12, 'J13': 28, 'cluster3106249630_3106249631_J60_J61_#5more': 36}, {'J10': 18, 'J11': 48, 'J12': 12, 'J13': 35, 'cluster3106249630_3106249631_J60_J61_#5more': 83}, 
4350.0, {'J10': -116729.5, 'J11': -392908.5, 'J12': -859.5, 'J13': -63588.5, 'cluster3106249630_3106249631_J60_J61_#5more': -411513.5}, {'J10': 13, 'J11': 32, 'J12': 14, 'J13': 28, 'cluster3106249630_3106249631_J60_J61_#5more': 36}, {'J10': 18, 'J11': 48, 'J12': 14, 'J13': 35, 'cluster3106249630_3106249631_J60_J61_#5more': 83}, 
4355.0, {'J10': -116909.5, 'J11': -393388.5, 'J12': -744.0, 'J13': -63938.5, 'cluster3106249630_3106249631_J60_J61_#5more': -412343.5}, {'J10': 13, 'J11': 32, 'J12': 16, 'J13': 28, 'cluster3106249630_3106249631_J60_J61_#5more': 36}, {'J10': 18, 'J11': 48, 'J12': 16, 'J13': 35, 'cluster3106249630_3106249631_J60_J61_#5more': 83}, 
4360.0, {'J10': -117089.5, 'J11': -393868.5, 'J12': -535.5, 'J13': -64288.5, 'cluster3106249630_3106249631_J60_J61_#5more': -413173.5}, {'J10': 13, 'J11': 32, 'J12': 12, 'J13': 28, 'cluster3106249630_3106249631_J60_J61_#5more': 36}, {'J10': 18, 'J11': 48, 'J12': 12, 'J13': 35, 'cluster3106249630_3106249631_J60_J61_#5more': 83}, 
4365.0, {'J10': -117269.5, 'J11': -394348.5, 'J12': -471.0, 'J13': -61781.0, 'cluster3106249630_3106249631_J60_J61_#5more': -414003.5}, {'J10': 13, 'J11': 32, 'J12': 10, 'J13': 25, 'cluster3106249630_3106249631_J60_J61_#5more': 36}, {'J10': 18, 'J11': 48, 'J12': 10, 'J13': 32, 'cluster3106249630_3106249631_J60_J61_#5more': 83}, 
4370.0, {'J10': -117449.5, 'J11': -394828.5, 'J12': -571.0, 'J13': -60969.0, 'cluster3106249630_3106249631_J60_J61_#5more': -414833.5}, {'J10': 13, 'J11': 32, 'J12': 10, 'J13': 24, 'cluster3106249630_3106249631_J60_J61_#5more': 36}, {'J10': 18, 'J11': 48, 'J12': 10, 'J13': 31, 'cluster3106249630_3106249631_J60_J61_#5more': 83}, 
4375.0, {'J10': -117629.5, 'J11': -395308.5, 'J12': -675.0, 'J13': -61279.0, 'cluster3106249630_3106249631_J60_J61_#5more': -415663.5}, {'J10': 13, 'J11': 32, 'J12': 12, 'J13': 24, 'cluster3106249630_3106249631_J60_J61_#5more': 36}, {'J10': 18, 'J11': 48, 'J12': 12, 'J13': 31, 'cluster3106249630_3106249631_J60_J61_#5more': 83}, 
4380.0, {'J10': -117809.5, 'J11': -395788.5, 'J12': -536.5, 'J13': -61589.0, 'cluster3106249630_3106249631_J60_J61_#5more': -416493.5}, {'J10': 13, 'J11': 32, 'J12': 12, 'J13': 24, 'cluster3106249630_3106249631_J60_J61_#5more': 36}, {'J10': 18, 'J11': 48, 'J12': 12, 'J13': 31, 'cluster3106249630_3106249631_J60_J61_#5more': 83}, 
4385.0, {'J10': -117989.5, 'J11': -396268.5, 'J12': -320.0, 'J13': -61899.0, 'cluster3106249630_3106249631_J60_J61_#5more': -415002.5}, {'J10': 13, 'J11': 32, 'J12': 8, 'J13': 24, 'cluster3106249630_3106249631_J60_J61_#5more': 36}, {'J10': 18, 'J11': 48, 'J12': 8, 'J13': 31, 'cluster3106249630_3106249631_J60_J61_#5more': 82}, 
4390.0, {'J10': -118169.5, 'J11': -396748.5, 'J12': -404.5, 'J13': -62216.0, 'cluster3106249630_3106249631_J60_J61_#5more': -413491.0}, {'J10': 13, 'J11': 32, 'J12': 9, 'J13': 27, 'cluster3106249630_3106249631_J60_J61_#5more': 36}, {'J10': 18, 'J11': 48, 'J12': 10, 'J13': 34, 'cluster3106249630_3106249631_J60_J61_#5more': 81}, 
4395.0, {'J10': -118349.5, 'J11': -397228.5, 'J12': -413.0, 'J13': -62560.5, 'cluster3106249630_3106249631_J60_J61_#5more': -414301.0}, {'J10': 13, 'J11': 32, 'J12': 10, 'J13': 28, 'cluster3106249630_3106249631_J60_J61_#5more': 36}, {'J10': 18, 'J11': 48, 'J12': 10, 'J13': 35, 'cluster3106249630_3106249631_J60_J61_#5more': 81}, 
4400.0, {'J10': -118529.5, 'J11': -397708.5, 'J12': -533.0, 'J13': -62910.5, 'cluster3106249630_3106249631_J60_J61_#5more': -415111.0}, {'J10': 13, 'J11': 32, 'J12': 17, 'J13': 28, 'cluster3106249630_3106249631_J60_J61_#5more': 36}, {'J10': 18, 'J11': 48, 'J12': 17, 'J13': 35, 'cluster3106249630_3106249631_J60_J61_#5more': 81}, 
4405.0, {'J10': -118709.5, 'J11': -398188.5, 'J12': -707.5, 'J13': -63260.5, 'cluster3106249630_3106249631_J60_J61_#5more': -415921.0}, {'J10': 13, 'J11': 32, 'J12': 18, 'J13': 28, 'cluster3106249630_3106249631_J60_J61_#5more': 36}, {'J10': 18, 'J11': 48, 'J12': 18, 'J13': 35, 'cluster3106249630_3106249631_J60_J61_#5more': 81}, 
4410.0, {'J10': -118889.5, 'J11': -398668.5, 'J12': -887.5, 'J13': -63610.5, 'cluster3106249630_3106249631_J60_J61_#5more': -416731.5}, {'J10': 13, 'J11': 32, 'J12': 18, 'J13': 28, 'cluster3106249630_3106249631_J60_J61_#5more': 36}, {'J10': 18, 'J11': 48, 'J12': 18, 'J13': 35, 'cluster3106249630_3106249631_J60_J61_#5more': 82}, 
4415.0, {'J10': -119069.5, 'J11': -399148.5, 'J12': -610.0, 'J13': -63960.5, 'cluster3106249630_3106249631_J60_J61_#5more': -417551.5}, {'J10': 13, 'J11': 32, 'J12': 15, 'J13': 28, 'cluster3106249630_3106249631_J60_J61_#5more': 36}, {'J10': 18, 'J11': 48, 'J12': 15, 'J13': 35, 'cluster3106249630_3106249631_J60_J61_#5more': 82}, 
4420.0, {'J10': -119249.5, 'J11': -399628.5, 'J12': -655.5, 'J13': -64310.5, 'cluster3106249630_3106249631_J60_J61_#5more': -418371.5}, {'J10': 13, 'J11': 32, 'J12': 13, 'J13': 28, 'cluster3106249630_3106249631_J60_J61_#5more': 36}, {'J10': 18, 'J11': 48, 'J12': 13, 'J13': 35, 'cluster3106249630_3106249631_J60_J61_#5more': 82}, 
4425.0, {'J10': -119429.5, 'J11': -400108.5, 'J12': -676.5, 'J13': -64660.5, 'cluster3106249630_3106249631_J60_J61_#5more': -414665.5}, {'J10': 13, 'J11': 32, 'J12': 11, 'J13': 28, 'cluster3106249630_3106249631_J60_J61_#5more': 36}, {'J10': 18, 'J11': 48, 'J12': 11, 'J13': 35, 'cluster3106249630_3106249631_J60_J61_#5more': 80}, 
4430.0, {'J10': -119609.5, 'J11': -400588.5, 'J12': -789.0, 'J13': -63151.5, 'cluster3106249630_3106249631_J60_J61_#5more': -415465.5}, {'J10': 13, 'J11': 32, 'J12': 13, 'J13': 26, 'cluster3106249630_3106249631_J60_J61_#5more': 36}, {'J10': 18, 'J11': 48, 'J12': 13, 'J13': 33, 'cluster3106249630_3106249631_J60_J61_#5more': 80}, 
4435.0, {'J10': -119789.5, 'J11': -401068.5, 'J12': -926.5, 'J13': -63481.5, 'cluster3106249630_3106249631_J60_J61_#5more': -416265.5}, {'J10': 13, 'J11': 32, 'J12': 16, 'J13': 26, 'cluster3106249630_3106249631_J60_J61_#5more': 36}, {'J10': 18, 'J11': 48, 'J12': 16, 'J13': 33, 'cluster3106249630_3106249631_J60_J61_#5more': 80}, 
4440.0, {'J10': -119969.5, 'J11': -401548.5, 'J12': -927.0, 'J13': -63811.5, 'cluster3106249630_3106249631_J60_J61_#5more': -417072.0}, {'J10': 13, 'J11': 32, 'J12': 16, 'J13': 26, 'cluster3106249630_3106249631_J60_J61_#5more': 36}, {'J10': 18, 'J11': 48, 'J12': 16, 'J13': 33, 'cluster3106249630_3106249631_J60_J61_#5more': 82}, 
4445.0, {'J10': -120149.5, 'J11': -402028.5, 'J12': -978.5, 'J13': -64141.5, 'cluster3106249630_3106249631_J60_J61_#5more': -417892.0}, {'J10': 13, 'J11': 32, 'J12': 14, 'J13': 26, 'cluster3106249630_3106249631_J60_J61_#5more': 36}, {'J10': 18, 'J11': 48, 'J12': 14, 'J13': 33, 'cluster3106249630_3106249631_J60_J61_#5more': 82}, 
4450.0, {'J10': -120329.5, 'J11': -402508.5, 'J12': -1118.5, 'J13': -64471.5, 'cluster3106249630_3106249631_J60_J61_#5more': -418712.0}, {'J10': 13, 'J11': 32, 'J12': 14, 'J13': 26, 'cluster3106249630_3106249631_J60_J61_#5more': 36}, {'J10': 18, 'J11': 48, 'J12': 14, 'J13': 33, 'cluster3106249630_3106249631_J60_J61_#5more': 82}, 
4455.0, {'J10': -120509.5, 'J11': -402988.5, 'J12': -1264.5, 'J13': -64810.0, 'cluster3106249630_3106249631_J60_J61_#5more': -419532.0}, {'J10': 13, 'J11': 32, 'J12': 16, 'J13': 28, 'cluster3106249630_3106249631_J60_J61_#5more': 36}, {'J10': 18, 'J11': 48, 'J12': 16, 'J13': 35, 'cluster3106249630_3106249631_J60_J61_#5more': 82}, 
4460.0, {'J10': -120689.5, 'J11': -403468.5, 'J12': -1434.0, 'J13': -65160.0, 'cluster3106249630_3106249631_J60_J61_#5more': -420352.0}, {'J10': 13, 'J11': 32, 'J12': 19, 'J13': 28, 'cluster3106249630_3106249631_J60_J61_#5more': 36}, {'J10': 18, 'J11': 48, 'J12': 19, 'J13': 35, 'cluster3106249630_3106249631_J60_J61_#5more': 82}, 
4465.0, {'J10': -120869.5, 'J11': -403948.5, 'J12': -1629.0, 'J13': -65510.0, 'cluster3106249630_3106249631_J60_J61_#5more': -421172.0}, {'J10': 13, 'J11': 32, 'J12': 20, 'J13': 28, 'cluster3106249630_3106249631_J60_J61_#5more': 36}, {'J10': 18, 'J11': 48, 'J12': 20, 'J13': 35, 'cluster3106249630_3106249631_J60_J61_#5more': 82}, 
4470.0, {'J10': -121049.5, 'J11': -404428.5, 'J12': -1829.0, 'J13': -65860.0, 'cluster3106249630_3106249631_J60_J61_#5more': -421992.0}, {'J10': 13, 'J11': 32, 'J12': 20, 'J13': 28, 'cluster3106249630_3106249631_J60_J61_#5more': 36}, {'J10': 18, 'J11': 48, 'J12': 20, 'J13': 35, 'cluster3106249630_3106249631_J60_J61_#5more': 82}, 
4475.0, {'J10': -121229.5, 'J11': -404908.5, 'J12': -2029.0, 'J13': -66210.0, 'cluster3106249630_3106249631_J60_J61_#5more': -422812.0}, {'J10': 13, 'J11': 32, 'J12': 20, 'J13': 28, 'cluster3106249630_3106249631_J60_J61_#5more': 36}, {'J10': 18, 'J11': 48, 'J12': 20, 'J13': 35, 'cluster3106249630_3106249631_J60_J61_#5more': 82}, 
4480.0, {'J10': -121409.5, 'J11': -405388.5, 'J12': -2229.0, 'J13': -66560.0, 'cluster3106249630_3106249631_J60_J61_#5more': -423632.0}, {'J10': 13, 'J11': 32, 'J12': 20, 'J13': 28, 'cluster3106249630_3106249631_J60_J61_#5more': 36}, {'J10': 18, 'J11': 48, 'J12': 20, 'J13': 35, 'cluster3106249630_3106249631_J60_J61_#5more': 82}, 
4485.0, {'J10': -121589.5, 'J11': -405868.5, 'J12': -2429.0, 'J13': -66910.0, 'cluster3106249630_3106249631_J60_J61_#5more': -424452.0}, {'J10': 13, 'J11': 32, 'J12': 20, 'J13': 28, 'cluster3106249630_3106249631_J60_J61_#5more': 36}, {'J10': 18, 'J11': 48, 'J12': 20, 'J13': 35, 'cluster3106249630_3106249631_J60_J61_#5more': 82}, 
4490.0, {'J10': -121769.5, 'J11': -406348.5, 'J12': -2629.0, 'J13': -67260.0, 'cluster3106249630_3106249631_J60_J61_#5more': -425272.0}, {'J10': 13, 'J11': 32, 'J12': 20, 'J13': 28, 'cluster3106249630_3106249631_J60_J61_#5more': 36}, {'J10': 18, 'J11': 48, 'J12': 20, 'J13': 35, 'cluster3106249630_3106249631_J60_J61_#5more': 82}, 
4495.0, {'J10': -121949.5, 'J11': -406828.5, 'J12': -2829.0, 'J13': -64751.5, 'cluster3106249630_3106249631_J60_J61_#5more': -421017.0}, {'J10': 13, 'J11': 32, 'J12': 20, 'J13': 25, 'cluster3106249630_3106249631_J60_J61_#5more': 36}, {'J10': 18, 'J11': 48, 'J12': 20, 'J13': 32, 'cluster3106249630_3106249631_J60_J61_#5more': 80}, 
4500.0, {'J10': -122129.5, 'J11': -407308.5, 'J12': -3029.0, 'J13': -64068.5, 'cluster3106249630_3106249631_J60_J61_#5more': -421820.5}, {'J10': 13, 'J11': 32, 'J12': 20, 'J13': 24, 'cluster3106249630_3106249631_J60_J61_#5more': 36}, {'J10': 18, 'J11': 48, 'J12': 20, 'J13': 31, 'cluster3106249630_3106249631_J60_J61_#5more': 81}, 
4505.0, {'J10': -122309.5, 'J11': -407788.5, 'J12': -3229.0, 'J13': -64378.5, 'cluster3106249630_3106249631_J60_J61_#5more': -422724.5}, {'J10': 13, 'J11': 32, 'J12': 20, 'J13': 24, 'cluster3106249630_3106249631_J60_J61_#5more': 36}, {'J10': 18, 'J11': 48, 'J12': 20, 'J13': 31, 'cluster3106249630_3106249631_J60_J61_#5more': 82}, 
4510.0, {'J10': -122489.5, 'J11': -408268.5, 'J12': -3429.0, 'J13': -64688.5, 'cluster3106249630_3106249631_J60_J61_#5more': -423544.5}, {'J10': 13, 'J11': 32, 'J12': 20, 'J13': 24, 'cluster3106249630_3106249631_J60_J61_#5more': 36}, {'J10': 18, 'J11': 48, 'J12': 20, 'J13': 31, 'cluster3106249630_3106249631_J60_J61_#5more': 82}, 
4515.0, {'J10': -122669.5, 'J11': -408748.5, 'J12': -3630.0, 'J13': -65000.0, 'cluster3106249630_3106249631_J60_J61_#5more': -424364.5}, {'J10': 13, 'J11': 32, 'J12': 20, 'J13': 25, 'cluster3106249630_3106249631_J60_J61_#5more': 36}, {'J10': 18, 'J11': 48, 'J12': 21, 'J13': 32, 'cluster3106249630_3106249631_J60_J61_#5more': 82}, 
4520.0, {'J10': -122849.5, 'J11': -409228.5, 'J12': -3840.0, 'J13': -65330.5, 'cluster3106249630_3106249631_J60_J61_#5more': -425188.0}, {'J10': 13, 'J11': 32, 'J12': 20, 'J13': 28, 'cluster3106249630_3106249631_J60_J61_#5more': 36}, {'J10': 18, 'J11': 48, 'J12': 21, 'J13': 35, 'cluster3106249630_3106249631_J60_J61_#5more': 83}, 
4525.0, {'J10': -123029.5, 'J11': -409708.5, 'J12': -4050.0, 'J13': -65680.5, 'cluster3106249630_3106249631_J60_J61_#5more': -426018.0}, {'J10': 13, 'J11': 32, 'J12': 20, 'J13': 28, 'cluster3106249630_3106249631_J60_J61_#5more': 36}, {'J10': 18, 'J11': 48, 'J12': 21, 'J13': 35, 'cluster3106249630_3106249631_J60_J61_#5more': 83}, 
4530.0, {'J10': -123209.5, 'J11': -410188.5, 'J12': -4260.0, 'J13': -66030.5, 'cluster3106249630_3106249631_J60_J61_#5more': -426848.0}, {'J10': 13, 'J11': 32, 'J12': 20, 'J13': 28, 'cluster3106249630_3106249631_J60_J61_#5more': 36}, {'J10': 18, 'J11': 48, 'J12': 21, 'J13': 35, 'cluster3106249630_3106249631_J60_J61_#5more': 83}, 
4535.0, {'J10': -123389.5, 'J11': -410668.5, 'J12': -4470.0, 'J13': -66380.5, 'cluster3106249630_3106249631_J60_J61_#5more': -427678.0}, {'J10': 13, 'J11': 32, 'J12': 20, 'J13': 28, 'cluster3106249630_3106249631_J60_J61_#5more': 36}, {'J10': 18, 'J11': 48, 'J12': 21, 'J13': 35, 'cluster3106249630_3106249631_J60_J61_#5more': 83}, 
4540.0, {'J10': -123569.5, 'J11': -411148.5, 'J12': -4681.0, 'J13': -66730.5, 'cluster3106249630_3106249631_J60_J61_#5more': -428508.0}, {'J10': 13, 'J11': 32, 'J12': 20, 'J13': 28, 'cluster3106249630_3106249631_J60_J61_#5more': 36}, {'J10': 18, 'J11': 48, 'J12': 22, 'J13': 35, 'cluster3106249630_3106249631_J60_J61_#5more': 83}, 
4545.0, {'J10': -123749.5, 'J11': -411628.5, 'J12': -4890.0, 'J13': -67080.5, 'cluster3106249630_3106249631_J60_J61_#5more': -429338.0}, {'J10': 13, 'J11': 32, 'J12': 20, 'J13': 28, 'cluster3106249630_3106249631_J60_J61_#5more': 36}, {'J10': 18, 'J11': 48, 'J12': 21, 'J13': 35, 'cluster3106249630_3106249631_J60_J61_#5more': 83}, 
4550.0, {'J10': -123929.5, 'J11': -412108.5, 'J12': -4867.5, 'J13': -67430.5, 'cluster3106249630_3106249631_J60_J61_#5more': -430168.0}, {'J10': 13, 'J11': 32, 'J12': 19, 'J13': 28, 'cluster3106249630_3106249631_J60_J61_#5more': 36}, {'J10': 18, 'J11': 48, 'J12': 20, 'J13': 35, 'cluster3106249630_3106249631_J60_J61_#5more': 83}, 
4555.0, {'J10': -124109.5, 'J11': -412588.5, 'J12': -4425.5, 'J13': -67780.5, 'cluster3106249630_3106249631_J60_J61_#5more': -428604.5}, {'J10': 13, 'J11': 32, 'J12': 17, 'J13': 28, 'cluster3106249630_3106249631_J60_J61_#5more': 36}, {'J10': 18, 'J11': 48, 'J12': 18, 'J13': 35, 'cluster3106249630_3106249631_J60_J61_#5more': 82}, 
4560.0, {'J10': -124289.5, 'J11': -413068.5, 'J12': -4605.5, 'J13': -65154.0, 'cluster3106249630_3106249631_J60_J61_#5more': -429424.5}, {'J10': 13, 'J11': 32, 'J12': 17, 'J13': 25, 'cluster3106249630_3106249631_J60_J61_#5more': 36}, {'J10': 18, 'J11': 48, 'J12': 18, 'J13': 32, 'cluster3106249630_3106249631_J60_J61_#5more': 82}, 
4565.0, {'J10': -124469.5, 'J11': -413548.5, 'J12': -4785.5, 'J13': -64599.5, 'cluster3106249630_3106249631_J60_J61_#5more': -430244.5}, {'J10': 13, 'J11': 32, 'J12': 17, 'J13': 24, 'cluster3106249630_3106249631_J60_J61_#5more': 36}, {'J10': 18, 'J11': 48, 'J12': 18, 'J13': 31, 'cluster3106249630_3106249631_J60_J61_#5more': 82}, 
4570.0, {'J10': -124649.5, 'J11': -414028.5, 'J12': -4730.5, 'J13': -64909.5, 'cluster3106249630_3106249631_J60_J61_#5more': -431069.5}, {'J10': 13, 'J11': 32, 'J12': 16, 'J13': 24, 'cluster3106249630_3106249631_J60_J61_#5more': 36}, {'J10': 18, 'J11': 48, 'J12': 17, 'J13': 31, 'cluster3106249630_3106249631_J60_J61_#5more': 83}, 
4575.0, {'J10': -124829.5, 'J11': -414508.5, 'J12': -3227.5, 'J13': -65219.5, 'cluster3106249630_3106249631_J60_J61_#5more': -431899.5}, {'J10': 13, 'J11': 32, 'J12': 14, 'J13': 24, 'cluster3106249630_3106249631_J60_J61_#5more': 36}, {'J10': 18, 'J11': 48, 'J12': 15, 'J13': 31, 'cluster3106249630_3106249631_J60_J61_#5more': 83}, 
4580.0, {'J10': -125009.5, 'J11': -414988.5, 'J12': -1915.5, 'J13': -65529.5, 'cluster3106249630_3106249631_J60_J61_#5more': -432729.5}, {'J10': 13, 'J11': 32, 'J12': 9, 'J13': 24, 'cluster3106249630_3106249631_J60_J61_#5more': 36}, {'J10': 18, 'J11': 48, 'J12': 10, 'J13': 31, 'cluster3106249630_3106249631_J60_J61_#5more': 83}, 
4585.0, {'J10': -125189.5, 'J11': -415468.5, 'J12': -521.5, 'J13': -65853.0, 'cluster3106249630_3106249631_J60_J61_#5more': -433559.5}, {'J10': 13, 'J11': 32, 'J12': 4, 'J13': 28, 'cluster3106249630_3106249631_J60_J61_#5more': 36}, {'J10': 18, 'J11': 48, 'J12': 5, 'J13': 35, 'cluster3106249630_3106249631_J60_J61_#5more': 83}, 
4590.0, {'J10': -125369.5, 'J11': -415948.5, 'J12': -151.0, 'J13': -66203.0, 'cluster3106249630_3106249631_J60_J61_#5more': -434389.5}, {'J10': 13, 'J11': 32, 'J12': 1, 'J13': 28, 'cluster3106249630_3106249631_J60_J61_#5more': 36}, {'J10': 18, 'J11': 48, 'J12': 1, 'J13': 35, 'cluster3106249630_3106249631_J60_J61_#5more': 83}, 
4595.0, {'J10': -125549.5, 'J11': -416428.5, 'J12': -8.5, 'J13': -66553.0, 'cluster3106249630_3106249631_J60_J61_#5more': -435219.5}, {'J10': 13, 'J11': 32, 'J12': 3, 'J13': 28, 'cluster3106249630_3106249631_J60_J61_#5more': 36}, {'J10': 18, 'J11': 48, 'J12': 4, 'J13': 35, 'cluster3106249630_3106249631_J60_J61_#5more': 83}, 
4600.0, {'J10': -125729.5, 'J11': -416908.5, 'J12': -24.5, 'J13': -66903.0, 'cluster3106249630_3106249631_J60_J61_#5more': -433306.5}, {'J10': 13, 'J11': 32, 'J12': 3, 'J13': 28, 'cluster3106249630_3106249631_J60_J61_#5more': 36}, {'J10': 18, 'J11': 48, 'J12': 3, 'J13': 35, 'cluster3106249630_3106249631_J60_J61_#5more': 82}, 
4605.0, {'J10': -125909.5, 'J11': -417388.5, 'J12': -44.5, 'J13': -67253.0, 'cluster3106249630_3106249631_J60_J61_#5more': -431373.0}, {'J10': 13, 'J11': 32, 'J12': 7, 'J13': 28, 'cluster3106249630_3106249631_J60_J61_#5more': 36}, {'J10': 18, 'J11': 48, 'J12': 7, 'J13': 35, 'cluster3106249630_3106249631_J60_J61_#5more': 81}, 
4610.0, {'J10': -126089.5, 'J11': -417868.5, 'J12': -99.5, 'J13': -67603.0, 'cluster3106249630_3106249631_J60_J61_#5more': -432183.0}, {'J10': 13, 'J11': 32, 'J12': 8, 'J13': 28, 'cluster3106249630_3106249631_J60_J61_#5more': 36}, {'J10': 18, 'J11': 48, 'J12': 8, 'J13': 35, 'cluster3106249630_3106249631_J60_J61_#5more': 81}, 
4615.0, {'J10': -126269.5, 'J11': -418348.5, 'J12': -138.5, 'J13': -67953.0, 'cluster3106249630_3106249631_J60_J61_#5more': -432993.0}, {'J10': 13, 'J11': 32, 'J12': 8, 'J13': 28, 'cluster3106249630_3106249631_J60_J61_#5more': 36}, {'J10': 18, 'J11': 48, 'J12': 8, 'J13': 35, 'cluster3106249630_3106249631_J60_J61_#5more': 81}, 
4620.0, {'J10': -126449.5, 'J11': -418828.5, 'J12': -228.0, 'J13': -68303.0, 'cluster3106249630_3106249631_J60_J61_#5more': -429017.5}, {'J10': 13, 'J11': 32, 'J12': 13, 'J13': 28, 'cluster3106249630_3106249631_J60_J61_#5more': 36}, {'J10': 18, 'J11': 48, 'J12': 13, 'J13': 35, 'cluster3106249630_3106249631_J60_J61_#5more': 79}, 
4625.0, {'J10': -126629.5, 'J11': -419308.5, 'J12': -246.0, 'J13': -65822.5, 'cluster3106249630_3106249631_J60_J61_#5more': -429811.5}, {'J10': 13, 'J11': 32, 'J12': 15, 'J13': 25, 'cluster3106249630_3106249631_J60_J61_#5more': 36}, {'J10': 18, 'J11': 48, 'J12': 15, 'J13': 32, 'cluster3106249630_3106249631_J60_J61_#5more': 81}, 
4630.0, {'J10': -126809.5, 'J11': -419788.5, 'J12': -396.0, 'J13': -65268.0, 'cluster3106249630_3106249631_J60_J61_#5more': -430621.5}, {'J10': 13, 'J11': 32, 'J12': 15, 'J13': 24, 'cluster3106249630_3106249631_J60_J61_#5more': 36}, {'J10': 18, 'J11': 48, 'J12': 15, 'J13': 31, 'cluster3106249630_3106249631_J60_J61_#5more': 81}, 
4635.0, {'J10': -126989.5, 'J11': -420268.5, 'J12': -548.0, 'J13': -65578.0, 'cluster3106249630_3106249631_J60_J61_#5more': -431438.0}, {'J10': 13, 'J11': 32, 'J12': 16, 'J13': 24, 'cluster3106249630_3106249631_J60_J61_#5more': 36}, {'J10': 18, 'J11': 48, 'J12': 16, 'J13': 31, 'cluster3106249630_3106249631_J60_J61_#5more': 83}, 
4640.0, {'J10': -127169.5, 'J11': -420748.5, 'J12': -715.0, 'J13': -65888.0, 'cluster3106249630_3106249631_J60_J61_#5more': -432268.0}, {'J10': 13, 'J11': 32, 'J12': 20, 'J13': 24, 'cluster3106249630_3106249631_J60_J61_#5more': 36}, {'J10': 18, 'J11': 48, 'J12': 20, 'J13': 31, 'cluster3106249630_3106249631_J60_J61_#5more': 83}, 
4645.0, {'J10': -127349.5, 'J11': -421228.5, 'J12': -915.0, 'J13': -66199.0, 'cluster3106249630_3106249631_J60_J61_#5more': -433098.0}, {'J10': 13, 'J11': 32, 'J12': 20, 'J13': 25, 'cluster3106249630_3106249631_J60_J61_#5more': 36}, {'J10': 18, 'J11': 48, 'J12': 20, 'J13': 32, 'cluster3106249630_3106249631_J60_J61_#5more': 83}, 
4650.0, {'J10': -127529.5, 'J11': -421708.5, 'J12': -1115.0, 'J13': -66528.0, 'cluster3106249630_3106249631_J60_J61_#5more': -433928.0}, {'J10': 13, 'J11': 32, 'J12': 20, 'J13': 28, 'cluster3106249630_3106249631_J60_J61_#5more': 36}, {'J10': 18, 'J11': 48, 'J12': 20, 'J13': 35, 'cluster3106249630_3106249631_J60_J61_#5more': 83}, 
4655.0, {'J10': -127709.5, 'J11': -422188.5, 'J12': -1317.0, 'J13': -66878.0, 'cluster3106249630_3106249631_J60_J61_#5more': -434758.0}, {'J10': 13, 'J11': 32, 'J12': 20, 'J13': 28, 'cluster3106249630_3106249631_J60_J61_#5more': 36}, {'J10': 18, 'J11': 48, 'J12': 21, 'J13': 35, 'cluster3106249630_3106249631_J60_J61_#5more': 83}, 
4660.0, {'J10': -127889.5, 'J11': -422668.5, 'J12': -1527.0, 'J13': -67228.0, 'cluster3106249630_3106249631_J60_J61_#5more': -435588.0}, {'J10': 13, 'J11': 32, 'J12': 20, 'J13': 28, 'cluster3106249630_3106249631_J60_J61_#5more': 36}, {'J10': 18, 'J11': 48, 'J12': 21, 'J13': 35, 'cluster3106249630_3106249631_J60_J61_#5more': 83}, 
4665.0, {'J10': -128069.5, 'J11': -423148.5, 'J12': -1737.0, 'J13': -67578.0, 'cluster3106249630_3106249631_J60_J61_#5more': -436418.0}, {'J10': 13, 'J11': 32, 'J12': 20, 'J13': 28, 'cluster3106249630_3106249631_J60_J61_#5more': 36}, {'J10': 18, 'J11': 48, 'J12': 21, 'J13': 35, 'cluster3106249630_3106249631_J60_J61_#5more': 83}, 
4670.0, {'J10': -128249.5, 'J11': -423628.5, 'J12': -1947.0, 'J13': -67928.0, 'cluster3106249630_3106249631_J60_J61_#5more': -437248.0}, {'J10': 13, 'J11': 32, 'J12': 20, 'J13': 28, 'cluster3106249630_3106249631_J60_J61_#5more': 36}, {'J10': 18, 'J11': 48, 'J12': 21, 'J13': 35, 'cluster3106249630_3106249631_J60_J61_#5more': 83}, 
4675.0, {'J10': -128429.5, 'J11': -424108.5, 'J12': -2157.0, 'J13': -68278.0, 'cluster3106249630_3106249631_J60_J61_#5more': -438078.0}, {'J10': 13, 'J11': 32, 'J12': 20, 'J13': 28, 'cluster3106249630_3106249631_J60_J61_#5more': 36}, {'J10': 18, 'J11': 48, 'J12': 21, 'J13': 35, 'cluster3106249630_3106249631_J60_J61_#5more': 83}, 
4680.0, {'J10': -128609.5, 'J11': -424588.5, 'J12': -2315.0, 'J13': -68628.0, 'cluster3106249630_3106249631_J60_J61_#5more': -438908.0}, {'J10': 13, 'J11': 32, 'J12': 20, 'J13': 28, 'cluster3106249630_3106249631_J60_J61_#5more': 36}, {'J10': 18, 'J11': 48, 'J12': 20, 'J13': 35, 'cluster3106249630_3106249631_J60_J61_#5more': 83}, 
4685.0, {'J10': -128789.5, 'J11': -425068.5, 'J12': -2515.0, 'J13': -68978.0, 'cluster3106249630_3106249631_J60_J61_#5more': -439738.0}, {'J10': 13, 'J11': 32, 'J12': 20, 'J13': 28, 'cluster3106249630_3106249631_J60_J61_#5more': 36}, {'J10': 18, 'J11': 48, 'J12': 20, 'J13': 35, 'cluster3106249630_3106249631_J60_J61_#5more': 83}, 
4690.0, {'J10': -128969.5, 'J11': -425548.5, 'J12': -2372.5, 'J13': -65616.0, 'cluster3106249630_3106249631_J60_J61_#5more': -440568.0}, {'J10': 13, 'J11': 32, 'J12': 18, 'J13': 24, 'cluster3106249630_3106249631_J60_J61_#5more': 36}, {'J10': 18, 'J11': 48, 'J12': 18, 'J13': 31, 'cluster3106249630_3106249631_J60_J61_#5more': 83}, 
4695.0, {'J10': -129149.5, 'J11': -426028.5, 'J12': -1597.5, 'J13': -65926.0, 'cluster3106249630_3106249631_J60_J61_#5more': -441398.0}, {'J10': 13, 'J11': 32, 'J12': 12, 'J13': 24, 'cluster3106249630_3106249631_J60_J61_#5more': 36}, {'J10': 18, 'J11': 48, 'J12': 12, 'J13': 31, 'cluster3106249630_3106249631_J60_J61_#5more': 83}, 
4700.0, {'J10': -129329.5, 'J11': -426508.5, 'J12': -949.5, 'J13': -66236.0, 'cluster3106249630_3106249631_J60_J61_#5more': -442228.0}, {'J10': 13, 'J11': 32, 'J12': 7, 'J13': 24, 'cluster3106249630_3106249631_J60_J61_#5more': 36}, {'J10': 18, 'J11': 48, 'J12': 7, 'J13': 31, 'cluster3106249630_3106249631_J60_J61_#5more': 83}, 
4705.0, {'J10': -129509.5, 'J11': -426988.5, 'J12': -261.5, 'J13': -66546.0, 'cluster3106249630_3106249631_J60_J61_#5more': -443058.0}, {'J10': 13, 'J11': 32, 'J12': 2, 'J13': 24, 'cluster3106249630_3106249631_J60_J61_#5more': 36}, {'J10': 18, 'J11': 48, 'J12': 2, 'J13': 31, 'cluster3106249630_3106249631_J60_J61_#5more': 83}, 
4710.0, {'J10': -129689.5, 'J11': -427468.5, 'J12': -283.0, 'J13': -66857.0, 'cluster3106249630_3106249631_J60_J61_#5more': -443888.0}, {'J10': 13, 'J11': 32, 'J12': 3, 'J13': 25, 'cluster3106249630_3106249631_J60_J61_#5more': 36}, {'J10': 18, 'J11': 48, 'J12': 4, 'J13': 32, 'cluster3106249630_3106249631_J60_J61_#5more': 83}, 
4715.0, {'J10': -129869.5, 'J11': -427948.5, 'J12': -338.5, 'J13': -67188.0, 'cluster3106249630_3106249631_J60_J61_#5more': -444718.0}, {'J10': 13, 'J11': 32, 'J12': 9, 'J13': 28, 'cluster3106249630_3106249631_J60_J61_#5more': 36}, {'J10': 18, 'J11': 48, 'J12': 10, 'J13': 35, 'cluster3106249630_3106249631_J60_J61_#5more': 83}, 
4720.0, {'J10': -130049.5, 'J11': -428428.5, 'J12': -427.0, 'J13': -67538.0, 'cluster3106249630_3106249631_J60_J61_#5more': -445548.0}, {'J10': 13, 'J11': 32, 'J12': 13, 'J13': 28, 'cluster3106249630_3106249631_J60_J61_#5more': 36}, {'J10': 18, 'J11': 48, 'J12': 13, 'J13': 35, 'cluster3106249630_3106249631_J60_J61_#5more': 83}, 
4725.0, {'J10': -130229.5, 'J11': -428908.5, 'J12': -230.5, 'J13': -67888.0, 'cluster3106249630_3106249631_J60_J61_#5more': -446378.0}, {'J10': 13, 'J11': 32, 'J12': 16, 'J13': 28, 'cluster3106249630_3106249631_J60_J61_#5more': 36}, {'J10': 18, 'J11': 48, 'J12': 16, 'J13': 35, 'cluster3106249630_3106249631_J60_J61_#5more': 83}, 
4730.0, {'J10': -130409.5, 'J11': -429388.5, 'J12': -361.0, 'J13': -68238.0, 'cluster3106249630_3106249631_J60_J61_#5more': -447208.0}, {'J10': 13, 'J11': 32, 'J12': 16, 'J13': 28, 'cluster3106249630_3106249631_J60_J61_#5more': 36}, {'J10': 18, 'J11': 48, 'J12': 17, 'J13': 35, 'cluster3106249630_3106249631_J60_J61_#5more': 83}, 
4735.0, {'J10': -130589.5, 'J11': -429868.5, 'J12': -519.5, 'J13': -68588.0, 'cluster3106249630_3106249631_J60_J61_#5more': -448038.0}, {'J10': 13, 'J11': 32, 'J12': 16, 'J13': 28, 'cluster3106249630_3106249631_J60_J61_#5more': 36}, {'J10': 18, 'J11': 48, 'J12': 16, 'J13': 35, 'cluster3106249630_3106249631_J60_J61_#5more': 83}, 
4740.0, {'J10': -130769.5, 'J11': -430348.5, 'J12': -518.0, 'J13': -68938.0, 'cluster3106249630_3106249631_J60_J61_#5more': -448868.0}, {'J10': 13, 'J11': 32, 'J12': 15, 'J13': 28, 'cluster3106249630_3106249631_J60_J61_#5more': 36}, {'J10': 18, 'J11': 48, 'J12': 15, 'J13': 35, 'cluster3106249630_3106249631_J60_J61_#5more': 83}, 
4745.0, {'J10': -130949.5, 'J11': -430828.5, 'J12': -448.0, 'J13': -69288.0, 'cluster3106249630_3106249631_J60_J61_#5more': -449698.0}, {'J10': 13, 'J11': 32, 'J12': 12, 'J13': 28, 'cluster3106249630_3106249631_J60_J61_#5more': 36}, {'J10': 18, 'J11': 48, 'J12': 12, 'J13': 35, 'cluster3106249630_3106249631_J60_J61_#5more': 83}, 
4750.0, {'J10': -131129.5, 'J11': -431308.5, 'J12': -266.0, 'J13': -69638.0, 'cluster3106249630_3106249631_J60_J61_#5more': -450528.0}, {'J10': 13, 'J11': 32, 'J12': 7, 'J13': 28, 'cluster3106249630_3106249631_J60_J61_#5more': 36}, {'J10': 18, 'J11': 48, 'J12': 7, 'J13': 35, 'cluster3106249630_3106249631_J60_J61_#5more': 83}, 
4755.0, {'J10': -131309.5, 'J11': -431788.5, 'J12': -77.0, 'J13': -66291.5, 'cluster3106249630_3106249631_J60_J61_#5more': -448717.5}, {'J10': 13, 'J11': 32, 'J12': 2, 'J13': 24, 'cluster3106249630_3106249631_J60_J61_#5more': 36}, {'J10': 18, 'J11': 48, 'J12': 2, 'J13': 31, 'cluster3106249630_3106249631_J60_J61_#5more': 82}, 
4760.0, {'J10': -131489.5, 'J11': -432268.5, 'J12': -33.0, 'J13': -66601.5, 'cluster3106249630_3106249631_J60_J61_#5more': -446475.0}, {'J10': 13, 'J11': 32, 'J12': 1, 'J13': 24, 'cluster3106249630_3106249631_J60_J61_#5more': 36}, {'J10': 18, 'J11': 48, 'J12': 1, 'J13': 31, 'cluster3106249630_3106249631_J60_J61_#5more': 81}, 
4765.0, {'J10': -131669.5, 'J11': -432748.5, 'J12': 0, 'J13': -66911.5, 'cluster3106249630_3106249631_J60_J61_#5more': -447285.0}, {'J10': 13, 'J11': 32, 'J12': 0, 'J13': 24, 'cluster3106249630_3106249631_J60_J61_#5more': 36}, {'J10': 18, 'J11': 48, 'J12': 0, 'J13': 31, 'cluster3106249630_3106249631_J60_J61_#5more': 81}, 
4770.0, {'J10': -131849.5, 'J11': -433228.5, 'J12': -1.5, 'J13': -67221.5, 'cluster3106249630_3106249631_J60_J61_#5more': -448095.0}, {'J10': 13, 'J11': 32, 'J12': 1, 'J13': 24, 'cluster3106249630_3106249631_J60_J61_#5more': 36}, {'J10': 18, 'J11': 48, 'J12': 1, 'J13': 31, 'cluster3106249630_3106249631_J60_J61_#5more': 81}, 
4775.0, {'J10': -132029.5, 'J11': -433708.5, 'J12': -17.5, 'J13': -67531.5, 'cluster3106249630_3106249631_J60_J61_#5more': -448905.0}, {'J10': 13, 'J11': 32, 'J12': 3, 'J13': 24, 'cluster3106249630_3106249631_J60_J61_#5more': 36}, {'J10': 18, 'J11': 48, 'J12': 3, 'J13': 31, 'cluster3106249630_3106249631_J60_J61_#5more': 81}, 
4780.0, {'J10': -132209.5, 'J11': -434188.5, 'J12': -26.0, 'J13': -67852.0, 'cluster3106249630_3106249631_J60_J61_#5more': -449722.0}, {'J10': 13, 'J11': 32, 'J12': 2, 'J13': 28, 'cluster3106249630_3106249631_J60_J61_#5more': 36}, {'J10': 18, 'J11': 48, 'J12': 2, 'J13': 35, 'cluster3106249630_3106249631_J60_J61_#5more': 83}, 
4785.0, {'J10': -132389.5, 'J11': -434668.5, 'J12': -48.5, 'J13': -68202.0, 'cluster3106249630_3106249631_J60_J61_#5more': -450552.0}, {'J10': 13, 'J11': 32, 'J12': 4, 'J13': 28, 'cluster3106249630_3106249631_J60_J61_#5more': 36}, {'J10': 18, 'J11': 48, 'J12': 4, 'J13': 35, 'cluster3106249630_3106249631_J60_J61_#5more': 83}, 
4790.0, {'J10': -132569.5, 'J11': -435148.5, 'J12': -43.5, 'J13': -68552.0, 'cluster3106249630_3106249631_J60_J61_#5more': -451382.0}, {'J10': 13, 'J11': 32, 'J12': 2, 'J13': 28, 'cluster3106249630_3106249631_J60_J61_#5more': 36}, {'J10': 18, 'J11': 48, 'J12': 2, 'J13': 35, 'cluster3106249630_3106249631_J60_J61_#5more': 83}, 
4795.0, {'J10': -132749.5, 'J11': -435628.5, 'J12': -25.0, 'J13': -68902.0, 'cluster3106249630_3106249631_J60_J61_#5more': -452212.0}, {'J10': 13, 'J11': 32, 'J12': 3, 'J13': 28, 'cluster3106249630_3106249631_J60_J61_#5more': 36}, {'J10': 18, 'J11': 48, 'J12': 3, 'J13': 35, 'cluster3106249630_3106249631_J60_J61_#5more': 83}, 
4800.0, {'J10': -132929.5, 'J11': -436108.5, 'J12': -28.5, 'J13': -69252.0, 'cluster3106249630_3106249631_J60_J61_#5more': -453042.0}, {'J10': 13, 'J11': 32, 'J12': 5, 'J13': 28, 'cluster3106249630_3106249631_J60_J61_#5more': 36}, {'J10': 18, 'J11': 48, 'J12': 5, 'J13': 35, 'cluster3106249630_3106249631_J60_J61_#5more': 83}, 
4805.0, {'J10': -133109.5, 'J11': -436588.5, 'J12': -78.0, 'J13': -69602.0, 'cluster3106249630_3106249631_J60_J61_#5more': -453872.0}, {'J10': 13, 'J11': 32, 'J12': 8, 'J13': 28, 'cluster3106249630_3106249631_J60_J61_#5more': 36}, {'J10': 18, 'J11': 48, 'J12': 8, 'J13': 35, 'cluster3106249630_3106249631_J60_J61_#5more': 83}, 
4810.0, {'J10': -133289.5, 'J11': -437068.5, 'J12': -145.5, 'J13': -69952.0, 'cluster3106249630_3106249631_J60_J61_#5more': -454702.0}, {'J10': 13, 'J11': 32, 'J12': 11, 'J13': 28, 'cluster3106249630_3106249631_J60_J61_#5more': 36}, {'J10': 18, 'J11': 48, 'J12': 11, 'J13': 35, 'cluster3106249630_3106249631_J60_J61_#5more': 83}, 
4815.0, {'J10': -133469.5, 'J11': -437548.5, 'J12': -141.0, 'J13': -70302.0, 'cluster3106249630_3106249631_J60_J61_#5more': -452126.0}, {'J10': 13, 'J11': 32, 'J12': 8, 'J13': 28, 'cluster3106249630_3106249631_J60_J61_#5more': 36}, {'J10': 18, 'J11': 48, 'J12': 8, 'J13': 35, 'cluster3106249630_3106249631_J60_J61_#5more': 81}, 
4820.0, {'J10': -133649.5, 'J11': -438028.5, 'J12': -153.0, 'J13': -66951.5, 'cluster3106249630_3106249631_J60_J61_#5more': -452936.0}, {'J10': 13, 'J11': 32, 'J12': 6, 'J13': 24, 'cluster3106249630_3106249631_J60_J61_#5more': 36}, {'J10': 18, 'J11': 48, 'J12': 6, 'J13': 31, 'cluster3106249630_3106249631_J60_J61_#5more': 81}, 
4825.0, {'J10': -133829.5, 'J11': -438508.5, 'J12': -172.5, 'J13': -67261.5, 'cluster3106249630_3106249631_J60_J61_#5more': -453746.0}, {'J10': 13, 'J11': 32, 'J12': 6, 'J13': 24, 'cluster3106249630_3106249631_J60_J61_#5more': 36}, {'J10': 18, 'J11': 48, 'J12': 6, 'J13': 31, 'cluster3106249630_3106249631_J60_J61_#5more': 81}, 
4830.0, {'J10': -134009.5, 'J11': -438988.5, 'J12': -241.5, 'J13': -67571.5, 'cluster3106249630_3106249631_J60_J61_#5more': -454563.0}, {'J10': 13, 'J11': 32, 'J12': 9, 'J13': 24, 'cluster3106249630_3106249631_J60_J61_#5more': 36}, {'J10': 18, 'J11': 48, 'J12': 9, 'J13': 31, 'cluster3106249630_3106249631_J60_J61_#5more': 83}, 
4835.0, {'J10': -134189.5, 'J11': -439468.5, 'J12': -260.5, 'J13': -67881.5, 'cluster3106249630_3106249631_J60_J61_#5more': -455393.0}, {'J10': 13, 'J11': 32, 'J12': 11, 'J13': 24, 'cluster3106249630_3106249631_J60_J61_#5more': 36}, {'J10': 18, 'J11': 48, 'J12': 11, 'J13': 31, 'cluster3106249630_3106249631_J60_J61_#5more': 83}, 
4840.0, {'J10': -134369.5, 'J11': -439948.5, 'J12': -376.5, 'J13': -68191.5, 'cluster3106249630_3106249631_J60_J61_#5more': -456223.0}, {'J10': 13, 'J11': 32, 'J12': 13, 'J13': 24, 'cluster3106249630_3106249631_J60_J61_#5more': 36}, {'J10': 18, 'J11': 48, 'J12': 14, 'J13': 31, 'cluster3106249630_3106249631_J60_J61_#5more': 83}, 
4845.0, {'J10': -134549.5, 'J11': -440428.5, 'J12': -517.5, 'J13': -68516.0, 'cluster3106249630_3106249631_J60_J61_#5more': -457053.0}, {'J10': 13, 'J11': 32, 'J12': 14, 'J13': 28, 'cluster3106249630_3106249631_J60_J61_#5more': 36}, {'J10': 18, 'J11': 48, 'J12': 15, 'J13': 35, 'cluster3106249630_3106249631_J60_J61_#5more': 83}, 
4850.0, {'J10': -134729.5, 'J11': -440908.5, 'J12': -682.0, 'J13': -68866.0, 'cluster3106249630_3106249631_J60_J61_#5more': -457883.0}, {'J10': 13, 'J11': 32, 'J12': 19, 'J13': 28, 'cluster3106249630_3106249631_J60_J61_#5more': 36}, {'J10': 18, 'J11': 48, 'J12': 20, 'J13': 35, 'cluster3106249630_3106249631_J60_J61_#5more': 83}, 
4855.0, {'J10': -134909.5, 'J11': -441388.5, 'J12': -893.5, 'J13': -69216.0, 'cluster3106249630_3106249631_J60_J61_#5more': -458713.0}, {'J10': 13, 'J11': 32, 'J12': 22, 'J13': 28, 'cluster3106249630_3106249631_J60_J61_#5more': 36}, {'J10': 18, 'J11': 48, 'J12': 23, 'J13': 35, 'cluster3106249630_3106249631_J60_J61_#5more': 83}, 
4860.0, {'J10': -135089.5, 'J11': -441868.5, 'J12': -1123.5, 'J13': -69566.0, 'cluster3106249630_3106249631_J60_J61_#5more': -459543.0}, {'J10': 13, 'J11': 32, 'J12': 22, 'J13': 28, 'cluster3106249630_3106249631_J60_J61_#5more': 36}, {'J10': 18, 'J11': 48, 'J12': 23, 'J13': 35, 'cluster3106249630_3106249631_J60_J61_#5more': 83}, 
4865.0, {'J10': -135269.5, 'J11': -442348.5, 'J12': -1301.5, 'J13': -69916.0, 'cluster3106249630_3106249631_J60_J61_#5more': -460373.0}, {'J10': 13, 'J11': 32, 'J12': 22, 'J13': 28, 'cluster3106249630_3106249631_J60_J61_#5more': 36}, {'J10': 18, 'J11': 48, 'J12': 22, 'J13': 35, 'cluster3106249630_3106249631_J60_J61_#5more': 83}, 
4870.0, {'J10': -135449.5, 'J11': -442828.5, 'J12': -1312.5, 'J13': -70266.0, 'cluster3106249630_3106249631_J60_J61_#5more': -461203.0}, {'J10': 13, 'J11': 32, 'J12': 20, 'J13': 28, 'cluster3106249630_3106249631_J60_J61_#5more': 36}, {'J10': 18, 'J11': 48, 'J12': 20, 'J13': 35, 'cluster3106249630_3106249631_J60_J61_#5more': 83}, 
4875.0, {'J10': -135629.5, 'J11': -443308.5, 'J12': -1063.5, 'J13': -70616.0, 'cluster3106249630_3106249631_J60_J61_#5more': -459298.5}, {'J10': 13, 'J11': 32, 'J12': 16, 'J13': 28, 'cluster3106249630_3106249631_J60_J61_#5more': 36}, {'J10': 18, 'J11': 48, 'J12': 16, 'J13': 35, 'cluster3106249630_3106249631_J60_J61_#5more': 82}, 
4880.0, {'J10': -135809.5, 'J11': -443788.5, 'J12': -823.0, 'J13': -70966.0, 'cluster3106249630_3106249631_J60_J61_#5more': -460118.5}, {'J10': 13, 'J11': 32, 'J12': 12, 'J13': 28, 'cluster3106249630_3106249631_J60_J61_#5more': 36}, {'J10': 18, 'J11': 48, 'J12': 12, 'J13': 35, 'cluster3106249630_3106249631_J60_J61_#5more': 82}, 
4885.0, {'J10': -135989.5, 'J11': -444268.5, 'J12': -519.0, 'J13': -69339.5, 'cluster3106249630_3106249631_J60_J61_#5more': -458037.5}, {'J10': 13, 'J11': 32, 'J12': 7, 'J13': 26, 'cluster3106249630_3106249631_J60_J61_#5more': 36}, {'J10': 18, 'J11': 48, 'J12': 7, 'J13': 33, 'cluster3106249630_3106249631_J60_J61_#5more': 81}, 
4890.0, {'J10': -136169.5, 'J11': -444748.5, 'J12': -248.5, 'J13': -68918.0, 'cluster3106249630_3106249631_J60_J61_#5more': -458847.5}, {'J10': 13, 'J11': 32, 'J12': 3, 'J13': 25, 'cluster3106249630_3106249631_J60_J61_#5more': 36}, {'J10': 18, 'J11': 48, 'J12': 3, 'J13': 32, 'cluster3106249630_3106249631_J60_J61_#5more': 81}, 
4895.0, {'J10': -136349.5, 'J11': -445228.5, 'J12': 0, 'J13': -69238.0, 'cluster3106249630_3106249631_J60_J61_#5more': -459657.5}, {'J10': 13, 'J11': 32, 'J12': 0, 'J13': 25, 'cluster3106249630_3106249631_J60_J61_#5more': 36}, {'J10': 18, 'J11': 48, 'J12': 0, 'J13': 32, 'cluster3106249630_3106249631_J60_J61_#5more': 81}, 
4900.0, {'J10': -136529.5, 'J11': -445708.5, 'J12': 0, 'J13': -69558.0, 'cluster3106249630_3106249631_J60_J61_#5more': -460469.5}, {'J10': 13, 'J11': 32, 'J12': 0, 'J13': 25, 'cluster3106249630_3106249631_J60_J61_#5more': 36}, {'J10': 18, 'J11': 48, 'J12': 0, 'J13': 32, 'cluster3106249630_3106249631_J60_J61_#5more': 84}, 
4905.0, {'J10': -136709.5, 'J11': -446188.5, 'J12': 0, 'J13': -69878.5, 'cluster3106249630_3106249631_J60_J61_#5more': -461313.0}, {'J10': 13, 'J11': 32, 'J12': 0, 'J13': 26, 'cluster3106249630_3106249631_J60_J61_#5more': 36}, {'J10': 18, 'J11': 48, 'J12': 0, 'J13': 33, 'cluster3106249630_3106249631_J60_J61_#5more': 85}, 
4910.0, {'J10': -136889.5, 'J11': -446668.5, 'J12': 0, 'J13': -70213.0, 'cluster3106249630_3106249631_J60_J61_#5more': -462142.5}, {'J10': 13, 'J11': 32, 'J12': 0, 'J13': 27, 'cluster3106249630_3106249631_J60_J61_#5more': 36}, {'J10': 18, 'J11': 48, 'J12': 0, 'J13': 34, 'cluster3106249630_3106249631_J60_J61_#5more': 84}, 
4915.0, {'J10': -137069.5, 'J11': -447148.5, 'J12': 0, 'J13': -70555.5, 'cluster3106249630_3106249631_J60_J61_#5more': -462982.5}, {'J10': 13, 'J11': 32, 'J12': 0, 'J13': 28, 'cluster3106249630_3106249631_J60_J61_#5more': 36}, {'J10': 18, 'J11': 48, 'J12': 0, 'J13': 35, 'cluster3106249630_3106249631_J60_J61_#5more': 84}, 
4920.0, {'J10': -137249.5, 'J11': -447628.5, 'J12': -12.0, 'J13': -70905.5, 'cluster3106249630_3106249631_J60_J61_#5more': -463822.5}, {'J10': 13, 'J11': 32, 'J12': 6, 'J13': 28, 'cluster3106249630_3106249631_J60_J61_#5more': 36}, {'J10': 18, 'J11': 48, 'J12': 6, 'J13': 35, 'cluster3106249630_3106249631_J60_J61_#5more': 84}, 
4925.0, {'J10': -137429.5, 'J11': -448108.5, 'J12': -72.0, 'J13': -71255.5, 'cluster3106249630_3106249631_J60_J61_#5more': -464662.5}, {'J10': 13, 'J11': 32, 'J12': 6, 'J13': 28, 'cluster3106249630_3106249631_J60_J61_#5more': 36}, {'J10': 18, 'J11': 48, 'J12': 6, 'J13': 35, 'cluster3106249630_3106249631_J60_J61_#5more': 84}, 
4930.0, {'J10': -137609.5, 'J11': -448588.5, 'J12': -109.5, 'J13': -71605.5, 'cluster3106249630_3106249631_J60_J61_#5more': -465502.5}, {'J10': 13, 'J11': 32, 'J12': 5, 'J13': 28, 'cluster3106249630_3106249631_J60_J61_#5more': 36}, {'J10': 18, 'J11': 48, 'J12': 5, 'J13': 35, 'cluster3106249630_3106249631_J60_J61_#5more': 84}, 
4935.0, {'J10': -137789.5, 'J11': -449068.5, 'J12': -31.0, 'J13': -71955.5, 'cluster3106249630_3106249631_J60_J61_#5more': -466342.5}, {'J10': 13, 'J11': 32, 'J12': 1, 'J13': 28, 'cluster3106249630_3106249631_J60_J61_#5more': 36}, {'J10': 18, 'J11': 48, 'J12': 1, 'J13': 35, 'cluster3106249630_3106249631_J60_J61_#5more': 84}, 
4940.0, {'J10': -137969.5, 'J11': -449548.5, 'J12': -41.0, 'J13': -72305.5, 'cluster3106249630_3106249631_J60_J61_#5more': -467182.5}, {'J10': 13, 'J11': 32, 'J12': 1, 'J13': 28, 'cluster3106249630_3106249631_J60_J61_#5more': 36}, {'J10': 18, 'J11': 48, 'J12': 1, 'J13': 35, 'cluster3106249630_3106249631_J60_J61_#5more': 84}, 
4945.0, {'J10': -138149.5, 'J11': -450028.5, 'J12': 0, 'J13': -72655.5, 'cluster3106249630_3106249631_J60_J61_#5more': -466255.0}, {'J10': 13, 'J11': 32, 'J12': 0, 'J13': 28, 'cluster3106249630_3106249631_J60_J61_#5more': 36}, {'J10': 18, 'J11': 48, 'J12': 0, 'J13': 35, 'cluster3106249630_3106249631_J60_J61_#5more': 82}, 
4950.0, {'J10': -138329.5, 'J11': -450508.5, 'J12': 0, 'J13': -71145.5, 'cluster3106249630_3106249631_J60_J61_#5more': -467075.0}, {'J10': 13, 'J11': 32, 'J12': 0, 'J13': 26, 'cluster3106249630_3106249631_J60_J61_#5more': 36}, {'J10': 18, 'J11': 48, 'J12': 0, 'J13': 33, 'cluster3106249630_3106249631_J60_J61_#5more': 82}, 
4955.0, {'J10': -138509.5, 'J11': -450988.5, 'J12': 0, 'J13': -69599.0, 'cluster3106249630_3106249631_J60_J61_#5more': -467895.0}, {'J10': 13, 'J11': 32, 'J12': 0, 'J13': 24, 'cluster3106249630_3106249631_J60_J61_#5more': 36}, {'J10': 18, 'J11': 48, 'J12': 0, 'J13': 31, 'cluster3106249630_3106249631_J60_J61_#5more': 82}, 
4960.0, {'J10': -138689.5, 'J11': -451468.5, 'J12': 0, 'J13': -69909.0, 'cluster3106249630_3106249631_J60_J61_#5more': -468721.5}, {'J10': 13, 'J11': 32, 'J12': 0, 'J13': 24, 'cluster3106249630_3106249631_J60_J61_#5more': 36}, {'J10': 18, 'J11': 48, 'J12': 0, 'J13': 31, 'cluster3106249630_3106249631_J60_J61_#5more': 84}, 
4965.0, {'J10': -138869.5, 'J11': -451948.5, 'J12': 0, 'J13': -70219.0, 'cluster3106249630_3106249631_J60_J61_#5more': -469561.5}, {'J10': 13, 'J11': 32, 'J12': 0, 'J13': 24, 'cluster3106249630_3106249631_J60_J61_#5more': 36}, {'J10': 18, 'J11': 48, 'J12': 0, 'J13': 31, 'cluster3106249630_3106249631_J60_J61_#5more': 84}, 
4970.0, {'J10': -139049.5, 'J11': -452428.5, 'J12': 0, 'J13': -70529.0, 'cluster3106249630_3106249631_J60_J61_#5more': -470401.5}, {'J10': 13, 'J11': 32, 'J12': 0, 'J13': 24, 'cluster3106249630_3106249631_J60_J61_#5more': 36}, {'J10': 18, 'J11': 48, 'J12': 0, 'J13': 31, 'cluster3106249630_3106249631_J60_J61_#5more': 84}, 
4975.0, {'J10': -139229.5, 'J11': -452908.5, 'J12': -4.0, 'J13': -70853.0, 'cluster3106249630_3106249631_J60_J61_#5more': -471241.5}, {'J10': 13, 'J11': 32, 'J12': 1, 'J13': 28, 'cluster3106249630_3106249631_J60_J61_#5more': 36}, {'J10': 18, 'J11': 48, 'J12': 1, 'J13': 35, 'cluster3106249630_3106249631_J60_J61_#5more': 84}, 
4980.0, {'J10': -139409.5, 'J11': -453388.5, 'J12': -14.0, 'J13': -71203.0, 'cluster3106249630_3106249631_J60_J61_#5more': -472081.5}, {'J10': 13, 'J11': 32, 'J12': 1, 'J13': 28, 'cluster3106249630_3106249631_J60_J61_#5more': 36}, {'J10': 18, 'J11': 48, 'J12': 1, 'J13': 35, 'cluster3106249630_3106249631_J60_J61_#5more': 84}, 
4985.0, {'J10': -139589.5, 'J11': -453868.5, 'J12': 0, 'J13': -71553.0, 'cluster3106249630_3106249631_J60_J61_#5more': -472921.5}, {'J10': 13, 'J11': 32, 'J12': 0, 'J13': 28, 'cluster3106249630_3106249631_J60_J61_#5more': 36}, {'J10': 18, 'J11': 48, 'J12': 0, 'J13': 35, 'cluster3106249630_3106249631_J60_J61_#5more': 84}, 
4990.0, {'J10': -139769.5, 'J11': -454348.5, 'J12': -1.0, 'J13': -71903.0, 'cluster3106249630_3106249631_J60_J61_#5more': -473761.5}, {'J10': 13, 'J11': 32, 'J12': 2, 'J13': 28, 'cluster3106249630_3106249631_J60_J61_#5more': 36}, {'J10': 18, 'J11': 48, 'J12': 2, 'J13': 35, 'cluster3106249630_3106249631_J60_J61_#5more': 84}, 
4995.0, {'J10': -139949.5, 'J11': -454828.5, 'J12': -30.0, 'J13': -72253.0, 'cluster3106249630_3106249631_J60_J61_#5more': -474601.5}, {'J10': 13, 'J11': 32, 'J12': 6, 'J13': 28, 'cluster3106249630_3106249631_J60_J61_#5more': 36}, {'J10': 18, 'J11': 48, 'J12': 6, 'J13': 35, 'cluster3106249630_3106249631_J60_J61_#5more': 84}, 
5000.0, {'J10': -140129.5, 'J11': -455308.5, 'J12': -49.0, 'J13': -72603.0, 'cluster3106249630_3106249631_J60_J61_#5more': -475441.5}, {'J10': 13, 'J11': 32, 'J12': 4, 'J13': 28, 'cluster3106249630_3106249631_J60_J61_#5more': 36}, {'J10': 18, 'J11': 48, 'J12': 4, 'J13': 35, 'cluster3106249630_3106249631_J60_J61_#5more': 84}, 
5005.0, {'J10': -140309.5, 'J11': -455788.5, 'J12': -43.5, 'J13': -72953.0, 'cluster3106249630_3106249631_J60_J61_#5more': -476281.5}, {'J10': 13, 'J11': 32, 'J12': 2, 'J13': 28, 'cluster3106249630_3106249631_J60_J61_#5more': 36}, {'J10': 18, 'J11': 48, 'J12': 2, 'J13': 35, 'cluster3106249630_3106249631_J60_J61_#5more': 84}, 
5010.0, {'J10': -140489.5, 'J11': -456268.5, 'J12': -65.5, 'J13': -73303.0, 'cluster3106249630_3106249631_J60_J61_#5more': -476367.5}, {'J10': 13, 'J11': 32, 'J12': 4, 'J13': 28, 'cluster3106249630_3106249631_J60_J61_#5more': 36}, {'J10': 18, 'J11': 48, 'J12': 4, 'J13': 35, 'cluster3106249630_3106249631_J60_J61_#5more': 83}, 
5015.0, {'J10': -140669.5, 'J11': -456748.5, 'J12': -119.0, 'J13': -71796.0, 'cluster3106249630_3106249631_J60_J61_#5more': -476435.0}, {'J10': 13, 'J11': 32, 'J12': 9, 'J13': 26, 'cluster3106249630_3106249631_J60_J61_#5more': 36}, {'J10': 18, 'J11': 48, 'J12': 9, 'J13': 33, 'cluster3106249630_3106249631_J60_J61_#5more': 82}, 
5020.0, {'J10': -140849.5, 'J11': -457228.5, 'J12': -213.5, 'J13': -70501.0, 'cluster3106249630_3106249631_J60_J61_#5more': -477255.0}, {'J10': 13, 'J11': 32, 'J12': 10, 'J13': 24, 'cluster3106249630_3106249631_J60_J61_#5more': 36}, {'J10': 18, 'J11': 48, 'J12': 10, 'J13': 31, 'cluster3106249630_3106249631_J60_J61_#5more': 82}, 
5025.0, {'J10': -141029.5, 'J11': -457708.5, 'J12': -313.5, 'J13': -70811.0, 'cluster3106249630_3106249631_J60_J61_#5more': -478080.5}, {'J10': 13, 'J11': 32, 'J12': 10, 'J13': 24, 'cluster3106249630_3106249631_J60_J61_#5more': 36}, {'J10': 18, 'J11': 48, 'J12': 10, 'J13': 31, 'cluster3106249630_3106249631_J60_J61_#5more': 84}, 
5030.0, {'J10': -141209.5, 'J11': -458188.5, 'J12': -413.5, 'J13': -71121.0, 'cluster3106249630_3106249631_J60_J61_#5more': -477168.5}, {'J10': 13, 'J11': 32, 'J12': 10, 'J13': 24, 'cluster3106249630_3106249631_J60_J61_#5more': 36}, {'J10': 18, 'J11': 48, 'J12': 10, 'J13': 31, 'cluster3106249630_3106249631_J60_J61_#5more': 83}, 
5035.0, {'J10': -141389.5, 'J11': -458668.5, 'J12': -513.5, 'J13': -71431.0, 'cluster3106249630_3106249631_J60_J61_#5more': -475017.0}, {'J10': 13, 'J11': 32, 'J12': 10, 'J13': 24, 'cluster3106249630_3106249631_J60_J61_#5more': 36}, {'J10': 18, 'J11': 48, 'J12': 10, 'J13': 31, 'cluster3106249630_3106249631_J60_J61_#5more': 82}, 
5040.0, {'J10': -141569.5, 'J11': -459148.5, 'J12': -613.5, 'J13': -71755.0, 'cluster3106249630_3106249631_J60_J61_#5more': -475837.0}, {'J10': 13, 'J11': 32, 'J12': 10, 'J13': 28, 'cluster3106249630_3106249631_J60_J61_#5more': 36}, {'J10': 18, 'J11': 48, 'J12': 10, 'J13': 35, 'cluster3106249630_3106249631_J60_J61_#5more': 82}, 
5045.0, {'J10': -141749.5, 'J11': -459628.5, 'J12': -713.5, 'J13': -72105.0, 'cluster3106249630_3106249631_J60_J61_#5more': -476657.0}, {'J10': 13, 'J11': 32, 'J12': 10, 'J13': 28, 'cluster3106249630_3106249631_J60_J61_#5more': 36}, {'J10': 18, 'J11': 48, 'J12': 10, 'J13': 35, 'cluster3106249630_3106249631_J60_J61_#5more': 82}, 
5050.0, {'J10': -141929.5, 'J11': -460108.5, 'J12': -813.5, 'J13': -72455.0, 'cluster3106249630_3106249631_J60_J61_#5more': -477477.0}, {'J10': 13, 'J11': 32, 'J12': 10, 'J13': 28, 'cluster3106249630_3106249631_J60_J61_#5more': 36}, {'J10': 18, 'J11': 48, 'J12': 10, 'J13': 35, 'cluster3106249630_3106249631_J60_J61_#5more': 82}, 
5055.0, {'J10': -142109.5, 'J11': -460588.5, 'J12': -913.5, 'J13': -72805.0, 'cluster3106249630_3106249631_J60_J61_#5more': -478299.5}, {'J10': 13, 'J11': 32, 'J12': 10, 'J13': 28, 'cluster3106249630_3106249631_J60_J61_#5more': 36}, {'J10': 18, 'J11': 48, 'J12': 10, 'J13': 35, 'cluster3106249630_3106249631_J60_J61_#5more': 84}, 
5060.0, {'J10': -142289.5, 'J11': -461068.5, 'J12': -1013.5, 'J13': -73155.0, 'cluster3106249630_3106249631_J60_J61_#5more': -479139.5}, {'J10': 13, 'J11': 32, 'J12': 10, 'J13': 28, 'cluster3106249630_3106249631_J60_J61_#5more': 36}, {'J10': 18, 'J11': 48, 'J12': 10, 'J13': 35, 'cluster3106249630_3106249631_J60_J61_#5more': 84}, 
5065.0, {'J10': -142469.5, 'J11': -461548.5, 'J12': -1113.5, 'J13': -73505.0, 'cluster3106249630_3106249631_J60_J61_#5more': -479979.5}, {'J10': 13, 'J11': 32, 'J12': 10, 'J13': 28, 'cluster3106249630_3106249631_J60_J61_#5more': 36}, {'J10': 18, 'J11': 48, 'J12': 10, 'J13': 35, 'cluster3106249630_3106249631_J60_J61_#5more': 84}, 
5070.0, {'J10': -142649.5, 'J11': -462028.5, 'J12': -1213.5, 'J13': -73855.0, 'cluster3106249630_3106249631_J60_J61_#5more': -480819.5}, {'J10': 13, 'J11': 32, 'J12': 10, 'J13': 28, 'cluster3106249630_3106249631_J60_J61_#5more': 36}, {'J10': 18, 'J11': 48, 'J12': 10, 'J13': 35, 'cluster3106249630_3106249631_J60_J61_#5more': 84}, 
5075.0, {'J10': -142829.5, 'J11': -462508.5, 'J12': -1313.5, 'J13': -74205.0, 'cluster3106249630_3106249631_J60_J61_#5more': -481165.5}, {'J10': 13, 'J11': 32, 'J12': 10, 'J13': 28, 'cluster3106249630_3106249631_J60_J61_#5more': 36}, {'J10': 18, 'J11': 48, 'J12': 10, 'J13': 35, 'cluster3106249630_3106249631_J60_J61_#5more': 83}, 
5080.0, {'J10': -143009.5, 'J11': -462988.5, 'J12': -1413.5, 'J13': -72697.0, 'cluster3106249630_3106249631_J60_J61_#5more': -481492.5}, {'J10': 13, 'J11': 32, 'J12': 10, 'J13': 26, 'cluster3106249630_3106249631_J60_J61_#5more': 36}, {'J10': 18, 'J11': 48, 'J12': 10, 'J13': 33, 'cluster3106249630_3106249631_J60_J61_#5more': 82}, 
5085.0, {'J10': -143189.5, 'J11': -463468.5, 'J12': -1513.5, 'J13': -71274.5, 'cluster3106249630_3106249631_J60_J61_#5more': -482312.5}, {'J10': 13, 'J11': 32, 'J12': 10, 'J13': 24, 'cluster3106249630_3106249631_J60_J61_#5more': 36}, {'J10': 18, 'J11': 48, 'J12': 10, 'J13': 31, 'cluster3106249630_3106249631_J60_J61_#5more': 82}, 
5090.0, {'J10': -143369.5, 'J11': -463948.5, 'J12': -1613.5, 'J13': -71584.5, 'cluster3106249630_3106249631_J60_J61_#5more': -483138.0}, {'J10': 13, 'J11': 32, 'J12': 10, 'J13': 24, 'cluster3106249630_3106249631_J60_J61_#5more': 36}, {'J10': 18, 'J11': 48, 'J12': 10, 'J13': 31, 'cluster3106249630_3106249631_J60_J61_#5more': 84}, 
5095.0, {'J10': -143549.5, 'J11': -464428.5, 'J12': -1713.5, 'J13': -71894.5, 'cluster3106249630_3106249631_J60_J61_#5more': -483978.0}, {'J10': 13, 'J11': 32, 'J12': 10, 'J13': 24, 'cluster3106249630_3106249631_J60_J61_#5more': 36}, {'J10': 18, 'J11': 48, 'J12': 10, 'J13': 31, 'cluster3106249630_3106249631_J60_J61_#5more': 84}, 
5100.0, {'J10': -143729.5, 'J11': -464908.5, 'J12': -1813.5, 'J13': -72206.0, 'cluster3106249630_3106249631_J60_J61_#5more': -484818.0}, {'J10': 13, 'J11': 32, 'J12': 10, 'J13': 26, 'cluster3106249630_3106249631_J60_J61_#5more': 36}, {'J10': 18, 'J11': 48, 'J12': 10, 'J13': 33, 'cluster3106249630_3106249631_J60_J61_#5more': 84}, 
5105.0, {'J10': -143909.5, 'J11': -465388.5, 'J12': -1913.5, 'J13': -72541.0, 'cluster3106249630_3106249631_J60_J61_#5more': -485658.0}, {'J10': 13, 'J11': 32, 'J12': 10, 'J13': 28, 'cluster3106249630_3106249631_J60_J61_#5more': 36}, {'J10': 18, 'J11': 48, 'J12': 10, 'J13': 35, 'cluster3106249630_3106249631_J60_J61_#5more': 84}, 
5110.0, {'J10': -144089.5, 'J11': -465868.5, 'J12': -2013.5, 'J13': -72891.0, 'cluster3106249630_3106249631_J60_J61_#5more': -486498.0}, {'J10': 13, 'J11': 32, 'J12': 10, 'J13': 28, 'cluster3106249630_3106249631_J60_J61_#5more': 36}, {'J10': 18, 'J11': 48, 'J12': 10, 'J13': 35, 'cluster3106249630_3106249631_J60_J61_#5more': 84}, 
5115.0, {'J10': -144269.5, 'J11': -466348.5, 'J12': -2113.5, 'J13': -73241.0, 'cluster3106249630_3106249631_J60_J61_#5more': -487338.0}, {'J10': 13, 'J11': 32, 'J12': 10, 'J13': 28, 'cluster3106249630_3106249631_J60_J61_#5more': 36}, {'J10': 18, 'J11': 48, 'J12': 10, 'J13': 35, 'cluster3106249630_3106249631_J60_J61_#5more': 84}, 
5120.0, {'J10': -144449.5, 'J11': -466828.5, 'J12': -2213.5, 'J13': -73591.0, 'cluster3106249630_3106249631_J60_J61_#5more': -488178.0}, {'J10': 13, 'J11': 32, 'J12': 10, 'J13': 28, 'cluster3106249630_3106249631_J60_J61_#5more': 36}, {'J10': 18, 'J11': 48, 'J12': 10, 'J13': 35, 'cluster3106249630_3106249631_J60_J61_#5more': 84}, 
5125.0, {'J10': -144629.5, 'J11': -467308.5, 'J12': -2313.5, 'J13': -73941.0, 'cluster3106249630_3106249631_J60_J61_#5more': -489018.0}, {'J10': 13, 'J11': 32, 'J12': 10, 'J13': 28, 'cluster3106249630_3106249631_J60_J61_#5more': 36}, {'J10': 18, 'J11': 48, 'J12': 10, 'J13': 35, 'cluster3106249630_3106249631_J60_J61_#5more': 84}, 
5130.0, {'J10': -144809.5, 'J11': -467788.5, 'J12': -2413.5, 'J13': -74291.0, 'cluster3106249630_3106249631_J60_J61_#5more': -489858.0}, {'J10': 13, 'J11': 32, 'J12': 10, 'J13': 28, 'cluster3106249630_3106249631_J60_J61_#5more': 36}, {'J10': 18, 'J11': 48, 'J12': 10, 'J13': 35, 'cluster3106249630_3106249631_J60_J61_#5more': 84}, 
5135.0, {'J10': -144989.5, 'J11': -468268.5, 'J12': -2513.5, 'J13': -74641.0, 'cluster3106249630_3106249631_J60_J61_#5more': -490698.0}, {'J10': 13, 'J11': 32, 'J12': 10, 'J13': 28, 'cluster3106249630_3106249631_J60_J61_#5more': 36}, {'J10': 18, 'J11': 48, 'J12': 10, 'J13': 35, 'cluster3106249630_3106249631_J60_J61_#5more': 84}, 
5140.0, {'J10': -145169.5, 'J11': -468748.5, 'J12': -2613.5, 'J13': -74991.0, 'cluster3106249630_3106249631_J60_J61_#5more': -491174.0}, {'J10': 13, 'J11': 32, 'J12': 10, 'J13': 28, 'cluster3106249630_3106249631_J60_J61_#5more': 36}, {'J10': 18, 'J11': 48, 'J12': 10, 'J13': 35, 'cluster3106249630_3106249631_J60_J61_#5more': 83}, 
5145.0, {'J10': -145349.5, 'J11': -469228.5, 'J12': -2713.5, 'J13': -73483.5, 'cluster3106249630_3106249631_J60_J61_#5more': -491631.5}, {'J10': 13, 'J11': 32, 'J12': 10, 'J13': 26, 'cluster3106249630_3106249631_J60_J61_#5more': 36}, {'J10': 18, 'J11': 48, 'J12': 10, 'J13': 33, 'cluster3106249630_3106249631_J60_J61_#5more': 82}, 
5150.0, {'J10': -145529.5, 'J11': -469708.5, 'J12': -2813.5, 'J13': -73813.5, 'cluster3106249630_3106249631_J60_J61_#5more': -492451.5}, {'J10': 13, 'J11': 32, 'J12': 10, 'J13': 26, 'cluster3106249630_3106249631_J60_J61_#5more': 36}, {'J10': 18, 'J11': 48, 'J12': 10, 'J13': 33, 'cluster3106249630_3106249631_J60_J61_#5more': 82}, 
5155.0, {'J10': -145709.5, 'J11': -470188.5, 'J12': -2913.5, 'J13': -74143.5, 'cluster3106249630_3106249631_J60_J61_#5more': -493277.0}, {'J10': 13, 'J11': 32, 'J12': 10, 'J13': 26, 'cluster3106249630_3106249631_J60_J61_#5more': 36}, {'J10': 18, 'J11': 48, 'J12': 10, 'J13': 33, 'cluster3106249630_3106249631_J60_J61_#5more': 84}, 
5160.0, {'J10': -145889.5, 'J11': -470668.5, 'J12': -3013.5, 'J13': -74473.5, 'cluster3106249630_3106249631_J60_J61_#5more': -494117.0}, {'J10': 13, 'J11': 32, 'J12': 10, 'J13': 26, 'cluster3106249630_3106249631_J60_J61_#5more': 36}, {'J10': 18, 'J11': 48, 'J12': 10, 'J13': 33, 'cluster3106249630_3106249631_J60_J61_#5more': 84}, 
5165.0, {'J10': -146069.5, 'J11': -471148.5, 'J12': -3113.5, 'J13': -74806.5, 'cluster3106249630_3106249631_J60_J61_#5more': -494957.0}, {'J10': 13, 'J11': 32, 'J12': 10, 'J13': 28, 'cluster3106249630_3106249631_J60_J61_#5more': 36}, {'J10': 18, 'J11': 48, 'J12': 10, 'J13': 35, 'cluster3106249630_3106249631_J60_J61_#5more': 84}, 
5170.0, {'J10': -146249.5, 'J11': -471628.5, 'J12': -3213.5, 'J13': -75156.5, 'cluster3106249630_3106249631_J60_J61_#5more': -495797.0}, {'J10': 13, 'J11': 32, 'J12': 10, 'J13': 28, 'cluster3106249630_3106249631_J60_J61_#5more': 36}, {'J10': 18, 'J11': 48, 'J12': 10, 'J13': 35, 'cluster3106249630_3106249631_J60_J61_#5more': 84}, 
5175.0, {'J10': -146429.5, 'J11': -472108.5, 'J12': -3313.5, 'J13': -75506.5, 'cluster3106249630_3106249631_J60_J61_#5more': -496637.0}, {'J10': 13, 'J11': 32, 'J12': 10, 'J13': 28, 'cluster3106249630_3106249631_J60_J61_#5more': 36}, {'J10': 18, 'J11': 48, 'J12': 10, 'J13': 35, 'cluster3106249630_3106249631_J60_J61_#5more': 84}, 
5180.0, {'J10': -146609.5, 'J11': -472588.5, 'J12': -3413.5, 'J13': -75856.5, 'cluster3106249630_3106249631_J60_J61_#5more': -497477.0}, {'J10': 13, 'J11': 32, 'J12': 10, 'J13': 28, 'cluster3106249630_3106249631_J60_J61_#5more': 36}, {'J10': 18, 'J11': 48, 'J12': 10, 'J13': 35, 'cluster3106249630_3106249631_J60_J61_#5more': 84}, 
5185.0, {'J10': -146789.5, 'J11': -473068.5, 'J12': -3513.5, 'J13': -76206.5, 'cluster3106249630_3106249631_J60_J61_#5more': -498317.0}, {'J10': 13, 'J11': 32, 'J12': 10, 'J13': 28, 'cluster3106249630_3106249631_J60_J61_#5more': 36}, {'J10': 18, 'J11': 48, 'J12': 10, 'J13': 35, 'cluster3106249630_3106249631_J60_J61_#5more': 84}, 
5190.0, {'J10': -146969.5, 'J11': -473548.5, 'J12': -3613.5, 'J13': -76556.5, 'cluster3106249630_3106249631_J60_J61_#5more': -499157.0}, {'J10': 13, 'J11': 32, 'J12': 10, 'J13': 28, 'cluster3106249630_3106249631_J60_J61_#5more': 36}, {'J10': 18, 'J11': 48, 'J12': 10, 'J13': 35, 'cluster3106249630_3106249631_J60_J61_#5more': 84}, 
5195.0, {'J10': -147149.5, 'J11': -474028.5, 'J12': -3713.5, 'J13': -76906.5, 'cluster3106249630_3106249631_J60_J61_#5more': -499997.0}, {'J10': 13, 'J11': 32, 'J12': 10, 'J13': 28, 'cluster3106249630_3106249631_J60_J61_#5more': 36}, {'J10': 18, 'J11': 48, 'J12': 10, 'J13': 35, 'cluster3106249630_3106249631_J60_J61_#5more': 84}, 
5200.0, {'J10': -147329.5, 'J11': -474508.5, 'J12': -3813.5, 'J13': -77256.5, 'cluster3106249630_3106249631_J60_J61_#5more': -500837.0}, {'J10': 13, 'J11': 32, 'J12': 10, 'J13': 28, 'cluster3106249630_3106249631_J60_J61_#5more': 36}, {'J10': 18, 'J11': 48, 'J12': 10, 'J13': 35, 'cluster3106249630_3106249631_J60_J61_#5more': 84}, 
5205.0, {'J10': -147509.5, 'J11': -474988.5, 'J12': -3913.5, 'J13': -77606.5, 'cluster3106249630_3106249631_J60_J61_#5more': -501313.5}, {'J10': 13, 'J11': 32, 'J12': 10, 'J13': 28, 'cluster3106249630_3106249631_J60_J61_#5more': 36}, {'J10': 18, 'J11': 48, 'J12': 10, 'J13': 35, 'cluster3106249630_3106249631_J60_J61_#5more': 83}, 
5210.0, {'J10': -147689.5, 'J11': -475468.5, 'J12': -4013.5, 'J13': -73986.0, 'cluster3106249630_3106249631_J60_J61_#5more': -502143.5}, {'J10': 13, 'J11': 32, 'J12': 10, 'J13': 24, 'cluster3106249630_3106249631_J60_J61_#5more': 36}, {'J10': 18, 'J11': 48, 'J12': 10, 'J13': 31, 'cluster3106249630_3106249631_J60_J61_#5more': 83}, 
5215.0, {'J10': -147869.5, 'J11': -475948.5, 'J12': -4113.5, 'J13': -74296.0, 'cluster3106249630_3106249631_J60_J61_#5more': -502973.5}, {'J10': 13, 'J11': 32, 'J12': 10, 'J13': 24, 'cluster3106249630_3106249631_J60_J61_#5more': 36}, {'J10': 18, 'J11': 48, 'J12': 10, 'J13': 31, 'cluster3106249630_3106249631_J60_J61_#5more': 83}, 
5220.0, {'J10': -148049.5, 'J11': -476428.5, 'J12': -4213.5, 'J13': -74606.0, 'cluster3106249630_3106249631_J60_J61_#5more': -503807.0}, {'J10': 13, 'J11': 32, 'J12': 10, 'J13': 24, 'cluster3106249630_3106249631_J60_J61_#5more': 36}, {'J10': 18, 'J11': 48, 'J12': 10, 'J13': 31, 'cluster3106249630_3106249631_J60_J61_#5more': 84}, 
5225.0, {'J10': -148229.5, 'J11': -476908.5, 'J12': -4313.5, 'J13': -74916.0, 'cluster3106249630_3106249631_J60_J61_#5more': -504647.0}, {'J10': 13, 'J11': 32, 'J12': 10, 'J13': 24, 'cluster3106249630_3106249631_J60_J61_#5more': 36}, {'J10': 18, 'J11': 48, 'J12': 10, 'J13': 31, 'cluster3106249630_3106249631_J60_J61_#5more': 84}, 
5230.0, {'J10': -148409.5, 'J11': -477388.5, 'J12': -4413.5, 'J13': -75226.0, 'cluster3106249630_3106249631_J60_J61_#5more': -505487.0}, {'J10': 13, 'J11': 32, 'J12': 10, 'J13': 24, 'cluster3106249630_3106249631_J60_J61_#5more': 36}, {'J10': 18, 'J11': 48, 'J12': 10, 'J13': 31, 'cluster3106249630_3106249631_J60_J61_#5more': 84}, 
5235.0, {'J10': -148589.5, 'J11': -477868.5, 'J12': -4513.5, 'J13': -75544.5, 'cluster3106249630_3106249631_J60_J61_#5more': -506327.0}, {'J10': 13, 'J11': 32, 'J12': 10, 'J13': 27, 'cluster3106249630_3106249631_J60_J61_#5more': 36}, {'J10': 18, 'J11': 48, 'J12': 10, 'J13': 34, 'cluster3106249630_3106249631_J60_J61_#5more': 84}, 
5240.0, {'J10': -148769.5, 'J11': -478348.5, 'J12': -4613.5, 'J13': -75888.0, 'cluster3106249630_3106249631_J60_J61_#5more': -505013.5}, {'J10': 13, 'J11': 32, 'J12': 10, 'J13': 28, 'cluster3106249630_3106249631_J60_J61_#5more': 36}, {'J10': 18, 'J11': 48, 'J12': 10, 'J13': 35, 'cluster3106249630_3106249631_J60_J61_#5more': 83}, 
5245.0, {'J10': -148949.5, 'J11': -478828.5, 'J12': -4713.5, 'J13': -76238.0, 'cluster3106249630_3106249631_J60_J61_#5more': -500281.0}, {'J10': 13, 'J11': 32, 'J12': 10, 'J13': 28, 'cluster3106249630_3106249631_J60_J61_#5more': 36}, {'J10': 18, 'J11': 48, 'J12': 10, 'J13': 35, 'cluster3106249630_3106249631_J60_J61_#5more': 81}, 
5250.0, {'J10': -149129.5, 'J11': -479308.5, 'J12': -4813.5, 'J13': -76588.0, 'cluster3106249630_3106249631_J60_J61_#5more': -501091.0}, {'J10': 13, 'J11': 32, 'J12': 10, 'J13': 28, 'cluster3106249630_3106249631_J60_J61_#5more': 36}, {'J10': 18, 'J11': 48, 'J12': 10, 'J13': 35, 'cluster3106249630_3106249631_J60_J61_#5more': 81}, 
5255.0, {'J10': -149309.5, 'J11': -479788.5, 'J12': -4913.5, 'J13': -76938.0, 'cluster3106249630_3106249631_J60_J61_#5more': -501901.0}, {'J10': 13, 'J11': 32, 'J12': 10, 'J13': 28, 'cluster3106249630_3106249631_J60_J61_#5more': 36}, {'J10': 18, 'J11': 48, 'J12': 10, 'J13': 35, 'cluster3106249630_3106249631_J60_J61_#5more': 81}, 
5260.0, {'J10': -149489.5, 'J11': -480268.5, 'J12': -5013.5, 'J13': -77288.0, 'cluster3106249630_3106249631_J60_J61_#5more': -502711.0}, {'J10': 13, 'J11': 32, 'J12': 10, 'J13': 28, 'cluster3106249630_3106249631_J60_J61_#5more': 36}, {'J10': 18, 'J11': 48, 'J12': 10, 'J13': 35, 'cluster3106249630_3106249631_J60_J61_#5more': 81}, 
5265.0, {'J10': -149669.5, 'J11': -480748.5, 'J12': -5113.5, 'J13': -77638.0, 'cluster3106249630_3106249631_J60_J61_#5more': -503521.0}, {'J10': 13, 'J11': 32, 'J12': 10, 'J13': 28, 'cluster3106249630_3106249631_J60_J61_#5more': 36}, {'J10': 18, 'J11': 48, 'J12': 10, 'J13': 35, 'cluster3106249630_3106249631_J60_J61_#5more': 81}, 
5270.0, {'J10': -149849.5, 'J11': -481228.5, 'J12': -5213.5, 'J13': -77988.0, 'cluster3106249630_3106249631_J60_J61_#5more': -503483.5}, {'J10': 13, 'J11': 32, 'J12': 10, 'J13': 28, 'cluster3106249630_3106249631_J60_J61_#5more': 36}, {'J10': 18, 'J11': 48, 'J12': 10, 'J13': 35, 'cluster3106249630_3106249631_J60_J61_#5more': 81}, 
5275.0, {'J10': -150029.5, 'J11': -481708.5, 'J12': -5313.5, 'J13': -75360.0, 'cluster3106249630_3106249631_J60_J61_#5more': -504293.5}, {'J10': 13, 'J11': 32, 'J12': 10, 'J13': 25, 'cluster3106249630_3106249631_J60_J61_#5more': 36}, {'J10': 18, 'J11': 48, 'J12': 10, 'J13': 32, 'cluster3106249630_3106249631_J60_J61_#5more': 81}, 
5280.0, {'J10': -150209.5, 'J11': -482188.5, 'J12': -5413.5, 'J13': -74805.5, 'cluster3106249630_3106249631_J60_J61_#5more': -505104.0}, {'J10': 13, 'J11': 32, 'J12': 10, 'J13': 24, 'cluster3106249630_3106249631_J60_J61_#5more': 36}, {'J10': 18, 'J11': 48, 'J12': 10, 'J13': 31, 'cluster3106249630_3106249631_J60_J61_#5more': 82}, 
5285.0, {'J10': -150389.5, 'J11': -482668.5, 'J12': -5513.5, 'J13': -75115.5, 'cluster3106249630_3106249631_J60_J61_#5more': -505930.0}, {'J10': 13, 'J11': 32, 'J12': 10, 'J13': 24, 'cluster3106249630_3106249631_J60_J61_#5more': 36}, {'J10': 18, 'J11': 48, 'J12': 10, 'J13': 31, 'cluster3106249630_3106249631_J60_J61_#5more': 84}, 
5290.0, {'J10': -150569.5, 'J11': -483148.5, 'J12': -5613.5, 'J13': -75425.5, 'cluster3106249630_3106249631_J60_J61_#5more': -506749.5}, {'J10': 13, 'J11': 32, 'J12': 10, 'J13': 24, 'cluster3106249630_3106249631_J60_J61_#5more': 36}, {'J10': 18, 'J11': 48, 'J12': 10, 'J13': 31, 'cluster3106249630_3106249631_J60_J61_#5more': 83}, 
5295.0, {'J10': -150749.5, 'J11': -483628.5, 'J12': -5713.5, 'J13': -75735.5, 'cluster3106249630_3106249631_J60_J61_#5more': -507579.5}, {'J10': 13, 'J11': 32, 'J12': 10, 'J13': 24, 'cluster3106249630_3106249631_J60_J61_#5more': 36}, {'J10': 18, 'J11': 48, 'J12': 10, 'J13': 31, 'cluster3106249630_3106249631_J60_J61_#5more': 83}, 
5300.0, {'J10': -150929.5, 'J11': -484108.5, 'J12': -5813.5, 'J13': -76054.0, 'cluster3106249630_3106249631_J60_J61_#5more': -508409.5}, {'J10': 13, 'J11': 32, 'J12': 10, 'J13': 27, 'cluster3106249630_3106249631_J60_J61_#5more': 36}, {'J10': 18, 'J11': 48, 'J12': 10, 'J13': 34, 'cluster3106249630_3106249631_J60_J61_#5more': 83}, 
5305.0, {'J10': -151109.5, 'J11': -484588.5, 'J12': -5913.5, 'J13': -76396.5, 'cluster3106249630_3106249631_J60_J61_#5more': -509239.5}, {'J10': 13, 'J11': 32, 'J12': 10, 'J13': 28, 'cluster3106249630_3106249631_J60_J61_#5more': 36}, {'J10': 18, 'J11': 48, 'J12': 10, 'J13': 35, 'cluster3106249630_3106249631_J60_J61_#5more': 83}, 
5310.0, {'J10': -151289.5, 'J11': -485068.5, 'J12': -6013.5, 'J13': -76746.5, 'cluster3106249630_3106249631_J60_J61_#5more': -510069.5}, {'J10': 13, 'J11': 32, 'J12': 10, 'J13': 28, 'cluster3106249630_3106249631_J60_J61_#5more': 36}, {'J10': 18, 'J11': 48, 'J12': 10, 'J13': 35, 'cluster3106249630_3106249631_J60_J61_#5more': 83}, 
5315.0, {'J10': -151469.5, 'J11': -485548.5, 'J12': -6113.5, 'J13': -77096.5, 'cluster3106249630_3106249631_J60_J61_#5more': -510899.5}, {'J10': 13, 'J11': 32, 'J12': 10, 'J13': 28, 'cluster3106249630_3106249631_J60_J61_#5more': 36}, {'J10': 18, 'J11': 48, 'J12': 10, 'J13': 35, 'cluster3106249630_3106249631_J60_J61_#5more': 83}, 
5320.0, {'J10': -151649.5, 'J11': -486028.5, 'J12': -6213.5, 'J13': -77446.5, 'cluster3106249630_3106249631_J60_J61_#5more': -511729.5}, {'J10': 13, 'J11': 32, 'J12': 10, 'J13': 28, 'cluster3106249630_3106249631_J60_J61_#5more': 36}, {'J10': 18, 'J11': 48, 'J12': 10, 'J13': 35, 'cluster3106249630_3106249631_J60_J61_#5more': 83}, 
5325.0, {'J10': -151829.5, 'J11': -486508.5, 'J12': -6313.5, 'J13': -77796.5, 'cluster3106249630_3106249631_J60_J61_#5more': -512559.5}, {'J10': 13, 'J11': 32, 'J12': 10, 'J13': 28, 'cluster3106249630_3106249631_J60_J61_#5more': 36}, {'J10': 18, 'J11': 48, 'J12': 10, 'J13': 35, 'cluster3106249630_3106249631_J60_J61_#5more': 83}, 
5330.0, {'J10': -152009.5, 'J11': -486988.5, 'J12': -6413.5, 'J13': -78146.5, 'cluster3106249630_3106249631_J60_J61_#5more': -513389.5}, {'J10': 13, 'J11': 32, 'J12': 10, 'J13': 28, 'cluster3106249630_3106249631_J60_J61_#5more': 36}, {'J10': 18, 'J11': 48, 'J12': 10, 'J13': 35, 'cluster3106249630_3106249631_J60_J61_#5more': 83}, 
5335.0, {'J10': -152189.5, 'J11': -487468.5, 'J12': -6513.5, 'J13': -78496.5, 'cluster3106249630_3106249631_J60_J61_#5more': -513727.5}, {'J10': 13, 'J11': 32, 'J12': 10, 'J13': 28, 'cluster3106249630_3106249631_J60_J61_#5more': 36}, {'J10': 18, 'J11': 48, 'J12': 10, 'J13': 35, 'cluster3106249630_3106249631_J60_J61_#5more': 82}, 
5340.0, {'J10': -152369.5, 'J11': -487948.5, 'J12': -6613.5, 'J13': -75866.5, 'cluster3106249630_3106249631_J60_J61_#5more': -514174.0}, {'J10': 13, 'J11': 32, 'J12': 10, 'J13': 25, 'cluster3106249630_3106249631_J60_J61_#5more': 36}, {'J10': 18, 'J11': 48, 'J12': 10, 'J13': 32, 'cluster3106249630_3106249631_J60_J61_#5more': 81}, 
5345.0, {'J10': -152549.5, 'J11': -488428.5, 'J12': -6713.5, 'J13': -75324.0, 'cluster3106249630_3106249631_J60_J61_#5more': -514984.0}, {'J10': 13, 'J11': 32, 'J12': 10, 'J13': 24, 'cluster3106249630_3106249631_J60_J61_#5more': 36}, {'J10': 18, 'J11': 48, 'J12': 10, 'J13': 31, 'cluster3106249630_3106249631_J60_J61_#5more': 81}, 
5350.0, {'J10': -152729.5, 'J11': -488908.5, 'J12': -6813.5, 'J13': -75634.0, 'cluster3106249630_3106249631_J60_J61_#5more': -515799.5}, {'J10': 13, 'J11': 32, 'J12': 10, 'J13': 24, 'cluster3106249630_3106249631_J60_J61_#5more': 36}, {'J10': 18, 'J11': 48, 'J12': 10, 'J13': 31, 'cluster3106249630_3106249631_J60_J61_#5more': 83}, 
5355.0, {'J10': -152909.5, 'J11': -489388.5, 'J12': -6913.5, 'J13': -75944.0, 'cluster3106249630_3106249631_J60_J61_#5more': -516629.5}, {'J10': 13, 'J11': 32, 'J12': 10, 'J13': 24, 'cluster3106249630_3106249631_J60_J61_#5more': 36}, {'J10': 18, 'J11': 48, 'J12': 10, 'J13': 31, 'cluster3106249630_3106249631_J60_J61_#5more': 83}, 
5360.0, {'J10': -153089.5, 'J11': -489868.5, 'J12': -7013.5, 'J13': -76254.0, 'cluster3106249630_3106249631_J60_J61_#5more': -517459.5}, {'J10': 13, 'J11': 32, 'J12': 10, 'J13': 24, 'cluster3106249630_3106249631_J60_J61_#5more': 36}, {'J10': 18, 'J11': 48, 'J12': 10, 'J13': 31, 'cluster3106249630_3106249631_J60_J61_#5more': 83}, 
5365.0, {'J10': -153269.5, 'J11': -490348.5, 'J12': -7113.5, 'J13': -76574.5, 'cluster3106249630_3106249631_J60_J61_#5more': -518289.5}, {'J10': 13, 'J11': 32, 'J12': 10, 'J13': 27, 'cluster3106249630_3106249631_J60_J61_#5more': 36}, {'J10': 18, 'J11': 48, 'J12': 10, 'J13': 34, 'cluster3106249630_3106249631_J60_J61_#5more': 83}, 
5370.0, {'J10': -153449.5, 'J11': -490828.5, 'J12': -7213.5, 'J13': -76918.0, 'cluster3106249630_3106249631_J60_J61_#5more': -516725.0}, {'J10': 13, 'J11': 32, 'J12': 10, 'J13': 28, 'cluster3106249630_3106249631_J60_J61_#5more': 36}, {'J10': 18, 'J11': 48, 'J12': 10, 'J13': 35, 'cluster3106249630_3106249631_J60_J61_#5more': 82}, 
5375.0, {'J10': -153629.5, 'J11': -491308.5, 'J12': -7313.5, 'J13': -77268.0, 'cluster3106249630_3106249631_J60_J61_#5more': -511500.5}, {'J10': 13, 'J11': 32, 'J12': 10, 'J13': 28, 'cluster3106249630_3106249631_J60_J61_#5more': 36}, {'J10': 18, 'J11': 48, 'J12': 10, 'J13': 35, 'cluster3106249630_3106249631_J60_J61_#5more': 80}, 
5380.0, {'J10': -153809.5, 'J11': -491788.5, 'J12': -7413.5, 'J13': -77618.0, 'cluster3106249630_3106249631_J60_J61_#5more': -512300.5}, {'J10': 13, 'J11': 32, 'J12': 10, 'J13': 28, 'cluster3106249630_3106249631_J60_J61_#5more': 36}, {'J10': 18, 'J11': 48, 'J12': 10, 'J13': 35, 'cluster3106249630_3106249631_J60_J61_#5more': 80}, 
5385.0, {'J10': -153989.5, 'J11': -492268.5, 'J12': -7513.5, 'J13': -77968.0, 'cluster3106249630_3106249631_J60_J61_#5more': -513100.5}, {'J10': 13, 'J11': 32, 'J12': 10, 'J13': 28, 'cluster3106249630_3106249631_J60_J61_#5more': 36}, {'J10': 18, 'J11': 48, 'J12': 10, 'J13': 35, 'cluster3106249630_3106249631_J60_J61_#5more': 80}, 
5390.0, {'J10': -154169.5, 'J11': -492748.5, 'J12': -7613.5, 'J13': -78318.0, 'cluster3106249630_3106249631_J60_J61_#5more': -513900.5}, {'J10': 13, 'J11': 32, 'J12': 10, 'J13': 28, 'cluster3106249630_3106249631_J60_J61_#5more': 36}, {'J10': 18, 'J11': 48, 'J12': 10, 'J13': 35, 'cluster3106249630_3106249631_J60_J61_#5more': 80}, 
5395.0, {'J10': -154349.5, 'J11': -493228.5, 'J12': -7713.5, 'J13': -78668.0, 'cluster3106249630_3106249631_J60_J61_#5more': -514701.0}, {'J10': 13, 'J11': 32, 'J12': 10, 'J13': 28, 'cluster3106249630_3106249631_J60_J61_#5more': 36}, {'J10': 18, 'J11': 48, 'J12': 10, 'J13': 35, 'cluster3106249630_3106249631_J60_J61_#5more': 81}, 
5400.0, {'J10': -154529.5, 'J11': -493708.5, 'J12': -7813.5, 'J13': -79018.0, 'cluster3106249630_3106249631_J60_J61_#5more': -514662.5}, {'J10': 13, 'J11': 32, 'J12': 10, 'J13': 28, 'cluster3106249630_3106249631_J60_J61_#5more': 36}, {'J10': 18, 'J11': 48, 'J12': 10, 'J13': 35, 'cluster3106249630_3106249631_J60_J61_#5more': 81}, 
