5.0, {'J01': -0.0, 'top_mgr': 0}, {'J01': 0}, {'J01': 0}, 
10.0, {'J01': -1.8, 'top_mgr': 0}, {'J01': 1}, {'J01': 1}, 
15.0, {'J01': -14.2, 'top_mgr': 3}, {'J01': 3}, {'J01': 6}, 
20.0, {'J01': -31.2, 'top_mgr': 3}, {'J01': 4}, {'J01': 7}, 
25.0, {'J01': -28.2, 'top_mgr': 2}, {'J01': 4}, {'J01': 6}, 
30.0, {'J01': -22.4, 'top_mgr': 5}, {'J01': 2}, {'J01': 4}, 
35.0, {'J01': -41.6, 'top_mgr': 0}, {'J01': 2}, {'J01': 8}, 
40.0, {'J01': -62.60000000000001, 'top_mgr': 1}, {'J01': 3}, {'J01': 11}, 
45.0, {'J01': -90.00000000000001, 'top_mgr': 2}, {'J01': 4}, {'J01': 18}, 
50.0, {'J01': -88.0, 'top_mgr': 7}, {'J01': 4}, {'J01': 17}, 
55.0, {'J01': -71.4, 'top_mgr': 9}, {'J01': 4}, {'J01': 11}, 
60.0, {'J01': -96.4, 'top_mgr': 8}, {'J01': 4}, {'J01': 12}, 
65.0, {'J01': -112.20000000000002, 'top_mgr': 7}, {'J01': 4}, {'J01': 12}, 
70.0, {'J01': -97.0, 'top_mgr': 9}, {'J01': 3}, {'J01': 11}, 
75.0, {'J01': -82.0, 'top_mgr': 4}, {'J01': 4}, {'J01': 17}, 
80.0, {'J01': -78.8, 'top_mgr': 6}, {'J01': 6}, {'J01': 20}, 
85.0, {'J01': -94.0, 'top_mgr': 3}, {'J01': 8}, {'J01': 26}, 
90.0, {'J01': -134.0, 'top_mgr': 0}, {'J01': 8}, {'J01': 30}, 
95.0, {'J01': -124.60000000000001, 'top_mgr': 7}, {'J01': 7}, {'J01': 25}, 
100.0, {'J01': -97.0, 'top_mgr': 9}, {'J01': 5}, {'J01': 18}, 
105.0, {'J01': -111.19999999999999, 'top_mgr': 10}, {'J01': 4}, {'J01': 15}, 
110.0, {'J01': -93.79999999999998, 'top_mgr': 6}, {'J01': 4}, {'J01': 12}, 
115.0, {'J01': -118.0, 'top_mgr': 6}, {'J01': 4}, {'J01': 14}, 
120.0, {'J01': -121.19999999999999, 'top_mgr': 4}, {'J01': 3}, {'J01': 13}, 
125.0, {'J01': -145.0, 'top_mgr': 4}, {'J01': 3}, {'J01': 18}, 
130.0, {'J01': -122.6, 'top_mgr': 6}, {'J01': 7}, {'J01': 22}, 
135.0, {'J01': -158.4, 'top_mgr': 2}, {'J01': 8}, {'J01': 29}, 
140.0, {'J01': -165.4, 'top_mgr': 2}, {'J01': 8}, {'J01': 36}, 
145.0, {'J01': -174.6, 'top_mgr': 5}, {'J01': 7}, {'J01': 35}, 
150.0, {'J01': -164.00000000000003, 'top_mgr': 16}, {'J01': 4}, {'J01': 21}, 
155.0, {'J01': -191.4, 'top_mgr': 9}, {'J01': 4}, {'J01': 17}, 
160.0, {'J01': -178.20000000000002, 'top_mgr': 10}, {'J01': 4}, {'J01': 14}, 
165.0, {'J01': -208.79999999999998, 'top_mgr': 5}, {'J01': 4}, {'J01': 15}, 
170.0, {'J01': -194.60000000000002, 'top_mgr': 5}, {'J01': 4}, {'J01': 17}, 
175.0, {'J01': -201.4, 'top_mgr': 3}, {'J01': 3}, {'J01': 22}, 
180.0, {'J01': -191.20000000000002, 'top_mgr': 6}, {'J01': 6}, {'J01': 25}, 
185.0, {'J01': -245.20000000000002, 'top_mgr': 2}, {'J01': 8}, {'J01': 33}, 
190.0, {'J01': -268.6, 'top_mgr': 3}, {'J01': 8}, {'J01': 33}, 
195.0, {'J01': -302.40000000000003, 'top_mgr': 1}, {'J01': 8}, {'J01': 36}, 
200.0, {'J01': -351.6, 'top_mgr': 0}, {'J01': 8}, {'J01': 40}, 
205.0, {'J01': -399.6, 'top_mgr': 0}, {'J01': 8}, {'J01': 40}, 
210.0, {'J01': -375.6, 'top_mgr': 7}, {'J01': 7}, {'J01': 33}, 
215.0, {'J01': -323.20000000000005, 'top_mgr': 13}, {'J01': 5}, {'J01': 22}, 
220.0, {'J01': -265.20000000000005, 'top_mgr': 8}, {'J01': 4}, {'J01': 19}, 
225.0, {'J01': -290.0, 'top_mgr': 3}, {'J01': 4}, {'J01': 17}, 
230.0, {'J01': -274.40000000000003, 'top_mgr': 6}, {'J01': 4}, {'J01': 16}, 
235.0, {'J01': -310.4000000000001, 'top_mgr': 2}, {'J01': 3}, {'J01': 21}, 
240.0, {'J01': -306.00000000000006, 'top_mgr': 1}, {'J01': 6}, {'J01': 29}, 
245.0, {'J01': -305.6000000000001, 'top_mgr': 4}, {'J01': 8}, {'J01': 33}, 
250.0, {'J01': -204.79999999999998, 'top_mgr': 4}, {'J01': 8}, {'J01': 30}, 
255.0, {'J01': -237.8, 'top_mgr': 1}, {'J01': 8}, {'J01': 33}, 
260.0, {'J01': -262.2, 'top_mgr': 5}, {'J01': 7}, {'J01': 31}, 
265.0, {'J01': -148.6, 'top_mgr': 12}, {'J01': 5}, {'J01': 24}, 
270.0, {'J01': -177.8, 'top_mgr': 6}, {'J01': 4}, {'J01': 21}, 
275.0, {'J01': -151.0, 'top_mgr': 10}, {'J01': 4}, {'J01': 16}, 
280.0, {'J01': -124.00000000000001, 'top_mgr': 7}, {'J01': 4}, {'J01': 16}, 
285.0, {'J01': -151.60000000000002, 'top_mgr': 5}, {'J01': 4}, {'J01': 16}, 
290.0, {'J01': -198.2, 'top_mgr': 4}, {'J01': 5}, {'J01': 26}, 
295.0, {'J01': -217.00000000000006, 'top_mgr': 5}, {'J01': 8}, {'J01': 35}, 
300.0, {'J01': -260.40000000000003, 'top_mgr': 1}, {'J01': 8}, {'J01': 40}, 
305.0, {'J01': -231.40000000000003, 'top_mgr': 5}, {'J01': 8}, {'J01': 35}, 
310.0, {'J01': -185.8, 'top_mgr': 4}, {'J01': 8}, {'J01': 33}, 
315.0, {'J01': -218.60000000000002, 'top_mgr': 1}, {'J01': 8}, {'J01': 36}, 
320.0, {'J01': -240.39999999999998, 'top_mgr': 5}, {'J01': 8}, {'J01': 36}, 
325.0, {'J01': -209.2, 'top_mgr': 10}, {'J01': 6}, {'J01': 29}, 
330.0, {'J01': -204.39999999999998, 'top_mgr': 11}, {'J01': 4}, {'J01': 21}, 
335.0, {'J01': -184.8, 'top_mgr': 11}, {'J01': 4}, {'J01': 16}, 
340.0, {'J01': -169.60000000000002, 'top_mgr': 8}, {'J01': 4}, {'J01': 14}, 
345.0, {'J01': -189.60000000000002, 'top_mgr': 5}, {'J01': 4}, {'J01': 14}, 
350.0, {'J01': -145.39999999999998, 'top_mgr': 5}, {'J01': 4}, {'J01': 14}, 
355.0, {'J01': -180.6, 'top_mgr': 2}, {'J01': 4}, {'J01': 22}, 
360.0, {'J01': -173.4, 'top_mgr': 6}, {'J01': 6}, {'J01': 25}, 
365.0, {'J01': -154.4, 'top_mgr': 4}, {'J01': 8}, {'J01': 29}, 
370.0, {'J01': -185.60000000000002, 'top_mgr': 3}, {'J01': 8}, {'J01': 30}, 
375.0, {'J01': -197.39999999999998, 'top_mgr': 3}, {'J01': 8}, {'J01': 30}, 
380.0, {'J01': -154.8, 'top_mgr': 5}, {'J01': 8}, {'J01': 28}, 
385.0, {'J01': -103.0, 'top_mgr': 8}, {'J01': 7}, {'J01': 22}, 
390.0, {'J01': -127.2, 'top_mgr': 9}, {'J01': 5}, {'J01': 23}, 
395.0, {'J01': -153.6, 'top_mgr': 9}, {'J01': 4}, {'J01': 19}, 
400.0, {'J01': -178.0, 'top_mgr': 4}, {'J01': 4}, {'J01': 18}, 
405.0, {'J01': -169.8, 'top_mgr': 7}, {'J01': 4}, {'J01': 15}, 
410.0, {'J01': -177.8, 'top_mgr': 6}, {'J01': 3}, {'J01': 16}, 
415.0, {'J01': -224.20000000000002, 'top_mgr': 0}, {'J01': 4}, {'J01': 22}, 
420.0, {'J01': -236.39999999999998, 'top_mgr': 3}, {'J01': 7}, {'J01': 27}, 
425.0, {'J01': -216.60000000000002, 'top_mgr': 2}, {'J01': 8}, {'J01': 32}, 
430.0, {'J01': -261.6, 'top_mgr': 0}, {'J01': 8}, {'J01': 37}, 
435.0, {'J01': -255.00000000000003, 'top_mgr': 7}, {'J01': 7}, {'J01': 32}, 
440.0, {'J01': -195.00000000000003, 'top_mgr': 11}, {'J01': 5}, {'J01': 22}, 
445.0, {'J01': -209.4, 'top_mgr': 12}, {'J01': 5}, {'J01': 16}, 
450.0, {'J01': -188.0, 'top_mgr': 6}, {'J01': 5}, {'J01': 14}, 
455.0, {'J01': -162.4, 'top_mgr': 6}, {'J01': 5}, {'J01': 15}, 
460.0, {'J01': -158.20000000000002, 'top_mgr': 3}, {'J01': 5}, {'J01': 19}, 
465.0, {'J01': -198.60000000000002, 'top_mgr': 2}, {'J01': 6}, {'J01': 25}, 
470.0, {'J01': -207.00000000000003, 'top_mgr': 1}, {'J01': 8}, {'J01': 33}, 
475.0, {'J01': -254.0, 'top_mgr': 2}, {'J01': 8}, {'J01': 34}, 
480.0, {'J01': -243.59999999999997, 'top_mgr': 4}, {'J01': 8}, {'J01': 33}, 
485.0, {'J01': -171.8, 'top_mgr': 3}, {'J01': 8}, {'J01': 30}, 
490.0, {'J01': -203.0, 'top_mgr': 3}, {'J01': 8}, {'J01': 31}, 
495.0, {'J01': -238.8, 'top_mgr': 2}, {'J01': 8}, {'J01': 34}, 
500.0, {'J01': -251.00000000000006, 'top_mgr': 7}, {'J01': 7}, {'J01': 32}, 
505.0, {'J01': -219.20000000000002, 'top_mgr': 11}, {'J01': 4}, {'J01': 24}, 
510.0, {'J01': -246.8, 'top_mgr': 8}, {'J01': 4}, {'J01': 22}, 
515.0, {'J01': -172.0, 'top_mgr': 8}, {'J01': 4}, {'J01': 18}, 
520.0, {'J01': -202.0, 'top_mgr': 11}, {'J01': 4}, {'J01': 20}, 
525.0, {'J01': -169.00000000000003, 'top_mgr': 6}, {'J01': 4}, {'J01': 19}, 
530.0, {'J01': -170.20000000000002, 'top_mgr': 2}, {'J01': 4}, {'J01': 29}, 
535.0, {'J01': -215.0, 'top_mgr': 1}, {'J01': 7}, {'J01': 37}, 
540.0, {'J01': -255.4, 'top_mgr': 2}, {'J01': 8}, {'J01': 39}, 
545.0, {'J01': -260.4, 'top_mgr': 1}, {'J01': 8}, {'J01': 38}, 
550.0, {'J01': -279.40000000000003, 'top_mgr': 3}, {'J01': 8}, {'J01': 36}, 
555.0, {'J01': -243.80000000000004, 'top_mgr': 3}, {'J01': 8}, {'J01': 35}, 
560.0, {'J01': -261.4, 'top_mgr': 5}, {'J01': 8}, {'J01': 32}, 
565.0, {'J01': -213.60000000000002, 'top_mgr': 7}, {'J01': 7}, {'J01': 27}, 
570.0, {'J01': -221.4, 'top_mgr': 11}, {'J01': 5}, {'J01': 20}, 
575.0, {'J01': -243.4, 'top_mgr': 7}, {'J01': 4}, {'J01': 16}, 
580.0, {'J01': -209.4, 'top_mgr': 8}, {'J01': 4}, {'J01': 14}, 
585.0, {'J01': -241.4, 'top_mgr': 13}, {'J01': 4}, {'J01': 14}, 
590.0, {'J01': -206.40000000000003, 'top_mgr': 6}, {'J01': 3}, {'J01': 14}, 
595.0, {'J01': -200.79999999999998, 'top_mgr': 3}, {'J01': 4}, {'J01': 21}, 
600.0, {'J01': -221.60000000000002, 'top_mgr': 2}, {'J01': 7}, {'J01': 29}, 
605.0, {'J01': -189.8, 'top_mgr': 2}, {'J01': 8}, {'J01': 30}, 
610.0, {'J01': -202.4, 'top_mgr': 4}, {'J01': 8}, {'J01': 29}, 
615.0, {'J01': -219.40000000000003, 'top_mgr': 6}, {'J01': 8}, {'J01': 31}, 
620.0, {'J01': -213.8, 'top_mgr': 11}, {'J01': 6}, {'J01': 24}, 
625.0, {'J01': -229.40000000000003, 'top_mgr': 11}, {'J01': 4}, {'J01': 18}, 
630.0, {'J01': -229.8, 'top_mgr': 10}, {'J01': 4}, {'J01': 14}, 
635.0, {'J01': -209.40000000000003, 'top_mgr': 5}, {'J01': 4}, {'J01': 15}, 
640.0, {'J01': -240.40000000000003, 'top_mgr': 1}, {'J01': 4}, {'J01': 20}, 
645.0, {'J01': -227.8, 'top_mgr': 6}, {'J01': 6}, {'J01': 24}, 
650.0, {'J01': -270.20000000000005, 'top_mgr': 2}, {'J01': 8}, {'J01': 31}, 
655.0, {'J01': -314.20000000000005, 'top_mgr': 0}, {'J01': 8}, {'J01': 35}, 
660.0, {'J01': -357.8, 'top_mgr': 0}, {'J01': 8}, {'J01': 38}, 
665.0, {'J01': -355.4000000000001, 'top_mgr': 7}, {'J01': 7}, {'J01': 32}, 
670.0, {'J01': -334.80000000000007, 'top_mgr': 14}, {'J01': 4}, {'J01': 22}, 
675.0, {'J01': -357.2, 'top_mgr': 10}, {'J01': 4}, {'J01': 18}, 
680.0, {'J01': -339.0, 'top_mgr': 9}, {'J01': 4}, {'J01': 15}, 
685.0, {'J01': -228.60000000000002, 'top_mgr': 7}, {'J01': 4}, {'J01': 12}, 
690.0, {'J01': -256.40000000000003, 'top_mgr': 2}, {'J01': 3}, {'J01': 17}, 
695.0, {'J01': -86.0, 'top_mgr': 10}, {'J01': 6}, {'J01': 19}, 
700.0, {'J01': -115.0, 'top_mgr': 3}, {'J01': 8}, {'J01': 24}, 
705.0, {'J01': -144.8, 'top_mgr': 1}, {'J01': 8}, {'J01': 28}, 
710.0, {'J01': -173.4, 'top_mgr': 2}, {'J01': 8}, {'J01': 31}, 
715.0, {'J01': -174.79999999999998, 'top_mgr': 6}, {'J01': 7}, {'J01': 29}, 
720.0, {'J01': -179.2, 'top_mgr': 9}, {'J01': 5}, {'J01': 24}, 
725.0, {'J01': -191.40000000000003, 'top_mgr': 10}, {'J01': 4}, {'J01': 20}, 
730.0, {'J01': -197.40000000000003, 'top_mgr': 8}, {'J01': 4}, {'J01': 18}, 
735.0, {'J01': -151.60000000000002, 'top_mgr': 4}, {'J01': 4}, {'J01': 17}, 
740.0, {'J01': -157.4, 'top_mgr': 2}, {'J01': 4}, {'J01': 22}, 
745.0, {'J01': -166.60000000000002, 'top_mgr': 5}, {'J01': 7}, {'J01': 26}, 
750.0, {'J01': -140.00000000000003, 'top_mgr': 7}, {'J01': 8}, {'J01': 29}, 
755.0, {'J01': -169.80000000000004, 'top_mgr': 3}, {'J01': 8}, {'J01': 28}, 
760.0, {'J01': -206.00000000000003, 'top_mgr': 2}, {'J01': 8}, {'J01': 29}, 
765.0, {'J01': -158.00000000000003, 'top_mgr': 2}, {'J01': 8}, {'J01': 30}, 
770.0, {'J01': -142.99999999999997, 'top_mgr': 7}, {'J01': 7}, {'J01': 29}, 
775.0, {'J01': -129.4, 'top_mgr': 12}, {'J01': 4}, {'J01': 22}, 
780.0, {'J01': -158.40000000000003, 'top_mgr': 7}, {'J01': 4}, {'J01': 19}, 
785.0, {'J01': -167.8, 'top_mgr': 6}, {'J01': 4}, {'J01': 16}, 
790.0, {'J01': -209.0, 'top_mgr': 4}, {'J01': 4}, {'J01': 18}, 
795.0, {'J01': -169.60000000000002, 'top_mgr': 7}, {'J01': 4}, {'J01': 17}, 
800.0, {'J01': -168.4, 'top_mgr': 3}, {'J01': 4}, {'J01': 17}, 
805.0, {'J01': -212.20000000000002, 'top_mgr': 3}, {'J01': 4}, {'J01': 24}, 
810.0, {'J01': -244.0, 'top_mgr': 3}, {'J01': 7}, {'J01': 30}, 
815.0, {'J01': -234.20000000000002, 'top_mgr': 7}, {'J01': 8}, {'J01': 28}, 
820.0, {'J01': -194.00000000000003, 'top_mgr': 4}, {'J01': 8}, {'J01': 27}, 
825.0, {'J01': -127.60000000000002, 'top_mgr': 4}, {'J01': 8}, {'J01': 28}, 
830.0, {'J01': -156.60000000000002, 'top_mgr': 3}, {'J01': 8}, {'J01': 28}, 
835.0, {'J01': -132.60000000000002, 'top_mgr': 9}, {'J01': 7}, {'J01': 23}, 
840.0, {'J01': -109.6, 'top_mgr': 12}, {'J01': 4}, {'J01': 19}, 
845.0, {'J01': -138.60000000000002, 'top_mgr': 8}, {'J01': 4}, {'J01': 18}, 
850.0, {'J01': -105.60000000000002, 'top_mgr': 8}, {'J01': 4}, {'J01': 14}, 
855.0, {'J01': -133.60000000000002, 'top_mgr': 7}, {'J01': 4}, {'J01': 14}, 
860.0, {'J01': -128.60000000000002, 'top_mgr': 8}, {'J01': 4}, {'J01': 14}, 
865.0, {'J01': -137.8, 'top_mgr': 2}, {'J01': 3}, {'J01': 19}, 
870.0, {'J01': -82.2, 'top_mgr': 10}, {'J01': 6}, {'J01': 20}, 
875.0, {'J01': -122.2, 'top_mgr': 3}, {'J01': 8}, {'J01': 28}, 
880.0, {'J01': -158.0, 'top_mgr': 2}, {'J01': 8}, {'J01': 31}, 
885.0, {'J01': -157.4, 'top_mgr': 7}, {'J01': 7}, {'J01': 26}, 
890.0, {'J01': -120.60000000000001, 'top_mgr': 12}, {'J01': 5}, {'J01': 16}, 
895.0, {'J01': -131.4, 'top_mgr': 9}, {'J01': 4}, {'J01': 13}, 
900.0, {'J01': -110.8, 'top_mgr': 7}, {'J01': 4}, {'J01': 10}, 
905.0, {'J01': -139.0, 'top_mgr': 6}, {'J01': 4}, {'J01': 14}, 
910.0, {'J01': -128.20000000000002, 'top_mgr': 6}, {'J01': 3}, {'J01': 14}, 
915.0, {'J01': -139.4, 'top_mgr': 5}, {'J01': 3}, {'J01': 16}, 
920.0, {'J01': -148.6, 'top_mgr': 4}, {'J01': 6}, {'J01': 23}, 
925.0, {'J01': -199.4, 'top_mgr': 2}, {'J01': 8}, {'J01': 34}, 
930.0, {'J01': -256.8, 'top_mgr': 1}, {'J01': 8}, {'J01': 39}, 
935.0, {'J01': -301.8, 'top_mgr': 1}, {'J01': 8}, {'J01': 40}, 
940.0, {'J01': -332.4, 'top_mgr': 2}, {'J01': 8}, {'J01': 38}, 
945.0, {'J01': -318.79999999999995, 'top_mgr': 8}, {'J01': 7}, {'J01': 32}, 
950.0, {'J01': -291.4, 'top_mgr': 11}, {'J01': 5}, {'J01': 23}, 
955.0, {'J01': -321.0, 'top_mgr': 11}, {'J01': 4}, {'J01': 20}, 
960.0, {'J01': -301.59999999999997, 'top_mgr': 9}, {'J01': 4}, {'J01': 16}, 
965.0, {'J01': -260.8, 'top_mgr': 8}, {'J01': 3}, {'J01': 14}, 
970.0, {'J01': -244.60000000000002, 'top_mgr': 2}, {'J01': 3}, {'J01': 18}, 
975.0, {'J01': -193.2, 'top_mgr': 4}, {'J01': 6}, {'J01': 25}, 
980.0, {'J01': -210.8, 'top_mgr': 3}, {'J01': 8}, {'J01': 31}, 
985.0, {'J01': -244.20000000000005, 'top_mgr': 2}, {'J01': 8}, {'J01': 34}, 
990.0, {'J01': -260.6, 'top_mgr': 7}, {'J01': 7}, {'J01': 34}, 
995.0, {'J01': -288.20000000000005, 'top_mgr': 8}, {'J01': 5}, {'J01': 31}, 
1000.0, {'J01': -272.4, 'top_mgr': 6}, {'J01': 4}, {'J01': 28}, 
1005.0, {'J01': -264.0, 'top_mgr': 4}, {'J01': 4}, {'J01': 25}, 
1010.0, {'J01': -278.79999999999995, 'top_mgr': 4}, {'J01': 6}, {'J01': 27}, 
1015.0, {'J01': -285.4, 'top_mgr': 3}, {'J01': 8}, {'J01': 33}, 
1020.0, {'J01': -204.8, 'top_mgr': 9}, {'J01': 8}, {'J01': 26}, 
1025.0, {'J01': -245.00000000000003, 'top_mgr': 2}, {'J01': 8}, {'J01': 33}, 
1030.0, {'J01': -283.40000000000003, 'top_mgr': 2}, {'J01': 8}, {'J01': 35}, 
1035.0, {'J01': -276.2, 'top_mgr': 5}, {'J01': 8}, {'J01': 31}, 
1040.0, {'J01': -267.8, 'top_mgr': 6}, {'J01': 8}, {'J01': 29}, 
1045.0, {'J01': -274.40000000000003, 'top_mgr': 7}, {'J01': 7}, {'J01': 26}, 
1050.0, {'J01': -251.20000000000002, 'top_mgr': 6}, {'J01': 4}, {'J01': 22}, 
1055.0, {'J01': -283.40000000000003, 'top_mgr': 4}, {'J01': 4}, {'J01': 21}, 
1060.0, {'J01': -279.4000000000001, 'top_mgr': 7}, {'J01': 4}, {'J01': 14}, 
1065.0, {'J01': -220.8, 'top_mgr': 2}, {'J01': 4}, {'J01': 18}, 
1070.0, {'J01': -212.99999999999997, 'top_mgr': 5}, {'J01': 6}, {'J01': 23}, 
1075.0, {'J01': -175.8, 'top_mgr': 5}, {'J01': 8}, {'J01': 24}, 
1080.0, {'J01': -209.0, 'top_mgr': 2}, {'J01': 8}, {'J01': 28}, 
1085.0, {'J01': -251.6, 'top_mgr': 0}, {'J01': 8}, {'J01': 34}, 
1090.0, {'J01': -163.0, 'top_mgr': 9}, {'J01': 7}, {'J01': 28}, 
1095.0, {'J01': -160.39999999999998, 'top_mgr': 7}, {'J01': 5}, {'J01': 23}, 
1100.0, {'J01': -172.2, 'top_mgr': 9}, {'J01': 4}, {'J01': 19}, 
1105.0, {'J01': -148.6, 'top_mgr': 7}, {'J01': 4}, {'J01': 14}, 
1110.0, {'J01': -156.60000000000002, 'top_mgr': 3}, {'J01': 4}, {'J01': 16}, 
1115.0, {'J01': -161.0, 'top_mgr': 5}, {'J01': 4}, {'J01': 15}, 
1120.0, {'J01': -171.4, 'top_mgr': 6}, {'J01': 3}, {'J01': 13}, 
1125.0, {'J01': -167.4, 'top_mgr': 3}, {'J01': 3}, {'J01': 14}, 
1130.0, {'J01': -170.00000000000003, 'top_mgr': 4}, {'J01': 6}, {'J01': 20}, 
1135.0, {'J01': -174.0, 'top_mgr': 4}, {'J01': 8}, {'J01': 31}, 
1140.0, {'J01': -179.8, 'top_mgr': 1}, {'J01': 8}, {'J01': 33}, 
1145.0, {'J01': -192.6, 'top_mgr': 5}, {'J01': 7}, {'J01': 29}, 
1150.0, {'J01': -157.20000000000002, 'top_mgr': 12}, {'J01': 5}, {'J01': 19}, 
1155.0, {'J01': -176.4, 'top_mgr': 8}, {'J01': 4}, {'J01': 17}, 
1160.0, {'J01': -152.8, 'top_mgr': 6}, {'J01': 4}, {'J01': 12}, 
1165.0, {'J01': -135.2, 'top_mgr': 5}, {'J01': 4}, {'J01': 13}, 
1170.0, {'J01': -118.80000000000001, 'top_mgr': 4}, {'J01': 4}, {'J01': 17}, 
1175.0, {'J01': -156.4, 'top_mgr': 1}, {'J01': 7}, {'J01': 26}, 
1180.0, {'J01': -190.80000000000004, 'top_mgr': 1}, {'J01': 8}, {'J01': 31}, 
1185.0, {'J01': -221.20000000000005, 'top_mgr': 2}, {'J01': 8}, {'J01': 29}, 
1190.0, {'J01': -220.40000000000003, 'top_mgr': 1}, {'J01': 8}, {'J01': 30}, 
1195.0, {'J01': -258.20000000000005, 'top_mgr': 2}, {'J01': 8}, {'J01': 33}, 
1200.0, {'J01': -300.2, 'top_mgr': 1}, {'J01': 8}, {'J01': 35}, 
1205.0, {'J01': -311.40000000000003, 'top_mgr': 6}, {'J01': 7}, {'J01': 33}, 
1210.0, {'J01': -272.20000000000005, 'top_mgr': 10}, {'J01': 5}, {'J01': 24}, 
1215.0, {'J01': -295.20000000000005, 'top_mgr': 6}, {'J01': 5}, {'J01': 20}, 
1220.0, {'J01': -254.20000000000002, 'top_mgr': 6}, {'J01': 5}, {'J01': 17}, 
1225.0, {'J01': -168.40000000000003, 'top_mgr': 10}, {'J01': 3}, {'J01': 14}, 
1230.0, {'J01': -177.20000000000005, 'top_mgr': 3}, {'J01': 4}, {'J01': 19}, 
1235.0, {'J01': -137.0, 'top_mgr': 5}, {'J01': 6}, {'J01': 27}, 
1240.0, {'J01': -175.20000000000002, 'top_mgr': 2}, {'J01': 8}, {'J01': 35}, 
1245.0, {'J01': -197.80000000000004, 'top_mgr': 5}, {'J01': 8}, {'J01': 35}, 
1250.0, {'J01': -189.20000000000005, 'top_mgr': 10}, {'J01': 6}, {'J01': 29}, 
1255.0, {'J01': -182.20000000000002, 'top_mgr': 14}, {'J01': 4}, {'J01': 21}, 
1260.0, {'J01': -198.00000000000003, 'top_mgr': 7}, {'J01': 4}, {'J01': 18}, 
1265.0, {'J01': -218.20000000000005, 'top_mgr': 8}, {'J01': 4}, {'J01': 20}, 
1270.0, {'J01': -188.60000000000002, 'top_mgr': 9}, {'J01': 4}, {'J01': 16}, 
1275.0, {'J01': -193.00000000000003, 'top_mgr': 3}, {'J01': 4}, {'J01': 23}, 
1280.0, {'J01': -218.00000000000003, 'top_mgr': 2}, {'J01': 7}, {'J01': 32}, 
1285.0, {'J01': -273.6, 'top_mgr': 1}, {'J01': 8}, {'J01': 42}, 
1290.0, {'J01': -295.40000000000003, 'top_mgr': 3}, {'J01': 8}, {'J01': 48}, 
1295.0, {'J01': -348.8, 'top_mgr': 2}, {'J01': 8}, {'J01': 52}, 
1300.0, {'J01': -347.6, 'top_mgr': 6}, {'J01': 8}, {'J01': 50}, 
1305.0, {'J01': -350.40000000000003, 'top_mgr': 2}, {'J01': 8}, {'J01': 54}, 
1310.0, {'J01': -382.6000000000001, 'top_mgr': 3}, {'J01': 8}, {'J01': 53}, 
1315.0, {'J01': -379.6, 'top_mgr': 9}, {'J01': 7}, {'J01': 44}, 
1320.0, {'J01': -370.0, 'top_mgr': 10}, {'J01': 6}, {'J01': 37}, 
1325.0, {'J01': -381.8, 'top_mgr': 7}, {'J01': 6}, {'J01': 33}, 
1330.0, {'J01': -410.6, 'top_mgr': 6}, {'J01': 6}, {'J01': 29}, 
1335.0, {'J01': -360.6, 'top_mgr': 6}, {'J01': 6}, {'J01': 25}, 
1340.0, {'J01': -378.0, 'top_mgr': 6}, {'J01': 4}, {'J01': 23}, 
1345.0, {'J01': -242.8, 'top_mgr': 7}, {'J01': 4}, {'J01': 20}, 
1350.0, {'J01': -231.6, 'top_mgr': 8}, {'J01': 6}, {'J01': 23}, 
1355.0, {'J01': -166.8, 'top_mgr': 9}, {'J01': 8}, {'J01': 24}, 
1360.0, {'J01': -149.60000000000002, 'top_mgr': 6}, {'J01': 8}, {'J01': 26}, 
1365.0, {'J01': -191.60000000000002, 'top_mgr': 0}, {'J01': 8}, {'J01': 30}, 
1370.0, {'J01': -237.40000000000003, 'top_mgr': 0}, {'J01': 8}, {'J01': 35}, 
1375.0, {'J01': -217.40000000000003, 'top_mgr': 8}, {'J01': 7}, {'J01': 30}, 
1380.0, {'J01': -228.0, 'top_mgr': 8}, {'J01': 5}, {'J01': 26}, 
1385.0, {'J01': -246.0, 'top_mgr': 10}, {'J01': 4}, {'J01': 20}, 
1390.0, {'J01': -214.20000000000005, 'top_mgr': 6}, {'J01': 4}, {'J01': 16}, 
1395.0, {'J01': -239.8, 'top_mgr': 7}, {'J01': 4}, {'J01': 17}, 
1400.0, {'J01': -263.6, 'top_mgr': 5}, {'J01': 4}, {'J01': 17}, 
1405.0, {'J01': -202.60000000000005, 'top_mgr': 3}, {'J01': 4}, {'J01': 19}, 
1410.0, {'J01': -237.40000000000006, 'top_mgr': 3}, {'J01': 6}, {'J01': 28}, 
1415.0, {'J01': -161.4, 'top_mgr': 7}, {'J01': 8}, {'J01': 28}, 
1420.0, {'J01': -145.4, 'top_mgr': 5}, {'J01': 8}, {'J01': 28}, 
1425.0, {'J01': -149.6, 'top_mgr': 1}, {'J01': 8}, {'J01': 30}, 
1430.0, {'J01': -140.4, 'top_mgr': 4}, {'J01': 8}, {'J01': 28}, 
1435.0, {'J01': -119.00000000000001, 'top_mgr': 9}, {'J01': 6}, {'J01': 22}, 
1440.0, {'J01': -126.60000000000001, 'top_mgr': 13}, {'J01': 4}, {'J01': 17}, 
1445.0, {'J01': -128.8, 'top_mgr': 6}, {'J01': 4}, {'J01': 15}, 
1450.0, {'J01': -132.60000000000002, 'top_mgr': 6}, {'J01': 4}, {'J01': 16}, 
1455.0, {'J01': -147.20000000000002, 'top_mgr': 8}, {'J01': 4}, {'J01': 17}, 
1460.0, {'J01': -172.60000000000002, 'top_mgr': 3}, {'J01': 4}, {'J01': 24}, 
1465.0, {'J01': -175.8, 'top_mgr': 9}, {'J01': 6}, {'J01': 25}, 
1470.0, {'J01': -131.8, 'top_mgr': 5}, {'J01': 8}, {'J01': 27}, 
1475.0, {'J01': -169.60000000000002, 'top_mgr': 2}, {'J01': 8}, {'J01': 32}, 
1480.0, {'J01': -214.60000000000002, 'top_mgr': 1}, {'J01': 8}, {'J01': 35}, 
1485.0, {'J01': -269.40000000000003, 'top_mgr': 0}, {'J01': 8}, {'J01': 43}, 
1490.0, {'J01': -266.6, 'top_mgr': 7}, {'J01': 7}, {'J01': 36}, 
1495.0, {'J01': -249.40000000000003, 'top_mgr': 12}, {'J01': 5}, {'J01': 25}, 
1500.0, {'J01': -254.0, 'top_mgr': 12}, {'J01': 4}, {'J01': 20}, 
1505.0, {'J01': -255.60000000000002, 'top_mgr': 9}, {'J01': 4}, {'J01': 17}, 
1510.0, {'J01': -257.2, 'top_mgr': 6}, {'J01': 4}, {'J01': 16}, 
1515.0, {'J01': -172.4, 'top_mgr': 7}, {'J01': 4}, {'J01': 13}, 
1520.0, {'J01': -171.39999999999998, 'top_mgr': 1}, {'J01': 4}, {'J01': 23}, 
1525.0, {'J01': -220.8, 'top_mgr': 1}, {'J01': 7}, {'J01': 31}, 
1530.0, {'J01': -237.4, 'top_mgr': 2}, {'J01': 8}, {'J01': 38}, 
1535.0, {'J01': -277.2, 'top_mgr': 1}, {'J01': 8}, {'J01': 37}, 
1540.0, {'J01': -275.8, 'top_mgr': 3}, {'J01': 8}, {'J01': 36}, 
1545.0, {'J01': -319.8, 'top_mgr': 2}, {'J01': 8}, {'J01': 36}, 
1550.0, {'J01': -369.6, 'top_mgr': 1}, {'J01': 8}, {'J01': 41}, 
1555.0, {'J01': -368.20000000000005, 'top_mgr': 2}, {'J01': 8}, {'J01': 42}, 
1560.0, {'J01': -348.40000000000003, 'top_mgr': 9}, {'J01': 7}, {'J01': 35}, 
1565.0, {'J01': -303.0, 'top_mgr': 13}, {'J01': 4}, {'J01': 24}, 
1570.0, {'J01': -332.6, 'top_mgr': 9}, {'J01': 4}, {'J01': 21}, 
1575.0, {'J01': -291.40000000000003, 'top_mgr': 7}, {'J01': 4}, {'J01': 18}, 
1580.0, {'J01': -280.2, 'top_mgr': 8}, {'J01': 3}, {'J01': 17}, 
1585.0, {'J01': -205.0, 'top_mgr': 7}, {'J01': 3}, {'J01': 17}, 
1590.0, {'J01': -163.0, 'top_mgr': 3}, {'J01': 6}, {'J01': 24}, 
1595.0, {'J01': -171.4, 'top_mgr': 2}, {'J01': 8}, {'J01': 31}, 
1600.0, {'J01': -174.20000000000002, 'top_mgr': 5}, {'J01': 8}, {'J01': 32}, 
1605.0, {'J01': -166.4, 'top_mgr': 10}, {'J01': 6}, {'J01': 25}, 
1610.0, {'J01': -163.8, 'top_mgr': 9}, {'J01': 5}, {'J01': 20}, 
1615.0, {'J01': -184.39999999999998, 'top_mgr': 5}, {'J01': 5}, {'J01': 18}, 
1620.0, {'J01': -224.0, 'top_mgr': 3}, {'J01': 6}, {'J01': 25}, 
1625.0, {'J01': -247.0, 'top_mgr': 8}, {'J01': 5}, {'J01': 23}, 
1630.0, {'J01': -256.0, 'top_mgr': 7}, {'J01': 4}, {'J01': 19}, 
1635.0, {'J01': -145.4, 'top_mgr': 6}, {'J01': 4}, {'J01': 15}, 
1640.0, {'J01': -161.6, 'top_mgr': 2}, {'J01': 4}, {'J01': 18}, 
1645.0, {'J01': -194.20000000000005, 'top_mgr': 5}, {'J01': 6}, {'J01': 26}, 
1650.0, {'J01': -155.8, 'top_mgr': 6}, {'J01': 8}, {'J01': 30}, 
1655.0, {'J01': -159.20000000000002, 'top_mgr': 5}, {'J01': 8}, {'J01': 33}, 
1660.0, {'J01': -177.8, 'top_mgr': 1}, {'J01': 8}, {'J01': 37}, 
1665.0, {'J01': -209.00000000000003, 'top_mgr': 6}, {'J01': 7}, {'J01': 34}, 
1670.0, {'J01': -201.20000000000002, 'top_mgr': 9}, {'J01': 6}, {'J01': 27}, 
1675.0, {'J01': -197.8, 'top_mgr': 4}, {'J01': 6}, {'J01': 23}, 
1680.0, {'J01': -219.2, 'top_mgr': 6}, {'J01': 6}, {'J01': 25}, 
1685.0, {'J01': -203.60000000000002, 'top_mgr': 8}, {'J01': 6}, {'J01': 25}, 
1690.0, {'J01': -227.2, 'top_mgr': 6}, {'J01': 4}, {'J01': 22}, 
1695.0, {'J01': -200.60000000000002, 'top_mgr': 7}, {'J01': 4}, {'J01': 17}, 
1700.0, {'J01': -207.2, 'top_mgr': 6}, {'J01': 4}, {'J01': 14}, 
1705.0, {'J01': -202.8, 'top_mgr': 4}, {'J01': 4}, {'J01': 15}, 
1710.0, {'J01': -208.80000000000004, 'top_mgr': 5}, {'J01': 4}, {'J01': 17}, 
1715.0, {'J01': -159.8, 'top_mgr': 4}, {'J01': 7}, {'J01': 21}, 
1720.0, {'J01': -114.80000000000001, 'top_mgr': 3}, {'J01': 8}, {'J01': 26}, 
1725.0, {'J01': -111.4, 'top_mgr': 5}, {'J01': 8}, {'J01': 25}, 
1730.0, {'J01': -136.8, 'top_mgr': 5}, {'J01': 8}, {'J01': 26}, 
1735.0, {'J01': -160.20000000000002, 'top_mgr': 4}, {'J01': 6}, {'J01': 24}, 
1740.0, {'J01': -188.6, 'top_mgr': 6}, {'J01': 4}, {'J01': 20}, 
1745.0, {'J01': -200.4, 'top_mgr': 7}, {'J01': 4}, {'J01': 17}, 
1750.0, {'J01': -211.4, 'top_mgr': 6}, {'J01': 4}, {'J01': 17}, 
1755.0, {'J01': -166.0, 'top_mgr': 7}, {'J01': 4}, {'J01': 16}, 
1760.0, {'J01': -200.8, 'top_mgr': 2}, {'J01': 4}, {'J01': 20}, 
1765.0, {'J01': -204.20000000000002, 'top_mgr': 7}, {'J01': 7}, {'J01': 25}, 
1770.0, {'J01': -195.8, 'top_mgr': 4}, {'J01': 8}, {'J01': 28}, 
1775.0, {'J01': -159.00000000000003, 'top_mgr': 4}, {'J01': 8}, {'J01': 28}, 
1780.0, {'J01': -159.2, 'top_mgr': 2}, {'J01': 8}, {'J01': 33}, 
1785.0, {'J01': -181.2, 'top_mgr': 4}, {'J01': 8}, {'J01': 33}, 
1790.0, {'J01': -177.4, 'top_mgr': 5}, {'J01': 8}, {'J01': 32}, 
1795.0, {'J01': -213.40000000000003, 'top_mgr': 3}, {'J01': 8}, {'J01': 32}, 
1800.0, {'J01': -249.40000000000003, 'top_mgr': 2}, {'J01': 8}, {'J01': 32}, 
1805.0, {'J01': -260.20000000000005, 'top_mgr': 5}, {'J01': 7}, {'J01': 30}, 
1810.0, {'J01': -285.6000000000001, 'top_mgr': 8}, {'J01': 4}, {'J01': 24}, 
1815.0, {'J01': -285.2, 'top_mgr': 6}, {'J01': 4}, {'J01': 20}, 
1820.0, {'J01': -300.2, 'top_mgr': 2}, {'J01': 4}, {'J01': 24}, 
1825.0, {'J01': -314.20000000000005, 'top_mgr': 4}, {'J01': 7}, {'J01': 28}, 
1830.0, {'J01': -358.6, 'top_mgr': 1}, {'J01': 8}, {'J01': 35}, 
1835.0, {'J01': -407.8, 'top_mgr': 2}, {'J01': 8}, {'J01': 40}, 
1840.0, {'J01': -415.0, 'top_mgr': 2}, {'J01': 8}, {'J01': 40}, 
1845.0, {'J01': -464.0, 'top_mgr': 3}, {'J01': 8}, {'J01': 41}, 
1850.0, {'J01': -459.4, 'top_mgr': 2}, {'J01': 8}, {'J01': 42}, 
1855.0, {'J01': -510.4, 'top_mgr': 1}, {'J01': 8}, {'J01': 45}, 
1860.0, {'J01': -494.6, 'top_mgr': 11}, {'J01': 6}, {'J01': 36}, 
1865.0, {'J01': -395.40000000000003, 'top_mgr': 11}, {'J01': 4}, {'J01': 27}, 
1870.0, {'J01': -421.8, 'top_mgr': 6}, {'J01': 4}, {'J01': 22}, 
1875.0, {'J01': -376.8, 'top_mgr': 5}, {'J01': 4}, {'J01': 19}, 
1880.0, {'J01': -377.8, 'top_mgr': 3}, {'J01': 4}, {'J01': 23}, 
1885.0, {'J01': -423.2, 'top_mgr': 1}, {'J01': 4}, {'J01': 30}, 
1890.0, {'J01': -292.80000000000007, 'top_mgr': 8}, {'J01': 6}, {'J01': 31}, 
1895.0, {'J01': -210.80000000000004, 'top_mgr': 4}, {'J01': 8}, {'J01': 32}, 
1900.0, {'J01': -249.60000000000005, 'top_mgr': 2}, {'J01': 8}, {'J01': 38}, 
1905.0, {'J01': -260.59999999999997, 'top_mgr': 4}, {'J01': 8}, {'J01': 37}, 
1910.0, {'J01': -242.2, 'top_mgr': 9}, {'J01': 6}, {'J01': 31}, 
1915.0, {'J01': -250.60000000000002, 'top_mgr': 8}, {'J01': 4}, {'J01': 24}, 
1920.0, {'J01': -253.60000000000002, 'top_mgr': 7}, {'J01': 4}, {'J01': 21}, 
1925.0, {'J01': -260.0, 'top_mgr': 5}, {'J01': 4}, {'J01': 21}, 
1930.0, {'J01': -262.6, 'top_mgr': 5}, {'J01': 4}, {'J01': 20}, 
1935.0, {'J01': -135.4, 'top_mgr': 6}, {'J01': 4}, {'J01': 20}, 
1940.0, {'J01': -176.20000000000002, 'top_mgr': 1}, {'J01': 7}, {'J01': 27}, 
1945.0, {'J01': -214.20000000000005, 'top_mgr': 1}, {'J01': 8}, {'J01': 31}, 
1950.0, {'J01': -258.6, 'top_mgr': 2}, {'J01': 8}, {'J01': 35}, 
1955.0, {'J01': -259.59999999999997, 'top_mgr': 3}, {'J01': 8}, {'J01': 33}, 
1960.0, {'J01': -289.6, 'top_mgr': 2}, {'J01': 8}, {'J01': 35}, 
1965.0, {'J01': -270.0, 'top_mgr': 3}, {'J01': 8}, {'J01': 38}, 
1970.0, {'J01': -212.39999999999998, 'top_mgr': 9}, {'J01': 7}, {'J01': 29}, 
1975.0, {'J01': -186.20000000000002, 'top_mgr': 13}, {'J01': 4}, {'J01': 20}, 
1980.0, {'J01': -208.0, 'top_mgr': 9}, {'J01': 4}, {'J01': 18}, 
1985.0, {'J01': -166.2, 'top_mgr': 10}, {'J01': 4}, {'J01': 14}, 
1990.0, {'J01': -193.0, 'top_mgr': 5}, {'J01': 4}, {'J01': 16}, 
1995.0, {'J01': -130.0, 'top_mgr': 7}, {'J01': 4}, {'J01': 14}, 
2000.0, {'J01': -109.6, 'top_mgr': 5}, {'J01': 4}, {'J01': 14}, 
2005.0, {'J01': -111.0, 'top_mgr': 4}, {'J01': 6}, {'J01': 22}, 
2010.0, {'J01': -146.60000000000002, 'top_mgr': 1}, {'J01': 8}, {'J01': 29}, 
2015.0, {'J01': -121.40000000000002, 'top_mgr': 5}, {'J01': 8}, {'J01': 29}, 
2020.0, {'J01': -133.6, 'top_mgr': 4}, {'J01': 8}, {'J01': 30}, 
2025.0, {'J01': -160.2, 'top_mgr': 4}, {'J01': 8}, {'J01': 32}, 
2030.0, {'J01': -213.4, 'top_mgr': 1}, {'J01': 8}, {'J01': 39}, 
2035.0, {'J01': -252.6, 'top_mgr': 4}, {'J01': 7}, {'J01': 36}, 
2040.0, {'J01': -284.99999999999994, 'top_mgr': 7}, {'J01': 6}, {'J01': 33}, 
2045.0, {'J01': -330.79999999999995, 'top_mgr': 4}, {'J01': 7}, {'J01': 32}, 
2050.0, {'J01': -317.6, 'top_mgr': 8}, {'J01': 5}, {'J01': 26}, 
2055.0, {'J01': -340.40000000000003, 'top_mgr': 4}, {'J01': 6}, {'J01': 29}, 
2060.0, {'J01': -343.40000000000003, 'top_mgr': 8}, {'J01': 8}, {'J01': 30}, 
2065.0, {'J01': -303.6, 'top_mgr': 6}, {'J01': 8}, {'J01': 35}, 
2070.0, {'J01': -350.0, 'top_mgr': 2}, {'J01': 8}, {'J01': 38}, 
2075.0, {'J01': -397.40000000000003, 'top_mgr': 1}, {'J01': 8}, {'J01': 41}, 
2080.0, {'J01': -449.40000000000003, 'top_mgr': 1}, {'J01': 8}, {'J01': 41}, 
2085.0, {'J01': -454.0000000000001, 'top_mgr': 8}, {'J01': 6}, {'J01': 35}, 
2090.0, {'J01': -406.6, 'top_mgr': 8}, {'J01': 4}, {'J01': 29}, 
2095.0, {'J01': -359.0, 'top_mgr': 7}, {'J01': 4}, {'J01': 23}, 
2100.0, {'J01': -312.6, 'top_mgr': 3}, {'J01': 5}, {'J01': 24}, 
2105.0, {'J01': -361.8, 'top_mgr': 1}, {'J01': 7}, {'J01': 35}, 
2110.0, {'J01': -411.6, 'top_mgr': 3}, {'J01': 8}, {'J01': 43}, 
2115.0, {'J01': -354.80000000000007, 'top_mgr': 8}, {'J01': 8}, {'J01': 37}, 
2120.0, {'J01': -315.6, 'top_mgr': 3}, {'J01': 8}, {'J01': 38}, 
2125.0, {'J01': -344.0, 'top_mgr': 3}, {'J01': 8}, {'J01': 36}, 
2130.0, {'J01': -288.40000000000003, 'top_mgr': 3}, {'J01': 8}, {'J01': 40}, 
2135.0, {'J01': -334.40000000000003, 'top_mgr': 0}, {'J01': 8}, {'J01': 45}, 
2140.0, {'J01': -316.59999999999997, 'top_mgr': 12}, {'J01': 6}, {'J01': 34}, 
2145.0, {'J01': -209.00000000000003, 'top_mgr': 14}, {'J01': 4}, {'J01': 22}, 
2150.0, {'J01': -235.60000000000002, 'top_mgr': 8}, {'J01': 4}, {'J01': 17}, 
2155.0, {'J01': -193.20000000000005, 'top_mgr': 9}, {'J01': 4}, {'J01': 15}, 
2160.0, {'J01': -231.8, 'top_mgr': 9}, {'J01': 4}, {'J01': 16}, 
2165.0, {'J01': -202.8, 'top_mgr': 6}, {'J01': 4}, {'J01': 15}, 
2170.0, {'J01': -248.6, 'top_mgr': 3}, {'J01': 4}, {'J01': 24}, 
2175.0, {'J01': -308.8, 'top_mgr': 2}, {'J01': 7}, {'J01': 33}, 
2180.0, {'J01': -203.00000000000003, 'top_mgr': 8}, {'J01': 8}, {'J01': 30}, 
2185.0, {'J01': -183.40000000000003, 'top_mgr': 2}, {'J01': 8}, {'J01': 33}, 
2190.0, {'J01': -232.40000000000003, 'top_mgr': 0}, {'J01': 8}, {'J01': 38}, 
2195.0, {'J01': -223.8, 'top_mgr': 8}, {'J01': 7}, {'J01': 30}, 
2200.0, {'J01': -190.60000000000002, 'top_mgr': 10}, {'J01': 5}, {'J01': 21}, 
2205.0, {'J01': -151.4, 'top_mgr': 4}, {'J01': 5}, {'J01': 21}, 
2210.0, {'J01': -174.60000000000002, 'top_mgr': 2}, {'J01': 5}, {'J01': 20}, 
2215.0, {'J01': -204.20000000000002, 'top_mgr': 7}, {'J01': 5}, {'J01': 24}, 
2220.0, {'J01': -225.0, 'top_mgr': 9}, {'J01': 4}, {'J01': 20}, 
2225.0, {'J01': -252.8, 'top_mgr': 4}, {'J01': 4}, {'J01': 19}, 
2230.0, {'J01': -245.39999999999998, 'top_mgr': 5}, {'J01': 4}, {'J01': 24}, 
2235.0, {'J01': -285.4, 'top_mgr': 2}, {'J01': 7}, {'J01': 31}, 
2240.0, {'J01': -328.59999999999997, 'top_mgr': 1}, {'J01': 8}, {'J01': 35}, 
2245.0, {'J01': -322.59999999999997, 'top_mgr': 2}, {'J01': 8}, {'J01': 34}, 
2250.0, {'J01': -279.99999999999994, 'top_mgr': 5}, {'J01': 8}, {'J01': 31}, 
2255.0, {'J01': -249.00000000000003, 'top_mgr': 2}, {'J01': 8}, {'J01': 33}, 
2260.0, {'J01': -260.8, 'top_mgr': 5}, {'J01': 8}, {'J01': 33}, 
2265.0, {'J01': -152.8, 'top_mgr': 8}, {'J01': 7}, {'J01': 28}, 
2270.0, {'J01': -160.0, 'top_mgr': 12}, {'J01': 5}, {'J01': 24}, 
2275.0, {'J01': -179.2, 'top_mgr': 8}, {'J01': 5}, {'J01': 20}, 
2280.0, {'J01': -127.80000000000001, 'top_mgr': 9}, {'J01': 5}, {'J01': 14}, 
2285.0, {'J01': -147.8, 'top_mgr': 7}, {'J01': 5}, {'J01': 14}, 
2290.0, {'J01': -137.8, 'top_mgr': 6}, {'J01': 5}, {'J01': 15}, 
2295.0, {'J01': -124.20000000000002, 'top_mgr': 2}, {'J01': 5}, {'J01': 18}, 
2300.0, {'J01': -160.59999999999997, 'top_mgr': 1}, {'J01': 6}, {'J01': 26}, 
2305.0, {'J01': -204.0, 'top_mgr': 2}, {'J01': 8}, {'J01': 34}, 
2310.0, {'J01': -227.99999999999997, 'top_mgr': 5}, {'J01': 8}, {'J01': 32}, 
2315.0, {'J01': -139.20000000000002, 'top_mgr': 5}, {'J01': 8}, {'J01': 27}, 
2320.0, {'J01': -146.8, 'top_mgr': 3}, {'J01': 8}, {'J01': 27}, 
2325.0, {'J01': -152.8, 'top_mgr': 3}, {'J01': 8}, {'J01': 29}, 
2330.0, {'J01': -151.8, 'top_mgr': 6}, {'J01': 6}, {'J01': 24}, 
2335.0, {'J01': -154.60000000000002, 'top_mgr': 9}, {'J01': 4}, {'J01': 19}, 
2340.0, {'J01': -150.60000000000002, 'top_mgr': 10}, {'J01': 4}, {'J01': 16}, 
2345.0, {'J01': -153.2, 'top_mgr': 9}, {'J01': 4}, {'J01': 16}, 
2350.0, {'J01': -185.2, 'top_mgr': 5}, {'J01': 4}, {'J01': 16}, 
2355.0, {'J01': -198.2, 'top_mgr': 6}, {'J01': 3}, {'J01': 16}, 
2360.0, {'J01': -177.60000000000002, 'top_mgr': 4}, {'J01': 3}, {'J01': 18}, 
2365.0, {'J01': -190.2, 'top_mgr': 5}, {'J01': 6}, {'J01': 25}, 
2370.0, {'J01': -232.8, 'top_mgr': 2}, {'J01': 8}, {'J01': 31}, 
2375.0, {'J01': -223.0, 'top_mgr': 4}, {'J01': 8}, {'J01': 31}, 
2380.0, {'J01': -204.4, 'top_mgr': 4}, {'J01': 8}, {'J01': 35}, 
2385.0, {'J01': -240.8, 'top_mgr': 1}, {'J01': 8}, {'J01': 38}, 
2390.0, {'J01': -263.20000000000005, 'top_mgr': 5}, {'J01': 8}, {'J01': 35}, 
2395.0, {'J01': -272.40000000000003, 'top_mgr': 4}, {'J01': 8}, {'J01': 32}, 
2400.0, {'J01': -254.40000000000003, 'top_mgr': 11}, {'J01': 6}, {'J01': 25}, 
2405.0, {'J01': -272.40000000000003, 'top_mgr': 14}, {'J01': 4}, {'J01': 19}, 
2410.0, {'J01': -293.6, 'top_mgr': 6}, {'J01': 4}, {'J01': 15}, 
2415.0, {'J01': -249.60000000000002, 'top_mgr': 4}, {'J01': 4}, {'J01': 13}, 
2420.0, {'J01': -277.4, 'top_mgr': 3}, {'J01': 4}, {'J01': 15}, 
2425.0, {'J01': -216.40000000000003, 'top_mgr': 3}, {'J01': 4}, {'J01': 19}, 
2430.0, {'J01': -230.60000000000002, 'top_mgr': 2}, {'J01': 6}, {'J01': 30}, 
2435.0, {'J01': -133.0, 'top_mgr': 7}, {'J01': 8}, {'J01': 32}, 
2440.0, {'J01': -165.6, 'top_mgr': 1}, {'J01': 8}, {'J01': 35}, 
2445.0, {'J01': -205.60000000000002, 'top_mgr': 1}, {'J01': 8}, {'J01': 39}, 
2450.0, {'J01': -198.8, 'top_mgr': 9}, {'J01': 7}, {'J01': 32}, 
2455.0, {'J01': -163.20000000000005, 'top_mgr': 16}, {'J01': 4}, {'J01': 19}, 
2460.0, {'J01': -158.40000000000003, 'top_mgr': 8}, {'J01': 4}, {'J01': 14}, 
2465.0, {'J01': -131.0, 'top_mgr': 8}, {'J01': 4}, {'J01': 13}, 
2470.0, {'J01': -153.0, 'top_mgr': 6}, {'J01': 5}, {'J01': 15}, 
2475.0, {'J01': -130.20000000000002, 'top_mgr': 4}, {'J01': 4}, {'J01': 15}, 
2480.0, {'J01': -128.6, 'top_mgr': 3}, {'J01': 5}, {'J01': 21}, 
2485.0, {'J01': -141.8, 'top_mgr': 5}, {'J01': 6}, {'J01': 24}, 
2490.0, {'J01': -109.6, 'top_mgr': 6}, {'J01': 8}, {'J01': 28}, 
2495.0, {'J01': -122.6, 'top_mgr': 5}, {'J01': 8}, {'J01': 30}, 
2500.0, {'J01': -159.20000000000002, 'top_mgr': 2}, {'J01': 8}, {'J01': 33}, 
2505.0, {'J01': -168.6, 'top_mgr': 5}, {'J01': 7}, {'J01': 33}, 
2510.0, {'J01': -134.8, 'top_mgr': 16}, {'J01': 4}, {'J01': 22}, 
2515.0, {'J01': -150.20000000000002, 'top_mgr': 8}, {'J01': 4}, {'J01': 17}, 
2520.0, {'J01': -128.20000000000002, 'top_mgr': 5}, {'J01': 4}, {'J01': 14}, 
2525.0, {'J01': -156.20000000000002, 'top_mgr': 8}, {'J01': 4}, {'J01': 14}, 
2530.0, {'J01': -142.4, 'top_mgr': 4}, {'J01': 4}, {'J01': 14}, 
2535.0, {'J01': -180.79999999999998, 'top_mgr': 4}, {'J01': 4}, {'J01': 22}, 
2540.0, {'J01': -232.79999999999998, 'top_mgr': 2}, {'J01': 6}, {'J01': 30}, 
2545.0, {'J01': -221.79999999999998, 'top_mgr': 3}, {'J01': 8}, {'J01': 34}, 
2550.0, {'J01': -232.39999999999998, 'top_mgr': 1}, {'J01': 8}, {'J01': 36}, 
2555.0, {'J01': -279.4, 'top_mgr': 0}, {'J01': 8}, {'J01': 39}, 
2560.0, {'J01': -279.79999999999995, 'top_mgr': 8}, {'J01': 7}, {'J01': 33}, 
2565.0, {'J01': -249.79999999999998, 'top_mgr': 11}, {'J01': 5}, {'J01': 25}, 
2570.0, {'J01': -273.20000000000005, 'top_mgr': 7}, {'J01': 5}, {'J01': 22}, 
2575.0, {'J01': -253.6, 'top_mgr': 9}, {'J01': 5}, {'J01': 18}, 
2580.0, {'J01': -200.39999999999998, 'top_mgr': 7}, {'J01': 5}, {'J01': 16}, 
2585.0, {'J01': -180.2, 'top_mgr': 5}, {'J01': 4}, {'J01': 17}, 
2590.0, {'J01': -146.8, 'top_mgr': 5}, {'J01': 7}, {'J01': 23}, 
2595.0, {'J01': -151.6, 'top_mgr': 3}, {'J01': 8}, {'J01': 28}, 
2600.0, {'J01': -185.20000000000002, 'top_mgr': 3}, {'J01': 8}, {'J01': 31}, 
2605.0, {'J01': -208.80000000000004, 'top_mgr': 3}, {'J01': 8}, {'J01': 32}, 
2610.0, {'J01': -199.79999999999998, 'top_mgr': 8}, {'J01': 7}, {'J01': 28}, 
2615.0, {'J01': -207.39999999999998, 'top_mgr': 9}, {'J01': 5}, {'J01': 23}, 
2620.0, {'J01': -238.79999999999998, 'top_mgr': 7}, {'J01': 4}, {'J01': 21}, 
2625.0, {'J01': -213.0, 'top_mgr': 7}, {'J01': 4}, {'J01': 16}, 
2630.0, {'J01': -150.60000000000002, 'top_mgr': 4}, {'J01': 4}, {'J01': 15}, 
2635.0, {'J01': -151.0, 'top_mgr': 4}, {'J01': 4}, {'J01': 19}, 
2640.0, {'J01': -193.00000000000003, 'top_mgr': 1}, {'J01': 6}, {'J01': 26}, 
2645.0, {'J01': -244.20000000000007, 'top_mgr': 3}, {'J01': 8}, {'J01': 35}, 
2650.0, {'J01': -260.80000000000007, 'top_mgr': 1}, {'J01': 8}, {'J01': 37}, 
2655.0, {'J01': -308.6000000000001, 'top_mgr': 0}, {'J01': 8}, {'J01': 39}, 
2660.0, {'J01': -318.00000000000006, 'top_mgr': 2}, {'J01': 8}, {'J01': 40}, 
2665.0, {'J01': -330.6000000000001, 'top_mgr': 1}, {'J01': 8}, {'J01': 41}, 
2670.0, {'J01': -380.6000000000001, 'top_mgr': 0}, {'J01': 8}, {'J01': 43}, 
2675.0, {'J01': -363.6000000000001, 'top_mgr': 8}, {'J01': 7}, {'J01': 36}, 
2680.0, {'J01': -330.6000000000001, 'top_mgr': 12}, {'J01': 5}, {'J01': 26}, 
2685.0, {'J01': -356.00000000000006, 'top_mgr': 7}, {'J01': 5}, {'J01': 22}, 
2690.0, {'J01': -392.00000000000006, 'top_mgr': 3}, {'J01': 5}, {'J01': 22}, 
2695.0, {'J01': -331.2, 'top_mgr': 7}, {'J01': 4}, {'J01': 25}, 
2700.0, {'J01': -377.0, 'top_mgr': 2}, {'J01': 6}, {'J01': 31}, 
2705.0, {'J01': -332.20000000000005, 'top_mgr': 6}, {'J01': 8}, {'J01': 32}, 
2710.0, {'J01': -286.8, 'top_mgr': 1}, {'J01': 8}, {'J01': 34}, 
2715.0, {'J01': -218.60000000000002, 'top_mgr': 8}, {'J01': 7}, {'J01': 30}, 
2720.0, {'J01': -229.8, 'top_mgr': 7}, {'J01': 5}, {'J01': 25}, 
2725.0, {'J01': -231.40000000000003, 'top_mgr': 8}, {'J01': 4}, {'J01': 20}, 
2730.0, {'J01': -205.60000000000002, 'top_mgr': 9}, {'J01': 4}, {'J01': 15}, 
2735.0, {'J01': -168.0, 'top_mgr': 6}, {'J01': 4}, {'J01': 15}, 
2740.0, {'J01': -108.6, 'top_mgr': 3}, {'J01': 4}, {'J01': 21}, 
2745.0, {'J01': -128.8, 'top_mgr': 4}, {'J01': 4}, {'J01': 21}, 
2750.0, {'J01': -160.79999999999998, 'top_mgr': 3}, {'J01': 8}, {'J01': 26}, 
2755.0, {'J01': -198.79999999999998, 'top_mgr': 0}, {'J01': 8}, {'J01': 32}, 
2760.0, {'J01': -233.8, 'top_mgr': 1}, {'J01': 8}, {'J01': 33}, 
2765.0, {'J01': -240.80000000000004, 'top_mgr': 4}, {'J01': 8}, {'J01': 30}, 
2770.0, {'J01': -277.0, 'top_mgr': 4}, {'J01': 7}, {'J01': 30}, 
2775.0, {'J01': -320.80000000000007, 'top_mgr': 2}, {'J01': 7}, {'J01': 30}, 
2780.0, {'J01': -375.8, 'top_mgr': 0}, {'J01': 8}, {'J01': 37}, 
2785.0, {'J01': -353.4, 'top_mgr': 6}, {'J01': 7}, {'J01': 32}, 
2790.0, {'J01': -367.20000000000005, 'top_mgr': 12}, {'J01': 5}, {'J01': 24}, 
2795.0, {'J01': -342.0, 'top_mgr': 8}, {'J01': 4}, {'J01': 17}, 
2800.0, {'J01': -310.6, 'top_mgr': 2}, {'J01': 4}, {'J01': 22}, 
2805.0, {'J01': -310.80000000000007, 'top_mgr': 2}, {'J01': 7}, {'J01': 30}, 
2810.0, {'J01': -269.0, 'top_mgr': 3}, {'J01': 8}, {'J01': 33}, 
2815.0, {'J01': -271.6, 'top_mgr': 7}, {'J01': 7}, {'J01': 30}, 
2820.0, {'J01': -156.4, 'top_mgr': 12}, {'J01': 4}, {'J01': 19}, 
2825.0, {'J01': -176.8, 'top_mgr': 9}, {'J01': 4}, {'J01': 17}, 
2830.0, {'J01': -166.8, 'top_mgr': 7}, {'J01': 4}, {'J01': 13}, 
2835.0, {'J01': -182.60000000000002, 'top_mgr': 6}, {'J01': 4}, {'J01': 16}, 
2840.0, {'J01': -131.20000000000002, 'top_mgr': 5}, {'J01': 4}, {'J01': 19}, 
2845.0, {'J01': -177.8, 'top_mgr': 1}, {'J01': 7}, {'J01': 29}, 
2850.0, {'J01': -198.40000000000003, 'top_mgr': 1}, {'J01': 8}, {'J01': 32}, 
2855.0, {'J01': -243.20000000000002, 'top_mgr': 2}, {'J01': 8}, {'J01': 34}, 
2860.0, {'J01': -250.0, 'top_mgr': 2}, {'J01': 8}, {'J01': 33}, 
2865.0, {'J01': -233.60000000000002, 'top_mgr': 3}, {'J01': 8}, {'J01': 33}, 
2870.0, {'J01': -272.4, 'top_mgr': 1}, {'J01': 8}, {'J01': 35}, 
2875.0, {'J01': -288.99999999999994, 'top_mgr': 3}, {'J01': 8}, {'J01': 36}, 
2880.0, {'J01': -279.79999999999995, 'top_mgr': 7}, {'J01': 7}, {'J01': 30}, 
2885.0, {'J01': -259.2, 'top_mgr': 4}, {'J01': 7}, {'J01': 28}, 
2890.0, {'J01': -270.8, 'top_mgr': 10}, {'J01': 5}, {'J01': 23}, 
2895.0, {'J01': -293.8, 'top_mgr': 6}, {'J01': 4}, {'J01': 20}, 
2900.0, {'J01': -318.00000000000006, 'top_mgr': 6}, {'J01': 4}, {'J01': 18}, 
2905.0, {'J01': -263.20000000000005, 'top_mgr': 9}, {'J01': 4}, {'J01': 18}, 
2910.0, {'J01': -215.20000000000002, 'top_mgr': 9}, {'J01': 4}, {'J01': 15}, 
2915.0, {'J01': -128.0, 'top_mgr': 6}, {'J01': 4}, {'J01': 17}, 
2920.0, {'J01': -163.39999999999998, 'top_mgr': 3}, {'J01': 7}, {'J01': 26}, 
2925.0, {'J01': -164.60000000000002, 'top_mgr': 2}, {'J01': 8}, {'J01': 31}, 
2930.0, {'J01': -155.0, 'top_mgr': 6}, {'J01': 7}, {'J01': 30}, 
2935.0, {'J01': -164.39999999999998, 'top_mgr': 9}, {'J01': 5}, {'J01': 23}, 
2940.0, {'J01': -179.0, 'top_mgr': 11}, {'J01': 4}, {'J01': 17}, 
2945.0, {'J01': -182.2, 'top_mgr': 5}, {'J01': 4}, {'J01': 14}, 
2950.0, {'J01': -188.6, 'top_mgr': 6}, {'J01': 4}, {'J01': 14}, 
2955.0, {'J01': -160.20000000000002, 'top_mgr': 6}, {'J01': 4}, {'J01': 12}, 
2960.0, {'J01': -108.19999999999999, 'top_mgr': 3}, {'J01': 4}, {'J01': 18}, 
2965.0, {'J01': -153.79999999999998, 'top_mgr': 0}, {'J01': 7}, {'J01': 27}, 
2970.0, {'J01': -194.0, 'top_mgr': 2}, {'J01': 8}, {'J01': 33}, 
2975.0, {'J01': -190.00000000000003, 'top_mgr': 4}, {'J01': 8}, {'J01': 35}, 
2980.0, {'J01': -226.20000000000002, 'top_mgr': 5}, {'J01': 8}, {'J01': 34}, 
2985.0, {'J01': -243.60000000000002, 'top_mgr': 5}, {'J01': 7}, {'J01': 32}, 
2990.0, {'J01': -263.20000000000005, 'top_mgr': 5}, {'J01': 6}, {'J01': 31}, 
2995.0, {'J01': -285.6000000000001, 'top_mgr': 11}, {'J01': 4}, {'J01': 25}, 
3000.0, {'J01': -316.20000000000005, 'top_mgr': 6}, {'J01': 4}, {'J01': 21}, 
3005.0, {'J01': -303.4000000000001, 'top_mgr': 4}, {'J01': 4}, {'J01': 20}, 
3010.0, {'J01': -242.4, 'top_mgr': 9}, {'J01': 4}, {'J01': 18}, 
3015.0, {'J01': -252.60000000000002, 'top_mgr': 5}, {'J01': 3}, {'J01': 19}, 
3020.0, {'J01': -173.4, 'top_mgr': 4}, {'J01': 6}, {'J01': 24}, 
3025.0, {'J01': -212.4, 'top_mgr': 2}, {'J01': 8}, {'J01': 30}, 
3030.0, {'J01': -250.8, 'top_mgr': 1}, {'J01': 8}, {'J01': 32}, 
3035.0, {'J01': -265.40000000000003, 'top_mgr': 4}, {'J01': 8}, {'J01': 30}, 
3040.0, {'J01': -254.00000000000003, 'top_mgr': 12}, {'J01': 6}, {'J01': 25}, 
3045.0, {'J01': -246.0, 'top_mgr': 9}, {'J01': 4}, {'J01': 18}, 
3050.0, {'J01': -244.8, 'top_mgr': 5}, {'J01': 4}, {'J01': 14}, 
3055.0, {'J01': -223.20000000000002, 'top_mgr': 6}, {'J01': 4}, {'J01': 13}, 
3060.0, {'J01': -116.60000000000002, 'top_mgr': 5}, {'J01': 4}, {'J01': 17}, 
3065.0, {'J01': -158.6, 'top_mgr': 3}, {'J01': 6}, {'J01': 23}, 
3070.0, {'J01': -192.0, 'top_mgr': 3}, {'J01': 8}, {'J01': 29}, 
3075.0, {'J01': -120.00000000000001, 'top_mgr': 6}, {'J01': 8}, {'J01': 28}, 
3080.0, {'J01': -136.4, 'top_mgr': 3}, {'J01': 8}, {'J01': 32}, 
3085.0, {'J01': -142.8, 'top_mgr': 3}, {'J01': 8}, {'J01': 32}, 
3090.0, {'J01': -136.2, 'top_mgr': 8}, {'J01': 7}, {'J01': 27}, 
3095.0, {'J01': -147.6, 'top_mgr': 8}, {'J01': 5}, {'J01': 22}, 
3100.0, {'J01': -171.20000000000002, 'top_mgr': 6}, {'J01': 4}, {'J01': 18}, 
3105.0, {'J01': -174.00000000000003, 'top_mgr': 7}, {'J01': 4}, {'J01': 17}, 
3110.0, {'J01': -176.00000000000003, 'top_mgr': 5}, {'J01': 4}, {'J01': 16}, 
3115.0, {'J01': -163.4, 'top_mgr': 6}, {'J01': 4}, {'J01': 15}, 
3120.0, {'J01': -193.20000000000005, 'top_mgr': 3}, {'J01': 3}, {'J01': 17}, 
3125.0, {'J01': -129.60000000000002, 'top_mgr': 5}, {'J01': 6}, {'J01': 21}, 
3130.0, {'J01': -156.8, 'top_mgr': 4}, {'J01': 8}, {'J01': 28}, 
3135.0, {'J01': -148.0, 'top_mgr': 4}, {'J01': 8}, {'J01': 31}, 
3140.0, {'J01': -189.39999999999998, 'top_mgr': 2}, {'J01': 8}, {'J01': 35}, 
3145.0, {'J01': -242.0, 'top_mgr': 0}, {'J01': 8}, {'J01': 42}, 
3150.0, {'J01': -220.0, 'top_mgr': 13}, {'J01': 6}, {'J01': 31}, 
3155.0, {'J01': -239.40000000000003, 'top_mgr': 13}, {'J01': 4}, {'J01': 28}, 
3160.0, {'J01': -272.6, 'top_mgr': 6}, {'J01': 4}, {'J01': 25}, 
3165.0, {'J01': -254.60000000000002, 'top_mgr': 10}, {'J01': 4}, {'J01': 21}, 
3170.0, {'J01': -219.2, 'top_mgr': 5}, {'J01': 4}, {'J01': 20}, 
3175.0, {'J01': -200.39999999999998, 'top_mgr': 5}, {'J01': 5}, {'J01': 29}, 
3180.0, {'J01': -255.20000000000002, 'top_mgr': 3}, {'J01': 7}, {'J01': 38}, 
3185.0, {'J01': -315.40000000000003, 'top_mgr': 2}, {'J01': 8}, {'J01': 47}, 
3190.0, {'J01': -318.00000000000006, 'top_mgr': 3}, {'J01': 8}, {'J01': 46}, 
3195.0, {'J01': -287.00000000000006, 'top_mgr': 6}, {'J01': 9}, {'J01': 42}, 
3200.0, {'J01': -214.6, 'top_mgr': 6}, {'J01': 10}, {'J01': 41}, 
3205.0, {'J01': -257.59999999999997, 'top_mgr': 0}, {'J01': 10}, {'J01': 44}, 
3210.0, {'J01': -234.8, 'top_mgr': 7}, {'J01': 10}, {'J01': 38}, 
3215.0, {'J01': -197.60000000000002, 'top_mgr': 13}, {'J01': 6}, {'J01': 27}, 
3220.0, {'J01': -204.20000000000002, 'top_mgr': 12}, {'J01': 4}, {'J01': 20}, 
3225.0, {'J01': -140.8, 'top_mgr': 8}, {'J01': 4}, {'J01': 15}, 
3230.0, {'J01': -169.8, 'top_mgr': 6}, {'J01': 4}, {'J01': 16}, 
3235.0, {'J01': -198.4, 'top_mgr': 4}, {'J01': 4}, {'J01': 18}, 
3240.0, {'J01': -216.4, 'top_mgr': 3}, {'J01': 3}, {'J01': 20}, 
3245.0, {'J01': -229.8, 'top_mgr': 4}, {'J01': 6}, {'J01': 27}, 
3250.0, {'J01': -220.4, 'top_mgr': 5}, {'J01': 8}, {'J01': 31}, 
3255.0, {'J01': -213.0, 'top_mgr': 4}, {'J01': 8}, {'J01': 33}, 
3260.0, {'J01': -259.8, 'top_mgr': 0}, {'J01': 8}, {'J01': 35}, 
3265.0, {'J01': -248.8, 'top_mgr': 8}, {'J01': 7}, {'J01': 30}, 
3270.0, {'J01': -242.40000000000003, 'top_mgr': 9}, {'J01': 4}, {'J01': 24}, 
3275.0, {'J01': -267.8, 'top_mgr': 7}, {'J01': 4}, {'J01': 20}, 
3280.0, {'J01': -248.8, 'top_mgr': 8}, {'J01': 4}, {'J01': 16}, 
3285.0, {'J01': -276.8, 'top_mgr': 5}, {'J01': 4}, {'J01': 16}, 
3290.0, {'J01': -256.80000000000007, 'top_mgr': 8}, {'J01': 4}, {'J01': 15}, 
3295.0, {'J01': -245.00000000000003, 'top_mgr': 2}, {'J01': 3}, {'J01': 20}, 
3300.0, {'J01': -158.20000000000002, 'top_mgr': 7}, {'J01': 6}, {'J01': 23}, 
3305.0, {'J01': -122.19999999999999, 'top_mgr': 5}, {'J01': 8}, {'J01': 26}, 
3310.0, {'J01': -147.8, 'top_mgr': 2}, {'J01': 8}, {'J01': 28}, 
3315.0, {'J01': -147.60000000000002, 'top_mgr': 4}, {'J01': 8}, {'J01': 28}, 
3320.0, {'J01': -161.4, 'top_mgr': 9}, {'J01': 6}, {'J01': 24}, 
3325.0, {'J01': -161.8, 'top_mgr': 8}, {'J01': 4}, {'J01': 19}, 
3330.0, {'J01': -151.8, 'top_mgr': 9}, {'J01': 4}, {'J01': 13}, 
3335.0, {'J01': -171.0, 'top_mgr': 3}, {'J01': 4}, {'J01': 14}, 
3340.0, {'J01': -129.4, 'top_mgr': 5}, {'J01': 4}, {'J01': 19}, 
3345.0, {'J01': -160.20000000000002, 'top_mgr': 3}, {'J01': 7}, {'J01': 23}, 
3350.0, {'J01': -118.80000000000003, 'top_mgr': 9}, {'J01': 7}, {'J01': 21}, 
3355.0, {'J01': -94.40000000000002, 'top_mgr': 4}, {'J01': 7}, {'J01': 18}, 
3360.0, {'J01': -123.40000000000003, 'top_mgr': 1}, {'J01': 7}, {'J01': 24}, 
3365.0, {'J01': -145.60000000000002, 'top_mgr': 3}, {'J01': 8}, {'J01': 23}, 
3370.0, {'J01': -97.2, 'top_mgr': 5}, {'J01': 8}, {'J01': 23}, 
3375.0, {'J01': -121.8, 'top_mgr': 4}, {'J01': 8}, {'J01': 25}, 
3380.0, {'J01': -136.2, 'top_mgr': 7}, {'J01': 7}, {'J01': 23}, 
3385.0, {'J01': -157.60000000000002, 'top_mgr': 7}, {'J01': 4}, {'J01': 19}, 
3390.0, {'J01': -171.00000000000003, 'top_mgr': 7}, {'J01': 4}, {'J01': 15}, 
3395.0, {'J01': -138.00000000000003, 'top_mgr': 6}, {'J01': 4}, {'J01': 13}, 
3400.0, {'J01': -122.80000000000001, 'top_mgr': 7}, {'J01': 4}, {'J01': 13}, 
3405.0, {'J01': -149.0, 'top_mgr': 2}, {'J01': 4}, {'J01': 16}, 
3410.0, {'J01': -153.60000000000002, 'top_mgr': 6}, {'J01': 5}, {'J01': 22}, 
3415.0, {'J01': -125.4, 'top_mgr': 5}, {'J01': 8}, {'J01': 28}, 
3420.0, {'J01': -158.4, 'top_mgr': 3}, {'J01': 8}, {'J01': 29}, 
3425.0, {'J01': -195.0, 'top_mgr': 2}, {'J01': 8}, {'J01': 33}, 
3430.0, {'J01': -244.79999999999998, 'top_mgr': 0}, {'J01': 8}, {'J01': 40}, 
3435.0, {'J01': -248.99999999999997, 'top_mgr': 7}, {'J01': 7}, {'J01': 35}, 
3440.0, {'J01': -214.6, 'top_mgr': 14}, {'J01': 5}, {'J01': 23}, 
3445.0, {'J01': -238.79999999999998, 'top_mgr': 10}, {'J01': 4}, {'J01': 20}, 
3450.0, {'J01': -208.8, 'top_mgr': 8}, {'J01': 4}, {'J01': 14}, 
3455.0, {'J01': -236.79999999999998, 'top_mgr': 7}, {'J01': 4}, {'J01': 14}, 
3460.0, {'J01': -268.20000000000005, 'top_mgr': 4}, {'J01': 4}, {'J01': 16}, 
3465.0, {'J01': -178.20000000000002, 'top_mgr': 7}, {'J01': 4}, {'J01': 15}, 
3470.0, {'J01': -198.79999999999998, 'top_mgr': 5}, {'J01': 3}, {'J01': 16}, 
3475.0, {'J01': -159.20000000000002, 'top_mgr': 5}, {'J01': 6}, {'J01': 20}, 
3480.0, {'J01': -192.2, 'top_mgr': 3}, {'J01': 8}, {'J01': 25}, 
3485.0, {'J01': -144.0, 'top_mgr': 3}, {'J01': 8}, {'J01': 26}, 
3490.0, {'J01': -176.40000000000003, 'top_mgr': 1}, {'J01': 8}, {'J01': 30}, 
3495.0, {'J01': -176.20000000000002, 'top_mgr': 5}, {'J01': 7}, {'J01': 27}, 
3500.0, {'J01': -170.8, 'top_mgr': 10}, {'J01': 5}, {'J01': 21}, 
3505.0, {'J01': -184.4, 'top_mgr': 8}, {'J01': 4}, {'J01': 16}, 
3510.0, {'J01': -149.4, 'top_mgr': 6}, {'J01': 4}, {'J01': 11}, 
3515.0, {'J01': -169.0, 'top_mgr': 5}, {'J01': 4}, {'J01': 13}, 
3520.0, {'J01': -183.2, 'top_mgr': 7}, {'J01': 4}, {'J01': 14}, 
3525.0, {'J01': -130.6, 'top_mgr': 4}, {'J01': 4}, {'J01': 19}, 
3530.0, {'J01': -171.60000000000002, 'top_mgr': 1}, {'J01': 6}, {'J01': 26}, 
3535.0, {'J01': -211.4, 'top_mgr': 2}, {'J01': 8}, {'J01': 33}, 
3540.0, {'J01': -120.6, 'top_mgr': 7}, {'J01': 8}, {'J01': 33}, 
3545.0, {'J01': -158.4, 'top_mgr': 3}, {'J01': 8}, {'J01': 38}, 
3550.0, {'J01': -176.0, 'top_mgr': 6}, {'J01': 8}, {'J01': 35}, 
3555.0, {'J01': -167.79999999999998, 'top_mgr': 9}, {'J01': 6}, {'J01': 28}, 
3560.0, {'J01': -173.39999999999998, 'top_mgr': 11}, {'J01': 4}, {'J01': 22}, 
3565.0, {'J01': -176.0, 'top_mgr': 7}, {'J01': 5}, {'J01': 18}, 
3570.0, {'J01': -181.4, 'top_mgr': 4}, {'J01': 6}, {'J01': 20}, 
3575.0, {'J01': -155.20000000000002, 'top_mgr': 7}, {'J01': 4}, {'J01': 17}, 
3580.0, {'J01': -158.6, 'top_mgr': 3}, {'J01': 5}, {'J01': 22}, 
3585.0, {'J01': -198.20000000000002, 'top_mgr': 2}, {'J01': 7}, {'J01': 31}, 
3590.0, {'J01': -239.6, 'top_mgr': 3}, {'J01': 8}, {'J01': 37}, 
3595.0, {'J01': -253.20000000000002, 'top_mgr': 2}, {'J01': 8}, {'J01': 40}, 
3600.0, {'J01': -258.40000000000003, 'top_mgr': 2}, {'J01': 8}, {'J01': 41}, 
3605.0, {'J01': -304.6, 'top_mgr': 0}, {'J01': 8}, {'J01': 43}, 
3610.0, {'J01': -330.40000000000003, 'top_mgr': 4}, {'J01': 8}, {'J01': 42}, 
3615.0, {'J01': -322.6, 'top_mgr': 8}, {'J01': 8}, {'J01': 36}, 
3620.0, {'J01': -322.8, 'top_mgr': 11}, {'J01': 5}, {'J01': 28}, 
3625.0, {'J01': -309.80000000000007, 'top_mgr': 7}, {'J01': 4}, {'J01': 23}, 
3630.0, {'J01': -337.8, 'top_mgr': 5}, {'J01': 4}, {'J01': 20}, 
3635.0, {'J01': -254.20000000000002, 'top_mgr': 8}, {'J01': 4}, {'J01': 16}, 
3640.0, {'J01': -237.60000000000002, 'top_mgr': 3}, {'J01': 6}, {'J01': 19}, 
3645.0, {'J01': -209.8, 'top_mgr': 4}, {'J01': 8}, {'J01': 23}, 
3650.0, {'J01': -151.4, 'top_mgr': 3}, {'J01': 8}, {'J01': 22}, 
3655.0, {'J01': -159.00000000000003, 'top_mgr': 4}, {'J01': 8}, {'J01': 22}, 
3660.0, {'J01': -145.6, 'top_mgr': 2}, {'J01': 7}, {'J01': 23}, 
3665.0, {'J01': -167.8, 'top_mgr': 2}, {'J01': 6}, {'J01': 23}, 
3670.0, {'J01': -177.8, 'top_mgr': 6}, {'J01': 4}, {'J01': 17}, 
3675.0, {'J01': -193.8, 'top_mgr': 4}, {'J01': 4}, {'J01': 14}, 
3680.0, {'J01': -161.60000000000002, 'top_mgr': 5}, {'J01': 4}, {'J01': 12}, 
3685.0, {'J01': -148.8, 'top_mgr': 3}, {'J01': 4}, {'J01': 12}, 
3690.0, {'J01': -94.0, 'top_mgr': 4}, {'J01': 4}, {'J01': 14}, 
3695.0, {'J01': -120.0, 'top_mgr': 1}, {'J01': 7}, {'J01': 20}, 
3700.0, {'J01': -142.0, 'top_mgr': 1}, {'J01': 8}, {'J01': 24}, 
3705.0, {'J01': -161.4, 'top_mgr': 2}, {'J01': 8}, {'J01': 23}, 
3710.0, {'J01': -147.0, 'top_mgr': 1}, {'J01': 8}, {'J01': 22}, 
3715.0, {'J01': -135.2, 'top_mgr': 1}, {'J01': 8}, {'J01': 23}, 
3720.0, {'J01': -149.4, 'top_mgr': 2}, {'J01': 8}, {'J01': 21}, 
3725.0, {'J01': -109.4, 'top_mgr': 2}, {'J01': 8}, {'J01': 21}, 
3730.0, {'J01': -120.19999999999999, 'top_mgr': 4}, {'J01': 6}, {'J01': 20}, 
3735.0, {'J01': -130.2, 'top_mgr': 4}, {'J01': 4}, {'J01': 17}, 
3740.0, {'J01': -136.4, 'top_mgr': 6}, {'J01': 4}, {'J01': 11}, 
3745.0, {'J01': -154.2, 'top_mgr': 2}, {'J01': 4}, {'J01': 10}, 
3750.0, {'J01': -87.19999999999999, 'top_mgr': 3}, {'J01': 4}, {'J01': 8}, 
3755.0, {'J01': -105.20000000000002, 'top_mgr': 4}, {'J01': 4}, {'J01': 10}, 
3760.0, {'J01': -74.20000000000002, 'top_mgr': 3}, {'J01': 4}, {'J01': 10}, 
3765.0, {'J01': -89.2, 'top_mgr': 3}, {'J01': 4}, {'J01': 12}, 
3770.0, {'J01': -46.00000000000001, 'top_mgr': 4}, {'J01': 7}, {'J01': 16}, 
3775.0, {'J01': -64.0, 'top_mgr': 3}, {'J01': 8}, {'J01': 20}, 
3780.0, {'J01': -83.0, 'top_mgr': 2}, {'J01': 8}, {'J01': 22}, 
3785.0, {'J01': -96.80000000000001, 'top_mgr': 4}, {'J01': 6}, {'J01': 20}, 
3790.0, {'J01': -109.0, 'top_mgr': 6}, {'J01': 4}, {'J01': 16}, 
3795.0, {'J01': -122.20000000000002, 'top_mgr': 4}, {'J01': 4}, {'J01': 12}, 
3800.0, {'J01': -103.0, 'top_mgr': 4}, {'J01': 4}, {'J01': 11}, 
3805.0, {'J01': -123.0, 'top_mgr': 5}, {'J01': 4}, {'J01': 11}, 
3810.0, {'J01': -143.0, 'top_mgr': 5}, {'J01': 4}, {'J01': 11}, 
3815.0, {'J01': -119.00000000000001, 'top_mgr': 3}, {'J01': 4}, {'J01': 11}, 
3820.0, {'J01': -129.60000000000002, 'top_mgr': 3}, {'J01': 4}, {'J01': 14}, 
3825.0, {'J01': -150.60000000000002, 'top_mgr': 2}, {'J01': 7}, {'J01': 18}, 
3830.0, {'J01': -100.60000000000001, 'top_mgr': 4}, {'J01': 8}, {'J01': 18}, 
3835.0, {'J01': -116.60000000000001, 'top_mgr': 3}, {'J01': 8}, {'J01': 18}, 
3840.0, {'J01': -135.40000000000003, 'top_mgr': 1}, {'J01': 8}, {'J01': 20}, 
3845.0, {'J01': -148.60000000000002, 'top_mgr': 4}, {'J01': 6}, {'J01': 19}, 
3850.0, {'J01': -85.00000000000001, 'top_mgr': 4}, {'J01': 5}, {'J01': 18}, 
3855.0, {'J01': -103.60000000000002, 'top_mgr': 2}, {'J01': 4}, {'J01': 16}, 
3860.0, {'J01': -114.00000000000001, 'top_mgr': 6}, {'J01': 4}, {'J01': 10}, 
3865.0, {'J01': -78.80000000000001, 'top_mgr': 4}, {'J01': 4}, {'J01': 9}, 
3870.0, {'J01': -88.0, 'top_mgr': 4}, {'J01': 3}, {'J01': 9}, 
3875.0, {'J01': -65.0, 'top_mgr': 4}, {'J01': 3}, {'J01': 10}, 
3880.0, {'J01': -90.0, 'top_mgr': 2}, {'J01': 6}, {'J01': 15}, 
3885.0, {'J01': -115.0, 'top_mgr': 3}, {'J01': 8}, {'J01': 20}, 
3890.0, {'J01': -89.00000000000001, 'top_mgr': 4}, {'J01': 8}, {'J01': 20}, 
3895.0, {'J01': -79.8, 'top_mgr': 3}, {'J01': 7}, {'J01': 19}, 
3900.0, {'J01': -90.60000000000001, 'top_mgr': 4}, {'J01': 5}, {'J01': 17}, 
3905.0, {'J01': -101.8, 'top_mgr': 4}, {'J01': 4}, {'J01': 13}, 
3910.0, {'J01': -91.60000000000001, 'top_mgr': 5}, {'J01': 4}, {'J01': 8}, 
3915.0, {'J01': -81.60000000000001, 'top_mgr': 5}, {'J01': 4}, {'J01': 7}, 
3920.0, {'J01': -93.60000000000001, 'top_mgr': 4}, {'J01': 4}, {'J01': 7}, 
3925.0, {'J01': -100.60000000000001, 'top_mgr': 4}, {'J01': 3}, {'J01': 8}, 
3930.0, {'J01': -120.4, 'top_mgr': 1}, {'J01': 3}, {'J01': 11}, 
3935.0, {'J01': -110.2, 'top_mgr': 2}, {'J01': 6}, {'J01': 15}, 
3940.0, {'J01': -96.4, 'top_mgr': 4}, {'J01': 8}, {'J01': 18}, 
3945.0, {'J01': -70.4, 'top_mgr': 2}, {'J01': 8}, {'J01': 19}, 
3950.0, {'J01': -61.99999999999999, 'top_mgr': 3}, {'J01': 7}, {'J01': 19}, 
3955.0, {'J01': -64.60000000000001, 'top_mgr': 6}, {'J01': 4}, {'J01': 14}, 
3960.0, {'J01': -73.4, 'top_mgr': 4}, {'J01': 4}, {'J01': 11}, 
3965.0, {'J01': -45.800000000000004, 'top_mgr': 5}, {'J01': 4}, {'J01': 7}, 
3970.0, {'J01': -63.60000000000001, 'top_mgr': 5}, {'J01': 4}, {'J01': 9}, 
3975.0, {'J01': -79.20000000000002, 'top_mgr': 3}, {'J01': 4}, {'J01': 10}, 
3980.0, {'J01': -97.80000000000001, 'top_mgr': 3}, {'J01': 3}, {'J01': 11}, 
3985.0, {'J01': -64.4, 'top_mgr': 4}, {'J01': 5}, {'J01': 12}, 
3990.0, {'J01': -44.800000000000004, 'top_mgr': 4}, {'J01': 8}, {'J01': 19}, 
3995.0, {'J01': -67.80000000000001, 'top_mgr': 0}, {'J01': 8}, {'J01': 22}, 
4000.0, {'J01': -78.4, 'top_mgr': 3}, {'J01': 7}, {'J01': 20}, 
4005.0, {'J01': -85.60000000000001, 'top_mgr': 5}, {'J01': 4}, {'J01': 15}, 
4010.0, {'J01': -96.40000000000002, 'top_mgr': 4}, {'J01': 4}, {'J01': 12}, 
4015.0, {'J01': -73.60000000000001, 'top_mgr': 6}, {'J01': 4}, {'J01': 8}, 
4020.0, {'J01': -68.0, 'top_mgr': 1}, {'J01': 4}, {'J01': 9}, 
4025.0, {'J01': -76.4, 'top_mgr': 3}, {'J01': 4}, {'J01': 7}, 
4030.0, {'J01': -92.19999999999999, 'top_mgr': 1}, {'J01': 4}, {'J01': 9}, 
4035.0, {'J01': -107.80000000000001, 'top_mgr': 3}, {'J01': 4}, {'J01': 12}, 
4040.0, {'J01': -57.0, 'top_mgr': 3}, {'J01': 7}, {'J01': 15}, 
4045.0, {'J01': -71.0, 'top_mgr': 3}, {'J01': 8}, {'J01': 17}, 
4050.0, {'J01': -77.8, 'top_mgr': 3}, {'J01': 7}, {'J01': 17}, 
4055.0, {'J01': -94.0, 'top_mgr': 4}, {'J01': 5}, {'J01': 16}, 
4060.0, {'J01': -105.4, 'top_mgr': 4}, {'J01': 4}, {'J01': 14}, 
4065.0, {'J01': -123.2, 'top_mgr': 4}, {'J01': 4}, {'J01': 12}, 
4070.0, {'J01': -105.4, 'top_mgr': 6}, {'J01': 4}, {'J01': 10}, 
4075.0, {'J01': -77.4, 'top_mgr': 1}, {'J01': 4}, {'J01': 12}, 
4080.0, {'J01': -56.8, 'top_mgr': 7}, {'J01': 4}, {'J01': 10}, 
4085.0, {'J01': -62.0, 'top_mgr': 1}, {'J01': 7}, {'J01': 18}, 
4090.0, {'J01': -68.60000000000001, 'top_mgr': 4}, {'J01': 8}, {'J01': 17}, 
4095.0, {'J01': -53.599999999999994, 'top_mgr': 3}, {'J01': 8}, {'J01': 18}, 
4100.0, {'J01': -73.60000000000001, 'top_mgr': 0}, {'J01': 8}, {'J01': 22}, 
4105.0, {'J01': -89.60000000000001, 'top_mgr': 0}, {'J01': 8}, {'J01': 22}, 
4110.0, {'J01': -99.2, 'top_mgr': 4}, {'J01': 6}, {'J01': 21}, 
4115.0, {'J01': -111.0, 'top_mgr': 6}, {'J01': 4}, {'J01': 17}, 
4120.0, {'J01': -119.0, 'top_mgr': 3}, {'J01': 4}, {'J01': 14}, 
4125.0, {'J01': -143.00000000000003, 'top_mgr': 3}, {'J01': 4}, {'J01': 13}, 
4130.0, {'J01': -150.4, 'top_mgr': 2}, {'J01': 4}, {'J01': 12}, 
4135.0, {'J01': -94.4, 'top_mgr': 3}, {'J01': 5}, {'J01': 11}, 
4140.0, {'J01': -96.80000000000001, 'top_mgr': 8}, {'J01': 2}, {'J01': 7}, 
4145.0, {'J01': -17.6, 'top_mgr': 5}, {'J01': 3}, {'J01': 7}, 
4150.0, {'J01': -38.6, 'top_mgr': 3}, {'J01': 7}, {'J01': 16}, 
4155.0, {'J01': -52.60000000000001, 'top_mgr': 3}, {'J01': 8}, {'J01': 18}, 
4160.0, {'J01': -61.20000000000001, 'top_mgr': 2}, {'J01': 8}, {'J01': 19}, 
4165.0, {'J01': -70.00000000000001, 'top_mgr': 1}, {'J01': 8}, {'J01': 20}, 
4170.0, {'J01': -79.60000000000001, 'top_mgr': 2}, {'J01': 7}, {'J01': 20}, 
4175.0, {'J01': -88.4, 'top_mgr': 3}, {'J01': 6}, {'J01': 17}, 
4180.0, {'J01': -94.4, 'top_mgr': 5}, {'J01': 4}, {'J01': 12}, 
4185.0, {'J01': -108.60000000000001, 'top_mgr': 1}, {'J01': 4}, {'J01': 11}, 
4190.0, {'J01': -119.40000000000002, 'top_mgr': 2}, {'J01': 4}, {'J01': 9}, 
4195.0, {'J01': -99.0, 'top_mgr': 3}, {'J01': 4}, {'J01': 8}, 
4200.0, {'J01': -111.8, 'top_mgr': 2}, {'J01': 4}, {'J01': 12}, 
4205.0, {'J01': -64.4, 'top_mgr': 4}, {'J01': 7}, {'J01': 14}, 
4210.0, {'J01': -77.39999999999999, 'top_mgr': 1}, {'J01': 8}, {'J01': 18}, 
4215.0, {'J01': -51.6, 'top_mgr': 4}, {'J01': 6}, {'J01': 17}, 
4220.0, {'J01': -54.6, 'top_mgr': 6}, {'J01': 4}, {'J01': 12}, 
4225.0, {'J01': -60.2, 'top_mgr': 4}, {'J01': 4}, {'J01': 8}, 
4230.0, {'J01': -39.0, 'top_mgr': 4}, {'J01': 4}, {'J01': 6}, 
4235.0, {'J01': -49.60000000000001, 'top_mgr': 6}, {'J01': 4}, {'J01': 7}, 
4240.0, {'J01': -56.4, 'top_mgr': 2}, {'J01': 3}, {'J01': 7}, 
4245.0, {'J01': -26.400000000000002, 'top_mgr': 4}, {'J01': 3}, {'J01': 7}, 
4250.0, {'J01': -36.4, 'top_mgr': 3}, {'J01': 4}, {'J01': 11}, 
4255.0, {'J01': -55.800000000000004, 'top_mgr': 2}, {'J01': 3}, {'J01': 12}, 
4260.0, {'J01': -66.60000000000001, 'top_mgr': 6}, {'J01': 4}, {'J01': 11}, 
4265.0, {'J01': -59.0, 'top_mgr': 4}, {'J01': 4}, {'J01': 8}, 
4270.0, {'J01': -78.0, 'top_mgr': 3}, {'J01': 4}, {'J01': 10}, 
4275.0, {'J01': -91.00000000000001, 'top_mgr': 2}, {'J01': 4}, {'J01': 8}, 
4280.0, {'J01': -110.60000000000001, 'top_mgr': 2}, {'J01': 4}, {'J01': 10}, 
4285.0, {'J01': -134.2, 'top_mgr': 2}, {'J01': 4}, {'J01': 15}, 
4290.0, {'J01': -107.0, 'top_mgr': 4}, {'J01': 7}, {'J01': 18}, 
4295.0, {'J01': -56.6, 'top_mgr': 4}, {'J01': 8}, {'J01': 21}, 
4300.0, {'J01': -71.19999999999999, 'top_mgr': 2}, {'J01': 7}, {'J01': 22}, 
4305.0, {'J01': -78.0, 'top_mgr': 6}, {'J01': 4}, {'J01': 17}, 
4310.0, {'J01': -94.6, 'top_mgr': 4}, {'J01': 4}, {'J01': 14}, 
4315.0, {'J01': -74.0, 'top_mgr': 5}, {'J01': 4}, {'J01': 10}, 
4320.0, {'J01': -91.0, 'top_mgr': 5}, {'J01': 4}, {'J01': 11}, 
4325.0, {'J01': -103.60000000000002, 'top_mgr': 3}, {'J01': 4}, {'J01': 12}, 
4330.0, {'J01': -118.60000000000002, 'top_mgr': 3}, {'J01': 3}, {'J01': 13}, 
4335.0, {'J01': -86.0, 'top_mgr': 4}, {'J01': 6}, {'J01': 15}, 
4340.0, {'J01': -89.00000000000001, 'top_mgr': 2}, {'J01': 8}, {'J01': 20}, 
4345.0, {'J01': -84.60000000000001, 'top_mgr': 3}, {'J01': 7}, {'J01': 20}, 
4350.0, {'J01': -91.2, 'top_mgr': 6}, {'J01': 4}, {'J01': 15}, 
4355.0, {'J01': -102.6, 'top_mgr': 4}, {'J01': 4}, {'J01': 12}, 
4360.0, {'J01': -87.4, 'top_mgr': 5}, {'J01': 4}, {'J01': 8}, 
4365.0, {'J01': -107.0, 'top_mgr': 2}, {'J01': 4}, {'J01': 10}, 
4370.0, {'J01': -71.2, 'top_mgr': 2}, {'J01': 4}, {'J01': 13}, 
4375.0, {'J01': -94.60000000000001, 'top_mgr': 0}, {'J01': 6}, {'J01': 19}, 
4380.0, {'J01': -80.0, 'top_mgr': 3}, {'J01': 8}, {'J01': 20}, 
4385.0, {'J01': -96.0, 'top_mgr': 1}, {'J01': 8}, {'J01': 20}, 
4390.0, {'J01': -109.4, 'top_mgr': 2}, {'J01': 7}, {'J01': 20}, 
4395.0, {'J01': -115.80000000000001, 'top_mgr': 6}, {'J01': 4}, {'J01': 15}, 
4400.0, {'J01': -125.20000000000002, 'top_mgr': 4}, {'J01': 4}, {'J01': 11}, 
4405.0, {'J01': -97.4, 'top_mgr': 6}, {'J01': 4}, {'J01': 7}, 
4410.0, {'J01': -109.4, 'top_mgr': 4}, {'J01': 4}, {'J01': 7}, 
4415.0, {'J01': -116.4, 'top_mgr': 4}, {'J01': 3}, {'J01': 7}, 
4420.0, {'J01': -95.2, 'top_mgr': 3}, {'J01': 2}, {'J01': 7}, 
4425.0, {'J01': -79.80000000000001, 'top_mgr': 1}, {'J01': 3}, {'J01': 8}, 
4430.0, {'J01': -65.0, 'top_mgr': 3}, {'J01': 4}, {'J01': 12}, 
4435.0, {'J01': -44.2, 'top_mgr': 4}, {'J01': 7}, {'J01': 15}, 
4440.0, {'J01': -47.20000000000001, 'top_mgr': 4}, {'J01': 7}, {'J01': 18}, 
4445.0, {'J01': -61.20000000000001, 'top_mgr': 1}, {'J01': 7}, {'J01': 20}, 
4450.0, {'J01': -70.6, 'top_mgr': 3}, {'J01': 6}, {'J01': 19}, 
4455.0, {'J01': -77.0, 'top_mgr': 6}, {'J01': 4}, {'J01': 13}, 
4460.0, {'J01': -87.80000000000001, 'top_mgr': 4}, {'J01': 4}, {'J01': 10}, 
4465.0, {'J01': -66.80000000000001, 'top_mgr': 5}, {'J01': 4}, {'J01': 8}, 
4470.0, {'J01': -82.80000000000001, 'top_mgr': 5}, {'J01': 4}, {'J01': 8}, 
4475.0, {'J01': -98.80000000000001, 'top_mgr': 4}, {'J01': 4}, {'J01': 8}, 
4480.0, {'J01': -109.8, 'top_mgr': 4}, {'J01': 3}, {'J01': 9}, 
4485.0, {'J01': -67.2, 'top_mgr': 4}, {'J01': 3}, {'J01': 9}, 
4490.0, {'J01': -89.2, 'top_mgr': 3}, {'J01': 6}, {'J01': 15}, 
4495.0, {'J01': -88.6, 'top_mgr': 2}, {'J01': 8}, {'J01': 20}, 
4500.0, {'J01': -87.60000000000001, 'top_mgr': 3}, {'J01': 7}, {'J01': 19}, 
4505.0, {'J01': -95.2, 'top_mgr': 6}, {'J01': 4}, {'J01': 15}, 
4510.0, {'J01': -104.40000000000002, 'top_mgr': 4}, {'J01': 4}, {'J01': 11}, 
4515.0, {'J01': -87.2, 'top_mgr': 6}, {'J01': 4}, {'J01': 8}, 
4520.0, {'J01': -103.20000000000002, 'top_mgr': 4}, {'J01': 4}, {'J01': 8}, 
4525.0, {'J01': -111.60000000000001, 'top_mgr': 4}, {'J01': 3}, {'J01': 7}, 
4530.0, {'J01': -86.6, 'top_mgr': 4}, {'J01': 3}, {'J01': 9}, 
4535.0, {'J01': -110.6, 'top_mgr': 3}, {'J01': 5}, {'J01': 13}, 
4540.0, {'J01': -52.400000000000006, 'top_mgr': 3}, {'J01': 8}, {'J01': 19}, 
4545.0, {'J01': -61.00000000000001, 'top_mgr': 4}, {'J01': 8}, {'J01': 17}, 
4550.0, {'J01': -70.19999999999999, 'top_mgr': 2}, {'J01': 7}, {'J01': 17}, 
4555.0, {'J01': -86.0, 'top_mgr': 3}, {'J01': 6}, {'J01': 17}, 
4560.0, {'J01': -92.4, 'top_mgr': 5}, {'J01': 4}, {'J01': 13}, 
4565.0, {'J01': -106.0, 'top_mgr': 4}, {'J01': 4}, {'J01': 9}, 
4570.0, {'J01': -74.4, 'top_mgr': 6}, {'J01': 4}, {'J01': 7}, 
4575.0, {'J01': -52.0, 'top_mgr': 1}, {'J01': 4}, {'J01': 8}, 
4580.0, {'J01': -73.0, 'top_mgr': 2}, {'J01': 4}, {'J01': 13}, 
4585.0, {'J01': -86.6, 'top_mgr': 2}, {'J01': 7}, {'J01': 17}, 
4590.0, {'J01': -75.0, 'top_mgr': 2}, {'J01': 8}, {'J01': 19}, 
4595.0, {'J01': -81.2, 'top_mgr': 2}, {'J01': 8}, {'J01': 17}, 
4600.0, {'J01': -61.8, 'top_mgr': 2}, {'J01': 8}, {'J01': 18}, 
4605.0, {'J01': -71.2, 'top_mgr': 3}, {'J01': 7}, {'J01': 19}, 
4610.0, {'J01': -85.2, 'top_mgr': 1}, {'J01': 6}, {'J01': 18}, 
4615.0, {'J01': -95.6, 'top_mgr': 2}, {'J01': 5}, {'J01': 16}, 
4620.0, {'J01': -97.39999999999999, 'top_mgr': 6}, {'J01': 4}, {'J01': 10}, 
4625.0, {'J01': -47.6, 'top_mgr': 4}, {'J01': 4}, {'J01': 6}, 
4630.0, {'J01': -55.6, 'top_mgr': 5}, {'J01': 4}, {'J01': 6}, 
4635.0, {'J01': -67.2, 'top_mgr': 1}, {'J01': 4}, {'J01': 8}, 
4640.0, {'J01': -79.8, 'top_mgr': 3}, {'J01': 4}, {'J01': 11}, 
4645.0, {'J01': -36.400000000000006, 'top_mgr': 3}, {'J01': 6}, {'J01': 14}, 
4650.0, {'J01': -53.400000000000006, 'top_mgr': 2}, {'J01': 8}, {'J01': 19}, 
4655.0, {'J01': -59.6, 'top_mgr': 3}, {'J01': 7}, {'J01': 19}, 
4660.0, {'J01': -79.0, 'top_mgr': 2}, {'J01': 6}, {'J01': 20}, 
4665.0, {'J01': -85.60000000000001, 'top_mgr': 6}, {'J01': 4}, {'J01': 15}, 
4670.0, {'J01': -94.60000000000001, 'top_mgr': 4}, {'J01': 4}, {'J01': 11}, 
4675.0, {'J01': -63.80000000000001, 'top_mgr': 5}, {'J01': 4}, {'J01': 9}, 
4680.0, {'J01': -75.00000000000001, 'top_mgr': 2}, {'J01': 4}, {'J01': 8}, 
4685.0, {'J01': -93.00000000000001, 'top_mgr': 6}, {'J01': 4}, {'J01': 10}, 
4690.0, {'J01': -91.60000000000001, 'top_mgr': 6}, {'J01': 3}, {'J01': 8}, 
4695.0, {'J01': -53.800000000000004, 'top_mgr': 4}, {'J01': 3}, {'J01': 8}, 
4700.0, {'J01': -46.6, 'top_mgr': 2}, {'J01': 6}, {'J01': 15}, 
4705.0, {'J01': -55.2, 'top_mgr': 1}, {'J01': 8}, {'J01': 21}, 
4710.0, {'J01': -63.800000000000004, 'top_mgr': 2}, {'J01': 7}, {'J01': 20}, 
4715.0, {'J01': -68.6, 'top_mgr': 4}, {'J01': 5}, {'J01': 16}, 
4720.0, {'J01': -70.80000000000001, 'top_mgr': 6}, {'J01': 4}, {'J01': 10}, 
4725.0, {'J01': -47.6, 'top_mgr': 4}, {'J01': 4}, {'J01': 6}, 
4730.0, {'J01': -57.2, 'top_mgr': 4}, {'J01': 4}, {'J01': 7}, 
4735.0, {'J01': -66.8, 'top_mgr': 3}, {'J01': 4}, {'J01': 8}, 
4740.0, {'J01': -45.60000000000001, 'top_mgr': 4}, {'J01': 3}, {'J01': 8}, 
4745.0, {'J01': -29.200000000000003, 'top_mgr': 2}, {'J01': 6}, {'J01': 12}, 
4750.0, {'J01': -44.2, 'top_mgr': 2}, {'J01': 8}, {'J01': 18}, 
4755.0, {'J01': -54.6, 'top_mgr': 2}, {'J01': 7}, {'J01': 19}, 
4760.0, {'J01': -57.2, 'top_mgr': 6}, {'J01': 4}, {'J01': 14}, 
4765.0, {'J01': -69.6, 'top_mgr': 2}, {'J01': 4}, {'J01': 12}, 
4770.0, {'J01': -85.60000000000001, 'top_mgr': 2}, {'J01': 4}, {'J01': 13}, 
4775.0, {'J01': -67.2, 'top_mgr': 6}, {'J01': 4}, {'J01': 10}, 
4780.0, {'J01': -87.2, 'top_mgr': 4}, {'J01': 4}, {'J01': 10}, 
4785.0, {'J01': -71.60000000000001, 'top_mgr': 7}, {'J01': 3}, {'J01': 7}, 
4790.0, {'J01': -33.2, 'top_mgr': 4}, {'J01': 3}, {'J01': 7}, 
4795.0, {'J01': -54.6, 'top_mgr': 2}, {'J01': 6}, {'J01': 15}, 
4800.0, {'J01': -55.0, 'top_mgr': 1}, {'J01': 8}, {'J01': 21}, 
4805.0, {'J01': -72.0, 'top_mgr': 0}, {'J01': 8}, {'J01': 22}, 
4810.0, {'J01': -76.0, 'top_mgr': 4}, {'J01': 6}, {'J01': 18}, 
4815.0, {'J01': -81.19999999999999, 'top_mgr': 4}, {'J01': 4}, {'J01': 14}, 
4820.0, {'J01': -83.6, 'top_mgr': 6}, {'J01': 4}, {'J01': 8}, 
4825.0, {'J01': -55.400000000000006, 'top_mgr': 4}, {'J01': 4}, {'J01': 6}, 
4830.0, {'J01': -66.8, 'top_mgr': 4}, {'J01': 4}, {'J01': 8}, 
4835.0, {'J01': -79.60000000000001, 'top_mgr': 3}, {'J01': 4}, {'J01': 9}, 
4840.0, {'J01': -86.80000000000001, 'top_mgr': 3}, {'J01': 3}, {'J01': 11}, 
4845.0, {'J01': -34.2, 'top_mgr': 4}, {'J01': 6}, {'J01': 13}, 
4850.0, {'J01': -51.2, 'top_mgr': 3}, {'J01': 8}, {'J01': 18}, 
4855.0, {'J01': -59.800000000000004, 'top_mgr': 4}, {'J01': 7}, {'J01': 20}, 
4860.0, {'J01': -73.6, 'top_mgr': 3}, {'J01': 6}, {'J01': 18}, 
4865.0, {'J01': -83.0, 'top_mgr': 5}, {'J01': 4}, {'J01': 13}, 
4870.0, {'J01': -89.19999999999999, 'top_mgr': 4}, {'J01': 4}, {'J01': 9}, 
4875.0, {'J01': -68.4, 'top_mgr': 5}, {'J01': 4}, {'J01': 7}, 
4880.0, {'J01': -75.80000000000001, 'top_mgr': 2}, {'J01': 3}, {'J01': 8}, 
4885.0, {'J01': -67.60000000000001, 'top_mgr': 3}, {'J01': 3}, {'J01': 9}, 
4890.0, {'J01': -89.60000000000001, 'top_mgr': 1}, {'J01': 6}, {'J01': 15}, 
4895.0, {'J01': -101.20000000000002, 'top_mgr': 2}, {'J01': 7}, {'J01': 17}, 
4900.0, {'J01': -71.6, 'top_mgr': 4}, {'J01': 6}, {'J01': 13}, 
4905.0, {'J01': -39.0, 'top_mgr': 3}, {'J01': 5}, {'J01': 11}, 
4910.0, {'J01': -45.400000000000006, 'top_mgr': 4}, {'J01': 3}, {'J01': 8}, 
4915.0, {'J01': -10.200000000000001, 'top_mgr': 6}, {'J01': 2}, {'J01': 2}, 
4920.0, {'J01': -14.200000000000001, 'top_mgr': 4}, {'J01': 2}, {'J01': 2}, 
4925.0, {'J01': -18.2, 'top_mgr': 4}, {'J01': 2}, {'J01': 2}, 
4930.0, {'J01': -23.800000000000004, 'top_mgr': 6}, {'J01': 2}, {'J01': 3}, 
4935.0, {'J01': -30.000000000000004, 'top_mgr': 1}, {'J01': 2}, {'J01': 4}, 
4940.0, {'J01': -46.0, 'top_mgr': 0}, {'J01': 3}, {'J01': 8}, 
4945.0, {'J01': -47.400000000000006, 'top_mgr': 3}, {'J01': 2}, {'J01': 5}, 
4950.0, {'J01': -38.2, 'top_mgr': 5}, {'J01': 2}, {'J01': 2}, 
4955.0, {'J01': -42.2, 'top_mgr': 4}, {'J01': 2}, {'J01': 2}, 
4960.0, {'J01': -46.2, 'top_mgr': 6}, {'J01': 2}, {'J01': 2}, 
4965.0, {'J01': -54.60000000000001, 'top_mgr': 0}, {'J01': 2}, {'J01': 4}, 
4970.0, {'J01': -68.4, 'top_mgr': 1}, {'J01': 4}, {'J01': 9}, 
4975.0, {'J01': -17.6, 'top_mgr': 5}, {'J01': 3}, {'J01': 7}, 
4980.0, {'J01': -17.2, 'top_mgr': 4}, {'J01': 2}, {'J01': 4}, 
4985.0, {'J01': -29.200000000000003, 'top_mgr': 4}, {'J01': 2}, {'J01': 4}, 
4990.0, {'J01': -14.8, 'top_mgr': 6}, {'J01': 2}, {'J01': 2}, 
4995.0, {'J01': -22.6, 'top_mgr': 2}, {'J01': 2}, {'J01': 4}, 
5000.0, {'J01': -38.6, 'top_mgr': 0}, {'J01': 3}, {'J01': 8}, 
5005.0, {'J01': -54.60000000000001, 'top_mgr': 1}, {'J01': 7}, {'J01': 15}, 
5010.0, {'J01': -39.800000000000004, 'top_mgr': 3}, {'J01': 7}, {'J01': 16}, 
5015.0, {'J01': -42.400000000000006, 'top_mgr': 6}, {'J01': 4}, {'J01': 11}, 
5020.0, {'J01': -49.6, 'top_mgr': 4}, {'J01': 2}, {'J01': 7}, 
5025.0, {'J01': -43.2, 'top_mgr': 3}, {'J01': 2}, {'J01': 4}, 
5030.0, {'J01': -59.2, 'top_mgr': 0}, {'J01': 3}, {'J01': 8}, 
5035.0, {'J01': -37.2, 'top_mgr': 2}, {'J01': 2}, {'J01': 6}, 
5040.0, {'J01': -26.8, 'top_mgr': 6}, {'J01': 2}, {'J01': 2}, 
5045.0, {'J01': -30.8, 'top_mgr': 4}, {'J01': 2}, {'J01': 2}, 
5050.0, {'J01': -37.800000000000004, 'top_mgr': 2}, {'J01': 2}, {'J01': 4}, 
5055.0, {'J01': -38.800000000000004, 'top_mgr': 2}, {'J01': 2}, {'J01': 2}, 
5060.0, {'J01': -44.8, 'top_mgr': 3}, {'J01': 1}, {'J01': 4}, 
5065.0, {'J01': -23.400000000000002, 'top_mgr': 1}, {'J01': 4}, {'J01': 8}, 
5070.0, {'J01': -42.400000000000006, 'top_mgr': 1}, {'J01': 7}, {'J01': 15}, 
5075.0, {'J01': -48.0, 'top_mgr': 2}, {'J01': 7}, {'J01': 15}, 
5080.0, {'J01': -46.2, 'top_mgr': 6}, {'J01': 4}, {'J01': 9}, 
5085.0, {'J01': -51.400000000000006, 'top_mgr': 4}, {'J01': 2}, {'J01': 5}, 
5090.0, {'J01': -27.0, 'top_mgr': 5}, {'J01': 1}, {'J01': 1}, 
5095.0, {'J01': -32.0, 'top_mgr': 5}, {'J01': 2}, {'J01': 2}, 
5100.0, {'J01': -8.8, 'top_mgr': 2}, {'J01': 1}, {'J01': 3}, 
5105.0, {'J01': -0.0, 'top_mgr': 4}, {'J01': 0}, {'J01': 0}, 
5110.0, {'J01': -0.0, 'top_mgr': 5}, {'J01': 0}, {'J01': 0}, 
5115.0, {'J01': -3.1999999999999997, 'top_mgr': 2}, {'J01': 1}, {'J01': 2}, 
5120.0, {'J01': -16.200000000000003, 'top_mgr': 0}, {'J01': 4}, {'J01': 7}, 
5125.0, {'J01': -30.200000000000003, 'top_mgr': 0}, {'J01': 7}, {'J01': 13}, 
5130.0, {'J01': -34.2, 'top_mgr': 2}, {'J01': 7}, {'J01': 15}, 
5135.0, {'J01': -33.2, 'top_mgr': 6}, {'J01': 4}, {'J01': 10}, 
5140.0, {'J01': -36.6, 'top_mgr': 4}, {'J01': 2}, {'J01': 6}, 
5145.0, {'J01': -14.600000000000001, 'top_mgr': 5}, {'J01': 2}, {'J01': 2}, 
5150.0, {'J01': -18.6, 'top_mgr': 5}, {'J01': 2}, {'J01': 2}, 
5155.0, {'J01': -21.4, 'top_mgr': 2}, {'J01': 1}, {'J01': 3}, 
5160.0, {'J01': -17.8, 'top_mgr': 1}, {'J01': 4}, {'J01': 8}, 
5165.0, {'J01': -22.200000000000003, 'top_mgr': 2}, {'J01': 4}, {'J01': 7}, 
5170.0, {'J01': -21.200000000000003, 'top_mgr': 3}, {'J01': 3}, {'J01': 4}, 
5175.0, {'J01': -14.200000000000001, 'top_mgr': 2}, {'J01': 2}, {'J01': 2}, 
5180.0, {'J01': -13.200000000000001, 'top_mgr': 6}, {'J01': 1}, {'J01': 1}, 
5185.0, {'J01': -0.0, 'top_mgr': 4}, {'J01': 0}, {'J01': 0}, 
5190.0, {'J01': -0.0, 'top_mgr': 6}, {'J01': 0}, {'J01': 0}, 
5195.0, {'J01': -0.0, 'top_mgr': 4}, {'J01': 0}, {'J01': 0}, 
5200.0, {'J01': -4.4, 'top_mgr': 2}, {'J01': 1}, {'J01': 3}, 
5205.0, {'J01': -5.6000000000000005, 'top_mgr': 3}, {'J01': 1}, {'J01': 1}, 
5210.0, {'J01': -10.6, 'top_mgr': 5}, {'J01': 2}, {'J01': 2}, 
5215.0, {'J01': -2.6, 'top_mgr': 4}, {'J01': 1}, {'J01': 2}, 
5220.0, {'J01': -14.600000000000001, 'top_mgr': 2}, {'J01': 3}, {'J01': 6}, 
5225.0, {'J01': -14.0, 'top_mgr': 3}, {'J01': 2}, {'J01': 4}, 
5230.0, {'J01': -0.0, 'top_mgr': 6}, {'J01': 0}, {'J01': 0}, 
5235.0, {'J01': -0.0, 'top_mgr': 4}, {'J01': 0}, {'J01': 0}, 
5240.0, {'J01': -0.0, 'top_mgr': 5}, {'J01': 0}, {'J01': 0}, 
5245.0, {'J01': -0.0, 'top_mgr': 5}, {'J01': 0}, {'J01': 0}, 
5250.0, {'J01': -0.0, 'top_mgr': 4}, {'J01': 0}, {'J01': 0}, 
5255.0, {'J01': -2.8000000000000003, 'top_mgr': 4}, {'J01': 1}, {'J01': 2}, 
5260.0, {'J01': -13.8, 'top_mgr': 1}, {'J01': 3}, {'J01': 5}, 
5265.0, {'J01': -12.6, 'top_mgr': 2}, {'J01': 2}, {'J01': 3}, 
5270.0, {'J01': -0.0, 'top_mgr': 6}, {'J01': 0}, {'J01': 0}, 
5275.0, {'J01': -0.0, 'top_mgr': 4}, {'J01': 0}, {'J01': 0}, 
5280.0, {'J01': -3.0, 'top_mgr': 2}, {'J01': 1}, {'J01': 2}, 
5285.0, {'J01': -15.000000000000002, 'top_mgr': 0}, {'J01': 3}, {'J01': 6}, 
5290.0, {'J01': -12.6, 'top_mgr': 3}, {'J01': 2}, {'J01': 3}, 
5295.0, {'J01': -0.0, 'top_mgr': 5}, {'J01': 0}, {'J01': 0}, 
5300.0, {'J01': -0.0, 'top_mgr': 4}, {'J01': 0}, {'J01': 0}, 
5305.0, {'J01': -0.0, 'top_mgr': 5}, {'J01': 0}, {'J01': 0}, 
5310.0, {'J01': -3.0, 'top_mgr': 5}, {'J01': 1}, {'J01': 1}, 
5315.0, {'J01': -2.4000000000000004, 'top_mgr': 3}, {'J01': 1}, {'J01': 2}, 
5320.0, {'J01': -13.399999999999999, 'top_mgr': 0}, {'J01': 3}, {'J01': 5}, 
5325.0, {'J01': -7.0, 'top_mgr': 3}, {'J01': 2}, {'J01': 2}, 
5330.0, {'J01': -11.0, 'top_mgr': 1}, {'J01': 1}, {'J01': 2}, 
5335.0, {'J01': -0.0, 'top_mgr': 2}, {'J01': 0}, {'J01': 0}, 
5340.0, {'J01': -3.4000000000000004, 'top_mgr': 2}, {'J01': 1}, {'J01': 2}, 
5345.0, {'J01': -0.0, 'top_mgr': 2}, {'J01': 0}, {'J01': 0}, 
5350.0, {'J01': -3.4000000000000004, 'top_mgr': 2}, {'J01': 1}, {'J01': 2}, 
5355.0, {'J01': -0.0, 'top_mgr': 3}, {'J01': 0}, {'J01': 0}, 
5360.0, {'J01': -0.0, 'top_mgr': 5}, {'J01': 0}, {'J01': 0}, 
5365.0, {'J01': -0.0, 'top_mgr': 4}, {'J01': 0}, {'J01': 0}, 
5370.0, {'J01': -2.8000000000000003, 'top_mgr': 2}, {'J01': 1}, {'J01': 2}, 
5375.0, {'J01': -0.0, 'top_mgr': 2}, {'J01': 0}, {'J01': 0}, 
5380.0, {'J01': -0.0, 'top_mgr': 6}, {'J01': 0}, {'J01': 0}, 
5385.0, {'J01': -0.0, 'top_mgr': 4}, {'J01': 0}, {'J01': 0}, 
5390.0, {'J01': -1.6, 'top_mgr': 4}, {'J01': 1}, {'J01': 1}, 
5395.0, {'J01': -5.6000000000000005, 'top_mgr': 6}, {'J01': 1}, {'J01': 1}, 
5400.0, {'J01': -9.6, 'top_mgr': 4}, {'J01': 1}, {'J01': 1}, 
